name,activities,automotive,confidence,cycling,device_id,device_label,label,running,stationary,timestamp,unknown,walking
plugin_ios_activity_recognition,"[""stationary""]",0,2,0,4ae192f8-8fd0-49b8-a635-d006bd10ed27,19HL,,0,1,1599696010056,0,0
plugin_ios_activity_recognition,"[""walking""]",0,2,0,4ae192f8-8fd0-49b8-a635-d006bd10ed27,19HL,,0,0,1599696011651,0,1
plugin_ios_activity_recognition,,0,2,0,4ae192f8-8fd0-49b8-a635-d006bd10ed27,19HL,,0,0,1599696023526,0,0
plugin_ios_activity_recognition,"[""stationary""]",0,2,0,4ae192f8-8fd0-49b8-a635-d006bd10ed27,19HL,,0,1,1599696042658,0,0
plugin_ios_activity_recognition,,0,2,0,4ae192f8-8fd0-49b8-a635-d006bd10ed27,19HL,,0,0,1599696093399,0,0
plugin_ios_activity_recognition,"[""stationary""]",0,2,0,4ae192f8-8fd0-49b8-a635-d006bd10ed27,19HL,,0,1,1599696098512,0,0
plugin_ios_activity_recognition,,0,2,0,4ae192f8-8fd0-49b8-a635-d006bd10ed27,19HL,,0,0,1599696101686,0,0
plugin_ios_activity_recognition,"[""stationary""]",0,2,0,4ae192f8-8fd0-49b8-a635-d006bd10ed27,19HL,,0,1,1599696106470,0,0
plugin_ios_activity_recognition,,0,2,0,4ae192f8-8fd0-49b8-a635-d006bd10ed27,19HL,,0,0,1599696149255,0,0
plugin_ios_activity_recognition,"[""stationary""]",0,2,0,4ae192f8-8fd0-49b8-a635-d006bd10ed27,19HL,,0,1,1599696152758,0,0
plugin_ios_activity_recognition,,0,2,0,4ae192f8-8fd0-49b8-a635-d006bd10ed27,19HL,,0,0,1599696154352,0,0
plugin_ios_activity_recognition,"[""stationary""]",0,2,0,4ae192f8-8fd0-49b8-a635-d006bd10ed27,19HL,,0,1,1599696166513,0,0
plugin_ios_activity_recognition,,0,2,0,4ae192f8-8fd0-49b8-a635-d006bd10ed27,19HL,,0,0,1599696182096,0,0
plugin_ios_activity_recognition,"[""stationary""]",0,2,0,4ae192f8-8fd0-49b8-a635-d006bd10ed27,19HL,,0,1,1599696189501,0,0
plugin_ios_activity_recognition,,0,2,0,4ae192f8-8fd0-49b8-a635-d006bd10ed27,19HL,,0,0,1599696194884,0,0
plugin_ios_activity_recognition,"[""stationary""]",0,2,0,4ae192f8-8fd0-49b8-a635-d006bd10ed27,19HL,,0,1,1599696212492,0,0
plugin_ios_activity_recognition,,0,2,0,4ae192f8-8fd0-49b8-a635-d006bd10ed27,19HL,,0,0,1599696217241,0,0
plugin_ios_activity_recognition,"[""stationary""]",0,2,0,4ae192f8-8fd0-49b8-a635-d006bd10ed27,19HL,,0,1,1599696224898,0,0
plugin_ios_activity_recognition,,0,2,0,4ae192f8-8fd0-49b8-a635-d006bd10ed27,19HL,,0,0,1599696227797,0,0
plugin_ios_activity_recognition,"[""stationary""]",0,2,0,4ae192f8-8fd0-49b8-a635-d006bd10ed27,19HL,,0,1,1599696252049,0,0
plugin_ios_activity_recognition,,0,2,0,4ae192f8-8fd0-49b8-a635-d006bd10ed27,19HL,,0,0,1599696253010,0,0
plugin_ios_activity_recognition,"[""stationary""]",0,2,0,4ae192f8-8fd0-49b8-a635-d006bd10ed27,19HL,,0,1,1599696284317,0,0
plugin_ios_activity_recognition,,0,2,0,4ae192f8-8fd0-49b8-a635-d006bd10ed27,19HL,,0,0,1599696302811,0,0
plugin_ios_activity_recognition,"[""stationary""]",0,2,0,4ae192f8-8fd0-49b8-a635-d006bd10ed27,19HL,,0,1,1599696308571,0,0
plugin_ios_activity_recognition,,0,2,0,4ae192f8-8fd0-49b8-a635-d006bd10ed27,19HL,,0,0,1599696312132,0,0
plugin_ios_activity_recognition,,0,2,0,4ae192f8-8fd0-49b8-a635-d006bd10ed27,19HL,supplement,0,0,1599696492132,0,0
plugin_ios_activity_recognition,"[""walking""]",0,1,0,4ae192f8-8fd0-49b8-a635-d006bd10ed27,19HL,,0,0,1599696514557,0,1
plugin_ios_activity_recognition,"[""walking""]",0,2,0,4ae192f8-8fd0-49b8-a635-d006bd10ed27,19HL,,0,0,1599696519310,0,1
plugin_ios_activity_recognition,"[""stationary""]",0,2,0,4ae192f8-8fd0-49b8-a635-d006bd10ed27,19HL,,0,1,1599696524806,0,0
plugin_ios_activity_recognition,,0,2,0,4ae192f8-8fd0-49b8-a635-d006bd10ed27,19HL,,0,0,1599696527643,0,0
plugin_ios_activity_recognition,"[""walking""]",0,1,0,4ae192f8-8fd0-49b8-a635-d006bd10ed27,19HL,,0,0,1599696540192,0,1
plugin_ios_activity_recognition,"[""walking""]",0,2,0,4ae192f8-8fd0-49b8-a635-d006bd10ed27,19HL,,0,0,1599696581806,0,1
plugin_ios_activity_recognition,"[""stationary""]",0,2,0,4ae192f8-8fd0-49b8-a635-d006bd10ed27,19HL,,0,1,1599696608373,0,0
plugin_ios_activity_recognition,"[""walking""]",0,2,0,4ae192f8-8fd0-49b8-a635-d006bd10ed27,19HL,,0,0,1599696616354,0,1
plugin_ios_activity_recognition,,0,2,0,4ae192f8-8fd0-49b8-a635-d006bd10ed27,19HL,,0,0,1599696632419,0,0
plugin_ios_activity_recognition,,0,2,0,4ae192f8-8fd0-49b8-a635-d006bd10ed27,19HL,supplement,0,0,1599696672132,0,0
plugin_ios_activity_recognition,"[""walking""]",0,1,0,4ae192f8-8fd0-49b8-a635-d006bd10ed27,19HL,,0,0,1599696698970,0,1
plugin_ios_activity_recognition,"[""walking""]",0,2,0,4ae192f8-8fd0-49b8-a635-d006bd10ed27,19HL,,0,0,1599696711785,0,1
plugin_ios_activity_recognition,"[""stationary""]",0,2,0,4ae192f8-8fd0-49b8-a635-d006bd10ed27,19HL,,0,1,1599696755279,0,0
plugin_ios_activity_recognition,"[""walking""]",0,2,0,4ae192f8-8fd0-49b8-a635-d006bd10ed27,19HL,,0,0,1599696756831,0,1
plugin_ios_activity_recognition,,0,2,0,4ae192f8-8fd0-49b8-a635-d006bd10ed27,19HL,,0,0,1599696762962,0,0
plugin_ios_activity_recognition,"[""walking""]",0,1,0,4ae192f8-8fd0-49b8-a635-d006bd10ed27,19HL,,0,0,1599696778345,0,1
plugin_ios_activity_recognition,"[""walking""]",0,2,0,4ae192f8-8fd0-49b8-a635-d006bd10ed27,19HL,,0,0,1599696786951,0,1
plugin_ios_activity_recognition,"[""stationary""]",0,2,0,4ae192f8-8fd0-49b8-a635-d006bd10ed27,19HL,,0,1,1599696817316,0,0
plugin_ios_activity_recognition,"[""walking""]",0,2,0,4ae192f8-8fd0-49b8-a635-d006bd10ed27,19HL,,0,0,1599696819267,0,1
plugin_ios_activity_recognition,,0,2,0,4ae192f8-8fd0-49b8-a635-d006bd10ed27,19HL,,0,0,1599696840982,0,0
plugin_ios_activity_recognition,"[""stationary""]",0,2,0,4ae192f8-8fd0-49b8-a635-d006bd10ed27,19HL,,0,1,1599696846102,0,0
plugin_ios_activity_recognition,,0,2,0,4ae192f8-8fd0-49b8-a635-d006bd10ed27,19HL,,0,0,1599696846735,0,0
plugin_ios_activity_recognition,"[""stationary""]",0,2,0,4ae192f8-8fd0-49b8-a635-d006bd10ed27,19HL,,0,1,1599696884827,0,0
plugin_ios_activity_recognition,,0,2,0,4ae192f8-8fd0-49b8-a635-d006bd10ed27,19HL,,0,0,1599696886101,0,0
plugin_ios_activity_recognition,"[""stationary""]",0,2,0,4ae192f8-8fd0-49b8-a635-d006bd10ed27,19HL,,0,1,1599696957545,0,0
plugin_ios_activity_recognition,,0,2,0,4ae192f8-8fd0-49b8-a635-d006bd10ed27,19HL,,0,0,1599696963263,0,0
plugin_ios_activity_recognition,"[""walking""]",0,1,0,4ae192f8-8fd0-49b8-a635-d006bd10ed27,19HL,,0,0,1599697067688,0,1
plugin_ios_activity_recognition,"[""walking""]",0,2,0,4ae192f8-8fd0-49b8-a635-d006bd10ed27,19HL,,0,0,1599697070249,0,1
plugin_ios_activity_recognition,,0,2,0,4ae192f8-8fd0-49b8-a635-d006bd10ed27,19HL,,0,0,1599697124036,0,0
plugin_ios_activity_recognition,"[""stationary""]",0,2,0,4ae192f8-8fd0-49b8-a635-d006bd10ed27,19HL,,0,1,1599697213376,0,0
plugin_ios_activity_recognition,,0,2,0,4ae192f8-8fd0-49b8-a635-d006bd10ed27,19HL,,0,0,1599697216880,0,0
plugin_ios_activity_recognition,"[""stationary""]",0,2,0,4ae192f8-8fd0-49b8-a635-d006bd10ed27,19HL,,0,1,1599697230338,0,0
plugin_ios_activity_recognition,,0,2,0,4ae192f8-8fd0-49b8-a635-d006bd10ed27,19HL,,0,0,1599697232581,0,0
plugin_ios_activity_recognition,"[""stationary""]",0,2,0,4ae192f8-8fd0-49b8-a635-d006bd10ed27,19HL,,0,1,1599697262686,0,0
plugin_ios_activity_recognition,,0,2,0,4ae192f8-8fd0-49b8-a635-d006bd10ed27,19HL,,0,0,1599697265860,0,0
plugin_ios_activity_recognition,"[""stationary""]",0,2,0,4ae192f8-8fd0-49b8-a635-d006bd10ed27,19HL,,0,1,1599697269377,0,0
plugin_ios_activity_recognition,,0,2,0,4ae192f8-8fd0-49b8-a635-d006bd10ed27,19HL,,0,0,1599697275763,0,0
plugin_ios_activity_recognition,"[""stationary""]",0,2,0,4ae192f8-8fd0-49b8-a635-d006bd10ed27,19HL,,0,1,1599697283438,0,0
plugin_ios_activity_recognition,,0,2,0,4ae192f8-8fd0-49b8-a635-d006bd10ed27,19HL,,0,0,1599697285040,0,0
plugin_ios_activity_recognition,"[""stationary""]",0,2,0,4ae192f8-8fd0-49b8-a635-d006bd10ed27,19HL,,0,1,1599697394571,0,0
plugin_ios_activity_recognition,,0,2,0,4ae192f8-8fd0-49b8-a635-d006bd10ed27,19HL,,0,0,1599697399996,0,0
plugin_ios_activity_recognition,,0,2,0,4ae192f8-8fd0-49b8-a635-d006bd10ed27,19HL,supplement,0,0,1599697579996,0,0
plugin_ios_activity_recognition,,0,2,0,4ae192f8-8fd0-49b8-a635-d006bd10ed27,19HL,supplement,0,0,1599697759996,0,0
plugin_ios_activity_recognition,"[""walking""]",0,1,0,4ae192f8-8fd0-49b8-a635-d006bd10ed27,19HL,,0,0,1599697874678,0,1
plugin_ios_activity_recognition,"[""walking""]",0,2,0,4ae192f8-8fd0-49b8-a635-d006bd10ed27,19HL,,0,0,1599697879805,0,1
plugin_ios_activity_recognition,"[""stationary""]",0,2,0,4ae192f8-8fd0-49b8-a635-d006bd10ed27,19HL,,0,1,1599697894164,0,0
plugin_ios_activity_recognition,"[""walking""]",0,2,0,4ae192f8-8fd0-49b8-a635-d006bd10ed27,19HL,,0,0,1599697897033,0,1
plugin_ios_activity_recognition,"[""stationary""]",0,2,0,4ae192f8-8fd0-49b8-a635-d006bd10ed27,19HL,,0,1,1599697915298,0,0
plugin_ios_activity_recognition,,0,2,0,4ae192f8-8fd0-49b8-a635-d006bd10ed27,19HL,supplement,0,0,1599697939996,0,0
plugin_ios_activity_recognition,,0,2,0,4ae192f8-8fd0-49b8-a635-d006bd10ed27,19HL,,0,0,1599697943435,0,0
plugin_ios_activity_recognition,"[""stationary""]",0,2,0,4ae192f8-8fd0-49b8-a635-d006bd10ed27,19HL,,0,1,1599697961319,0,0
plugin_ios_activity_recognition,,0,2,0,4ae192f8-8fd0-49b8-a635-d006bd10ed27,19HL,,0,0,1599697964508,0,0
plugin_ios_activity_recognition,"[""stationary""]",0,2,0,4ae192f8-8fd0-49b8-a635-d006bd10ed27,19HL,,0,1,1599698058371,0,0
plugin_ios_activity_recognition,,0,2,0,4ae192f8-8fd0-49b8-a635-d006bd10ed27,19HL,,0,0,1599698068304,0,0
plugin_ios_activity_recognition,"[""stationary""]",0,2,0,4ae192f8-8fd0-49b8-a635-d006bd10ed27,19HL,,0,1,1599698081759,0,0
plugin_ios_activity_recognition,"[""stationary""]",0,2,0,4ae192f8-8fd0-49b8-a635-d006bd10ed27,19HL,supplement,0,1,1599698261759,0,0
plugin_ios_activity_recognition,,0,2,0,4ae192f8-8fd0-49b8-a635-d006bd10ed27,19HL,,0,0,1599698321868,0,0
plugin_ios_activity_recognition,"[""stationary""]",0,2,0,4ae192f8-8fd0-49b8-a635-d006bd10ed27,19HL,,0,1,1599698330194,0,0
plugin_ios_activity_recognition,,0,2,0,4ae192f8-8fd0-49b8-a635-d006bd10ed27,19HL,,0,0,1599698333072,0,0
plugin_ios_activity_recognition,"[""stationary""]",0,2,0,4ae192f8-8fd0-49b8-a635-d006bd10ed27,19HL,,0,1,1599698336587,0,0
plugin_ios_activity_recognition,,0,2,0,4ae192f8-8fd0-49b8-a635-d006bd10ed27,19HL,,0,0,1599698372347,0,0
plugin_ios_activity_recognition,"[""stationary""]",0,2,0,4ae192f8-8fd0-49b8-a635-d006bd10ed27,19HL,,0,1,1599698376507,0,0
plugin_ios_activity_recognition,,0,2,0,4ae192f8-8fd0-49b8-a635-d006bd10ed27,19HL,,0,0,1599698394727,0,0
plugin_ios_activity_recognition,"[""stationary""]",0,2,0,4ae192f8-8fd0-49b8-a635-d006bd10ed27,19HL,,0,1,1599698398567,0,0
plugin_ios_activity_recognition,,0,2,0,4ae192f8-8fd0-49b8-a635-d006bd10ed27,19HL,,0,0,1599698401771,0,0
plugin_ios_activity_recognition,"[""stationary""]",0,2,0,4ae192f8-8fd0-49b8-a635-d006bd10ed27,19HL,,0,1,1599698405926,0,0
plugin_ios_activity_recognition,"[""stationary""]",0,2,0,4ae192f8-8fd0-49b8-a635-d006bd10ed27,19HL,supplement,0,1,1599698441759,0,0
plugin_ios_activity_recognition,,0,2,0,4ae192f8-8fd0-49b8-a635-d006bd10ed27,19HL,,0,0,1599698452246,0,0
plugin_ios_activity_recognition,"[""walking""]",0,1,0,4ae192f8-8fd0-49b8-a635-d006bd10ed27,19HL,,0,0,1599698457739,0,1
plugin_ios_activity_recognition,"[""walking""]",0,2,0,4ae192f8-8fd0-49b8-a635-d006bd10ed27,19HL,,0,0,1599698465430,0,1
plugin_ios_activity_recognition,"[""stationary""]",0,2,0,4ae192f8-8fd0-49b8-a635-d006bd10ed27,19HL,,0,1,1599698518416,0,0
plugin_ios_activity_recognition,,0,2,0,4ae192f8-8fd0-49b8-a635-d006bd10ed27,19HL,,0,0,1599698520317,0,0
plugin_ios_activity_recognition,"[""walking""]",0,1,0,4ae192f8-8fd0-49b8-a635-d006bd10ed27,19HL,,0,0,1599698534446,0,1
plugin_ios_activity_recognition,"[""walking""]",0,2,0,4ae192f8-8fd0-49b8-a635-d006bd10ed27,19HL,,0,0,1599698537010,0,1
plugin_ios_activity_recognition,"[""stationary""]",0,2,0,4ae192f8-8fd0-49b8-a635-d006bd10ed27,19HL,,0,1,1599698560959,0,0
plugin_ios_activity_recognition,"[""walking""]",0,2,0,4ae192f8-8fd0-49b8-a635-d006bd10ed27,19HL,,0,0,1599698561592,0,1
plugin_ios_activity_recognition,"[""stationary""]",0,2,0,4ae192f8-8fd0-49b8-a635-d006bd10ed27,19HL,,0,1,1599698570263,0,0
plugin_ios_activity_recognition,"[""walking""]",0,2,0,4ae192f8-8fd0-49b8-a635-d006bd10ed27,19HL,,0,0,1599698582355,0,1
plugin_ios_activity_recognition,,0,2,0,4ae192f8-8fd0-49b8-a635-d006bd10ed27,19HL,,0,0,1599698588443,0,0
plugin_ios_activity_recognition,"[""stationary""]",0,2,0,4ae192f8-8fd0-49b8-a635-d006bd10ed27,19HL,,0,1,1599698593547,0,0
plugin_ios_activity_recognition,,0,2,0,4ae192f8-8fd0-49b8-a635-d006bd10ed27,19HL,,0,0,1599698596423,0,0
plugin_ios_activity_recognition,"[""stationary""]",0,2,0,4ae192f8-8fd0-49b8-a635-d006bd10ed27,19HL,,0,1,1599698621400,0,0
plugin_ios_activity_recognition,,0,2,0,4ae192f8-8fd0-49b8-a635-d006bd10ed27,19HL,,0,0,1599698623279,0,0
plugin_ios_activity_recognition,"[""stationary""]",0,2,0,4ae192f8-8fd0-49b8-a635-d006bd10ed27,19HL,,0,1,1599698710591,0,0
plugin_ios_activity_recognition,,0,2,0,4ae192f8-8fd0-49b8-a635-d006bd10ed27,19HL,,0,0,1599698713510,0,0
plugin_ios_activity_recognition,"[""stationary""]",0,2,0,4ae192f8-8fd0-49b8-a635-d006bd10ed27,19HL,,0,1,1599698728169,0,0
plugin_ios_activity_recognition,,0,2,0,4ae192f8-8fd0-49b8-a635-d006bd10ed27,19HL,,0,0,1599698739975,0,0
plugin_ios_activity_recognition,"[""stationary""]",0,2,0,4ae192f8-8fd0-49b8-a635-d006bd10ed27,19HL,,0,1,1599698745727,0,0
plugin_ios_activity_recognition,,0,2,0,4ae192f8-8fd0-49b8-a635-d006bd10ed27,19HL,,0,0,1599698746048,0,0
plugin_ios_activity_recognition,"[""stationary""]",0,2,0,4ae192f8-8fd0-49b8-a635-d006bd10ed27,19HL,,0,1,1599698761726,0,0
plugin_ios_activity_recognition,,0,2,0,4ae192f8-8fd0-49b8-a635-d006bd10ed27,19HL,,0,0,1599698768109,0,0
plugin_ios_activity_recognition,"[""stationary""]",0,2,0,4ae192f8-8fd0-49b8-a635-d006bd10ed27,19HL,,0,1,1599698772310,0,0
plugin_ios_activity_recognition,,0,2,0,4ae192f8-8fd0-49b8-a635-d006bd10ed27,19HL,,0,0,1599698781857,0,0
plugin_ios_activity_recognition,"[""stationary""]",0,2,0,4ae192f8-8fd0-49b8-a635-d006bd10ed27,19HL,,0,1,1599698788563,0,0
plugin_ios_activity_recognition,,0,2,0,4ae192f8-8fd0-49b8-a635-d006bd10ed27,19HL,,0,0,1599698792394,0,0
plugin_ios_activity_recognition,"[""stationary""]",0,2,0,4ae192f8-8fd0-49b8-a635-d006bd10ed27,19HL,,0,1,1599698811909,0,0
plugin_ios_activity_recognition,,0,2,0,4ae192f8-8fd0-49b8-a635-d006bd10ed27,19HL,,0,0,1599698839350,0,0
plugin_ios_activity_recognition,"[""stationary""]",0,2,0,4ae192f8-8fd0-49b8-a635-d006bd10ed27,19HL,,0,1,1599698849566,0,0
plugin_ios_activity_recognition,,0,2,0,4ae192f8-8fd0-49b8-a635-d006bd10ed27,19HL,,0,0,1599698853404,0,0
plugin_ios_activity_recognition,"[""stationary""]",0,2,0,4ae192f8-8fd0-49b8-a635-d006bd10ed27,19HL,,0,1,1599698856921,0,0
plugin_ios_activity_recognition,,0,2,0,4ae192f8-8fd0-49b8-a635-d006bd10ed27,19HL,,0,0,1599698859477,0,0
plugin_ios_activity_recognition,"[""stationary""]",0,2,0,4ae192f8-8fd0-49b8-a635-d006bd10ed27,19HL,,0,1,1599698868426,0,0
plugin_ios_activity_recognition,,0,2,0,4ae192f8-8fd0-49b8-a635-d006bd10ed27,19HL,,0,0,1599698894621,0,0
plugin_ios_activity_recognition,"[""stationary""]",0,2,0,4ae192f8-8fd0-49b8-a635-d006bd10ed27,19HL,,0,1,1599698911858,0,0
plugin_ios_activity_recognition,,0,2,0,4ae192f8-8fd0-49b8-a635-d006bd10ed27,19HL,,0,0,1599698921769,0,0
plugin_ios_activity_recognition,"[""stationary""]",0,2,0,4ae192f8-8fd0-49b8-a635-d006bd10ed27,19HL,,0,1,1599698930085,0,0
plugin_ios_activity_recognition,,0,2,0,4ae192f8-8fd0-49b8-a635-d006bd10ed27,19HL,,0,0,1599698934563,0,0
plugin_ios_activity_recognition,"[""stationary""]",0,2,0,4ae192f8-8fd0-49b8-a635-d006bd10ed27,19HL,,0,1,1599698946097,0,0
plugin_ios_activity_recognition,,0,2,0,4ae192f8-8fd0-49b8-a635-d006bd10ed27,19HL,,0,0,1599698949876,0,0
plugin_ios_activity_recognition,"[""stationary""]",0,2,0,4ae192f8-8fd0-49b8-a635-d006bd10ed27,19HL,,0,1,1599698980860,0,0
plugin_ios_activity_recognition,,0,2,0,4ae192f8-8fd0-49b8-a635-d006bd10ed27,19HL,,0,0,1599698983408,0,0
plugin_ios_activity_recognition,"[""stationary""]",0,2,0,4ae192f8-8fd0-49b8-a635-d006bd10ed27,19HL,,0,1,1599698991061,0,0
plugin_ios_activity_recognition,,0,2,0,4ae192f8-8fd0-49b8-a635-d006bd10ed27,19HL,,0,0,1599698992659,0,0
plugin_ios_activity_recognition,"[""stationary""]",0,2,0,4ae192f8-8fd0-49b8-a635-d006bd10ed27,19HL,,0,1,1599699001923,0,0
plugin_ios_activity_recognition,,0,2,0,4ae192f8-8fd0-49b8-a635-d006bd10ed27,19HL,,0,0,1599699004851,0,0
plugin_ios_activity_recognition,"[""stationary""]",0,2,0,4ae192f8-8fd0-49b8-a635-d006bd10ed27,19HL,,0,1,1599699059120,0,0
plugin_ios_activity_recognition,,0,2,0,4ae192f8-8fd0-49b8-a635-d006bd10ed27,19HL,,0,0,1599699060722,0,0
plugin_ios_activity_recognition,"[""stationary""]",0,2,0,4ae192f8-8fd0-49b8-a635-d006bd10ed27,19HL,,0,1,1599699087592,0,0
plugin_ios_activity_recognition,,0,2,0,4ae192f8-8fd0-49b8-a635-d006bd10ed27,19HL,,0,0,1599699089828,0,0
plugin_ios_activity_recognition,"[""stationary""]",0,2,0,4ae192f8-8fd0-49b8-a635-d006bd10ed27,19HL,,0,1,1599699138064,0,0
plugin_ios_activity_recognition,,0,2,0,4ae192f8-8fd0-49b8-a635-d006bd10ed27,19HL,,0,0,1599699138384,0,0
plugin_ios_activity_recognition,"[""stationary""]",0,2,0,4ae192f8-8fd0-49b8-a635-d006bd10ed27,19HL,,0,1,1599699187921,0,0
plugin_ios_activity_recognition,,0,2,0,4ae192f8-8fd0-49b8-a635-d006bd10ed27,19HL,,0,0,1599699198152,0,0
plugin_ios_activity_recognition,"[""stationary""]",0,2,0,4ae192f8-8fd0-49b8-a635-d006bd10ed27,19HL,,0,1,1599699209635,0,0
plugin_ios_activity_recognition,,0,2,0,4ae192f8-8fd0-49b8-a635-d006bd10ed27,19HL,,0,0,1599699228149,0,0
plugin_ios_activity_recognition,"[""stationary""]",0,2,0,4ae192f8-8fd0-49b8-a635-d006bd10ed27,19HL,,0,1,1599699259514,0,0
plugin_ios_activity_recognition,,0,2,0,4ae192f8-8fd0-49b8-a635-d006bd10ed27,19HL,,0,0,1599699264314,0,0
plugin_ios_activity_recognition,"[""stationary""]",0,2,0,4ae192f8-8fd0-49b8-a635-d006bd10ed27,19HL,,0,1,1599699278681,0,0
plugin_ios_activity_recognition,,0,2,0,4ae192f8-8fd0-49b8-a635-d006bd10ed27,19HL,,0,0,1599699308003,0,0
plugin_ios_activity_recognition,"[""stationary""]",0,2,0,4ae192f8-8fd0-49b8-a635-d006bd10ed27,19HL,,0,1,1599699311563,0,0
plugin_ios_activity_recognition,,0,2,0,4ae192f8-8fd0-49b8-a635-d006bd10ed27,19HL,,0,0,1599699320462,0,0
plugin_ios_activity_recognition,"[""stationary""]",0,2,0,4ae192f8-8fd0-49b8-a635-d006bd10ed27,19HL,,0,1,1599699330693,0,0
plugin_ios_activity_recognition,,0,2,0,4ae192f8-8fd0-49b8-a635-d006bd10ed27,19HL,,0,0,1599699344089,0,0
plugin_ios_activity_recognition,"[""stationary""]",0,2,0,4ae192f8-8fd0-49b8-a635-d006bd10ed27,19HL,,0,1,1599699355572,0,0
plugin_ios_activity_recognition,,0,2,0,4ae192f8-8fd0-49b8-a635-d006bd10ed27,19HL,,0,0,1599699358119,0,0
plugin_ios_activity_recognition,"[""stationary""]",0,2,0,4ae192f8-8fd0-49b8-a635-d006bd10ed27,19HL,,0,1,1599699368648,0,0
plugin_ios_activity_recognition,,0,2,0,4ae192f8-8fd0-49b8-a635-d006bd10ed27,19HL,,0,0,1599699370891,0,0
plugin_ios_activity_recognition,"[""stationary""]",0,2,0,4ae192f8-8fd0-49b8-a635-d006bd10ed27,19HL,,0,1,1599699376008,0,0
plugin_ios_activity_recognition,,0,2,0,4ae192f8-8fd0-49b8-a635-d006bd10ed27,19HL,,0,0,1599699379508,0,0
plugin_ios_activity_recognition,"[""stationary""]",0,2,0,4ae192f8-8fd0-49b8-a635-d006bd10ed27,19HL,,0,1,1599699409253,0,0
plugin_ios_activity_recognition,,0,2,0,4ae192f8-8fd0-49b8-a635-d006bd10ed27,19HL,,0,0,1599699413404,0,0
plugin_ios_activity_recognition,"[""stationary""]",0,2,0,4ae192f8-8fd0-49b8-a635-d006bd10ed27,19HL,,0,1,1599699417860,0,0
plugin_ios_activity_recognition,,0,2,0,4ae192f8-8fd0-49b8-a635-d006bd10ed27,19HL,,0,0,1599699421049,0,0
plugin_ios_activity_recognition,"[""stationary""]",0,2,0,4ae192f8-8fd0-49b8-a635-d006bd10ed27,19HL,,0,1,1599699426539,0,0
plugin_ios_activity_recognition,,0,2,0,4ae192f8-8fd0-49b8-a635-d006bd10ed27,19HL,,0,0,1599699437991,0,0
plugin_ios_activity_recognition,"[""stationary""]",0,2,0,4ae192f8-8fd0-49b8-a635-d006bd10ed27,19HL,,0,1,1599699444698,0,0
plugin_ios_activity_recognition,,0,2,0,4ae192f8-8fd0-49b8-a635-d006bd10ed27,19HL,,0,0,1599699445972,0,0
plugin_ios_activity_recognition,"[""stationary""]",0,2,0,4ae192f8-8fd0-49b8-a635-d006bd10ed27,19HL,,0,1,1599699453334,0,0
plugin_ios_activity_recognition,,0,2,0,4ae192f8-8fd0-49b8-a635-d006bd10ed27,19HL,,0,0,1599699461637,0,0
plugin_ios_activity_recognition,"[""stationary""]",0,2,0,4ae192f8-8fd0-49b8-a635-d006bd10ed27,19HL,,0,1,1599699468038,0,0
plugin_ios_activity_recognition,,0,2,0,4ae192f8-8fd0-49b8-a635-d006bd10ed27,19HL,,0,0,1599699473127,0,0
plugin_ios_activity_recognition,"[""stationary""]",0,2,0,4ae192f8-8fd0-49b8-a635-d006bd10ed27,19HL,,0,1,1599699480489,0,0
plugin_ios_activity_recognition,,0,2,0,4ae192f8-8fd0-49b8-a635-d006bd10ed27,19HL,,0,0,1599699493002,0,0
plugin_ios_activity_recognition,"[""stationary""]",0,2,0,4ae192f8-8fd0-49b8-a635-d006bd10ed27,19HL,,0,1,1599699497109,0,0
plugin_ios_activity_recognition,,0,2,0,4ae192f8-8fd0-49b8-a635-d006bd10ed27,19HL,,0,0,1599699528077,0,0
plugin_ios_activity_recognition,"[""stationary""]",0,2,0,4ae192f8-8fd0-49b8-a635-d006bd10ed27,19HL,,0,1,1599699546610,0,0
plugin_ios_activity_recognition,,0,2,0,4ae192f8-8fd0-49b8-a635-d006bd10ed27,19HL,,0,0,1599699571473,0,0
plugin_ios_activity_recognition,"[""stationary""]",0,2,0,4ae192f8-8fd0-49b8-a635-d006bd10ed27,19HL,,0,1,1599699593185,0,0
plugin_ios_activity_recognition,,0,2,0,4ae192f8-8fd0-49b8-a635-d006bd10ed27,19HL,,0,0,1599699598290,0,0
plugin_ios_activity_recognition,"[""stationary""]",0,2,0,4ae192f8-8fd0-49b8-a635-d006bd10ed27,19HL,,0,1,1599699613931,0,0
plugin_ios_activity_recognition,,0,2,0,4ae192f8-8fd0-49b8-a635-d006bd10ed27,19HL,,0,0,1599699628337,0,0
plugin_ios_activity_recognition,"[""stationary""]",0,2,0,4ae192f8-8fd0-49b8-a635-d006bd10ed27,19HL,,0,1,1599699645521,0,0
plugin_ios_activity_recognition,,0,2,0,4ae192f8-8fd0-49b8-a635-d006bd10ed27,19HL,,0,0,1599699648383,0,0
plugin_ios_activity_recognition,"[""stationary""]",0,2,0,4ae192f8-8fd0-49b8-a635-d006bd10ed27,19HL,,0,1,1599699662124,0,0
plugin_ios_activity_recognition,,0,2,0,4ae192f8-8fd0-49b8-a635-d006bd10ed27,19HL,,0,0,1599699688283,0,0
plugin_ios_activity_recognition,"[""stationary""]",0,2,0,4ae192f8-8fd0-49b8-a635-d006bd10ed27,19HL,,0,1,1599699714521,0,0
plugin_ios_activity_recognition,,0,2,0,4ae192f8-8fd0-49b8-a635-d006bd10ed27,19HL,,0,0,1599699721243,0,0
plugin_ios_activity_recognition,"[""stationary""]",0,2,0,4ae192f8-8fd0-49b8-a635-d006bd10ed27,19HL,,0,1,1599699732764,0,0
plugin_ios_activity_recognition,,0,2,0,4ae192f8-8fd0-49b8-a635-d006bd10ed27,19HL,,0,0,1599699747443,0,0
plugin_ios_activity_recognition,"[""stationary""]",0,2,0,4ae192f8-8fd0-49b8-a635-d006bd10ed27,19HL,,0,1,1599699751003,0,0
plugin_ios_activity_recognition,,0,2,0,4ae192f8-8fd0-49b8-a635-d006bd10ed27,19HL,,0,0,1599699751594,0,0
plugin_ios_activity_recognition,"[""stationary""]",0,2,0,4ae192f8-8fd0-49b8-a635-d006bd10ed27,19HL,,0,1,1599699760193,0,0
plugin_ios_activity_recognition,,0,2,0,4ae192f8-8fd0-49b8-a635-d006bd10ed27,19HL,,0,0,1599699773264,0,0
plugin_ios_activity_recognition,"[""stationary""]",0,2,0,4ae192f8-8fd0-49b8-a635-d006bd10ed27,19HL,,0,1,1599699782201,0,0
plugin_ios_activity_recognition,,0,2,0,4ae192f8-8fd0-49b8-a635-d006bd10ed27,19HL,,0,0,1599699785077,0,0
plugin_ios_activity_recognition,,0,2,0,4ae192f8-8fd0-49b8-a635-d006bd10ed27,19HL,supplement,0,0,1599699965077,0,0
plugin_ios_activity_recognition,"[""stationary""]",0,2,0,4ae192f8-8fd0-49b8-a635-d006bd10ed27,19HL,,0,1,1599700043570,0,0
plugin_ios_activity_recognition,,0,2,0,4ae192f8-8fd0-49b8-a635-d006bd10ed27,19HL,,0,0,1599700047407,0,0
plugin_ios_activity_recognition,"[""stationary""]",0,2,0,4ae192f8-8fd0-49b8-a635-d006bd10ed27,19HL,,0,1,1599700050909,0,0
plugin_ios_activity_recognition,,0,2,0,4ae192f8-8fd0-49b8-a635-d006bd10ed27,19HL,,0,0,1599700051863,0,0
plugin_ios_activity_recognition,"[""walking""]",0,1,0,4ae192f8-8fd0-49b8-a635-d006bd10ed27,19HL,,0,0,1599700060561,0,1
plugin_ios_activity_recognition,"[""walking""]",0,2,0,4ae192f8-8fd0-49b8-a635-d006bd10ed27,19HL,,0,0,1599700066283,0,1
plugin_ios_activity_recognition,,0,2,0,4ae192f8-8fd0-49b8-a635-d006bd10ed27,19HL,,0,0,1599700116865,0,0
plugin_ios_activity_recognition,"[""stationary""]",0,2,0,4ae192f8-8fd0-49b8-a635-d006bd10ed27,19HL,,0,1,1599700140795,0,0
plugin_ios_activity_recognition,,0,2,0,4ae192f8-8fd0-49b8-a635-d006bd10ed27,19HL,supplement,0,0,1599700145077,0,0
plugin_ios_activity_recognition,,0,2,0,4ae192f8-8fd0-49b8-a635-d006bd10ed27,19HL,,0,0,1599700149096,0,0
plugin_ios_activity_recognition,"[""stationary""]",0,2,0,4ae192f8-8fd0-49b8-a635-d006bd10ed27,19HL,,0,1,1599700158688,0,0
plugin_ios_activity_recognition,,0,2,0,4ae192f8-8fd0-49b8-a635-d006bd10ed27,19HL,,0,0,1599700159650,0,0
plugin_ios_activity_recognition,"[""stationary""]",0,2,0,4ae192f8-8fd0-49b8-a635-d006bd10ed27,19HL,,0,1,1599700262391,0,0
plugin_ios_activity_recognition,,0,2,0,4ae192f8-8fd0-49b8-a635-d006bd10ed27,19HL,,0,0,1599700263673,0,0
plugin_ios_activity_recognition,"[""walking""]",0,1,0,4ae192f8-8fd0-49b8-a635-d006bd10ed27,19HL,,0,0,1599700285783,0,1
plugin_ios_activity_recognition,"[""stationary""]",0,2,0,4ae192f8-8fd0-49b8-a635-d006bd10ed27,19HL,,0,1,1599700296930,0,0
plugin_ios_activity_recognition,"[""walking""]",0,2,0,4ae192f8-8fd0-49b8-a635-d006bd10ed27,19HL,,0,0,1599700300455,0,1
plugin_ios_activity_recognition,"[""stationary""]",0,2,0,4ae192f8-8fd0-49b8-a635-d006bd10ed27,19HL,,0,1,1599700303979,0,0
plugin_ios_activity_recognition,"[""walking""]",0,2,0,4ae192f8-8fd0-49b8-a635-d006bd10ed27,19HL,,0,0,1599700307812,0,1
plugin_ios_activity_recognition,,0,2,0,4ae192f8-8fd0-49b8-a635-d006bd10ed27,19HL,,0,0,1599700344565,0,0
plugin_ios_activity_recognition,"[""stationary""]",0,2,0,4ae192f8-8fd0-49b8-a635-d006bd10ed27,19HL,,0,1,1599700367183,0,0
plugin_ios_activity_recognition,,0,2,0,4ae192f8-8fd0-49b8-a635-d006bd10ed27,19HL,,0,0,1599700367824,0,0
plugin_ios_activity_recognition,"[""stationary""]",0,2,0,4ae192f8-8fd0-49b8-a635-d006bd10ed27,19HL,,0,1,1599700411567,0,0
plugin_ios_activity_recognition,,0,2,0,4ae192f8-8fd0-49b8-a635-d006bd10ed27,19HL,,0,0,1599700412520,0,0
plugin_ios_activity_recognition,"[""stationary""]",0,2,0,4ae192f8-8fd0-49b8-a635-d006bd10ed27,19HL,,0,1,1599700431401,0,0
plugin_ios_activity_recognition,,0,2,0,4ae192f8-8fd0-49b8-a635-d006bd10ed27,19HL,,0,0,1599700435184,0,0
plugin_ios_activity_recognition,"[""stationary""]",0,2,0,4ae192f8-8fd0-49b8-a635-d006bd10ed27,19HL,,0,1,1599700443783,0,0
plugin_ios_activity_recognition,,0,2,0,4ae192f8-8fd0-49b8-a635-d006bd10ed27,19HL,,0,0,1599700451434,0,0
plugin_ios_activity_recognition,"[""stationary""]",0,2,0,4ae192f8-8fd0-49b8-a635-d006bd10ed27,19HL,,0,1,1599700466756,0,0
plugin_ios_activity_recognition,,0,2,0,4ae192f8-8fd0-49b8-a635-d006bd10ed27,19HL,,0,0,1599700468671,0,0
plugin_ios_activity_recognition,"[""stationary""]",0,2,0,4ae192f8-8fd0-49b8-a635-d006bd10ed27,19HL,,0,1,1599700482107,0,0
plugin_ios_activity_recognition,,0,2,0,4ae192f8-8fd0-49b8-a635-d006bd10ed27,19HL,,0,0,1599700484342,0,0
plugin_ios_activity_recognition,"[""stationary""]",0,2,0,4ae192f8-8fd0-49b8-a635-d006bd10ed27,19HL,,0,1,1599700489119,0,0
plugin_ios_activity_recognition,,0,2,0,4ae192f8-8fd0-49b8-a635-d006bd10ed27,19HL,,0,0,1599700498352,0,0
plugin_ios_activity_recognition,"[""stationary""]",0,2,0,4ae192f8-8fd0-49b8-a635-d006bd10ed27,19HL,,0,1,1599700548851,0,0
plugin_ios_activity_recognition,,0,2,0,4ae192f8-8fd0-49b8-a635-d006bd10ed27,19HL,,0,0,1599700552632,0,0
plugin_ios_activity_recognition,"[""stationary""]",0,2,0,4ae192f8-8fd0-49b8-a635-d006bd10ed27,19HL,,0,1,1599700557409,0,0
plugin_ios_activity_recognition,,0,2,0,4ae192f8-8fd0-49b8-a635-d006bd10ed27,19HL,,0,0,1599700559942,0,0
plugin_ios_activity_recognition,"[""stationary""]",0,2,0,4ae192f8-8fd0-49b8-a635-d006bd10ed27,19HL,,0,1,1599700566321,0,0
plugin_ios_activity_recognition,,0,2,0,4ae192f8-8fd0-49b8-a635-d006bd10ed27,19HL,,0,0,1599700566684,0,0
plugin_ios_activity_recognition,"[""stationary""]",0,2,0,4ae192f8-8fd0-49b8-a635-d006bd10ed27,19HL,,0,1,1599700584620,0,0
plugin_ios_activity_recognition,,0,2,0,4ae192f8-8fd0-49b8-a635-d006bd10ed27,19HL,,0,0,1599700592870,0,0
plugin_ios_activity_recognition,"[""stationary""]",0,2,0,4ae192f8-8fd0-49b8-a635-d006bd10ed27,19HL,,0,1,1599700652536,0,0
plugin_ios_activity_recognition,,0,2,0,4ae192f8-8fd0-49b8-a635-d006bd10ed27,19HL,,0,0,1599700654444,0,0
plugin_ios_activity_recognition,"[""stationary""]",0,2,0,4ae192f8-8fd0-49b8-a635-d006bd10ed27,19HL,,0,1,1599700739230,0,0
plugin_ios_activity_recognition,,0,2,0,4ae192f8-8fd0-49b8-a635-d006bd10ed27,19HL,,0,0,1599700742420,0,0
plugin_ios_activity_recognition,"[""stationary""]",0,2,0,4ae192f8-8fd0-49b8-a635-d006bd10ed27,19HL,,0,1,1599700745929,0,0
plugin_ios_activity_recognition,,0,2,0,4ae192f8-8fd0-49b8-a635-d006bd10ed27,19HL,,0,0,1599700748202,0,0
plugin_ios_activity_recognition,"[""stationary""]",0,2,0,4ae192f8-8fd0-49b8-a635-d006bd10ed27,19HL,,0,1,1599700764469,0,0
plugin_ios_activity_recognition,,0,2,0,4ae192f8-8fd0-49b8-a635-d006bd10ed27,19HL,,0,0,1599700780765,0,0
plugin_ios_activity_recognition,"[""stationary""]",0,2,0,4ae192f8-8fd0-49b8-a635-d006bd10ed27,19HL,,0,1,1599700785236,0,0
plugin_ios_activity_recognition,,0,2,0,4ae192f8-8fd0-49b8-a635-d006bd10ed27,19HL,,0,0,1599700789124,0,0
plugin_ios_activity_recognition,"[""stationary""]",0,2,0,4ae192f8-8fd0-49b8-a635-d006bd10ed27,19HL,,0,1,1599700855199,0,0
plugin_ios_activity_recognition,,0,2,0,4ae192f8-8fd0-49b8-a635-d006bd10ed27,19HL,,0,0,1599700862203,0,0
plugin_ios_activity_recognition,"[""stationary""]",0,2,0,4ae192f8-8fd0-49b8-a635-d006bd10ed27,19HL,,0,1,1599700871167,0,0
plugin_ios_activity_recognition,,0,2,0,4ae192f8-8fd0-49b8-a635-d006bd10ed27,19HL,,0,0,1599700881113,0,0
plugin_ios_activity_recognition,"[""stationary""]",0,2,0,4ae192f8-8fd0-49b8-a635-d006bd10ed27,19HL,,0,1,1599700886815,0,0
plugin_ios_activity_recognition,,0,2,0,4ae192f8-8fd0-49b8-a635-d006bd10ed27,19HL,,0,0,1599700895748,0,0
plugin_ios_activity_recognition,"[""stationary""]",0,2,0,4ae192f8-8fd0-49b8-a635-d006bd10ed27,19HL,,0,1,1599700916539,0,0
plugin_ios_activity_recognition,,0,2,0,4ae192f8-8fd0-49b8-a635-d006bd10ed27,19HL,,0,0,1599700918772,0,0
plugin_ios_activity_recognition,"[""stationary""]",0,2,0,4ae192f8-8fd0-49b8-a635-d006bd10ed27,19HL,,0,1,1599700923877,0,0
plugin_ios_activity_recognition,,0,2,0,4ae192f8-8fd0-49b8-a635-d006bd10ed27,19HL,,0,0,1599700925472,0,0
plugin_ios_activity_recognition,"[""walking""]",0,1,0,4ae192f8-8fd0-49b8-a635-d006bd10ed27,19HL,,0,0,1599700932249,0,1
plugin_ios_activity_recognition,"[""walking""]",0,2,0,4ae192f8-8fd0-49b8-a635-d006bd10ed27,19HL,,0,0,1599700939934,0,1
plugin_ios_activity_recognition,,0,2,0,4ae192f8-8fd0-49b8-a635-d006bd10ed27,19HL,,0,0,1599700991102,0,0
plugin_ios_activity_recognition,"[""stationary""]",0,2,0,4ae192f8-8fd0-49b8-a635-d006bd10ed27,19HL,,0,1,1599701009605,0,0
plugin_ios_activity_recognition,,0,2,0,4ae192f8-8fd0-49b8-a635-d006bd10ed27,19HL,,0,0,1599701011200,0,0
plugin_ios_activity_recognition,"[""stationary""]",0,2,0,4ae192f8-8fd0-49b8-a635-d006bd10ed27,19HL,,0,1,1599701063333,0,0
plugin_ios_activity_recognition,,0,2,0,4ae192f8-8fd0-49b8-a635-d006bd10ed27,19HL,,0,0,1599701067171,0,0
plugin_ios_activity_recognition,"[""stationary""]",0,2,0,4ae192f8-8fd0-49b8-a635-d006bd10ed27,19HL,,0,1,1599701073874,0,0
plugin_ios_activity_recognition,,0,2,0,4ae192f8-8fd0-49b8-a635-d006bd10ed27,19HL,,0,0,1599701093977,0,0
plugin_ios_activity_recognition,"[""walking""]",0,1,0,4ae192f8-8fd0-49b8-a635-d006bd10ed27,19HL,,0,0,1599701221352,0,1
plugin_ios_activity_recognition,"[""walking""]",0,2,0,4ae192f8-8fd0-49b8-a635-d006bd10ed27,19HL,,0,0,1599701226480,0,1
plugin_ios_activity_recognition,,0,2,0,4ae192f8-8fd0-49b8-a635-d006bd10ed27,19HL,,0,0,1599701278232,0,0
plugin_ios_activity_recognition,"[""walking""]",0,1,0,4ae192f8-8fd0-49b8-a635-d006bd10ed27,19HL,,0,0,1599701423447,0,1
plugin_ios_activity_recognition,"[""walking""]",0,2,0,4ae192f8-8fd0-49b8-a635-d006bd10ed27,19HL,,0,0,1599701426926,0,1
plugin_ios_activity_recognition,,0,2,0,4ae192f8-8fd0-49b8-a635-d006bd10ed27,19HL,,0,0,1599701477189,0,0
plugin_ios_activity_recognition,"[""walking""]",0,1,0,4ae192f8-8fd0-49b8-a635-d006bd10ed27,19HL,,0,0,1599701513022,0,1
plugin_ios_activity_recognition,"[""walking""]",0,2,0,4ae192f8-8fd0-49b8-a635-d006bd10ed27,19HL,,0,0,1599701520711,0,1
plugin_ios_activity_recognition,,0,2,0,4ae192f8-8fd0-49b8-a635-d006bd10ed27,19HL,,0,0,1599701571958,0,0
plugin_ios_activity_recognition,"[""walking""]",0,1,0,4ae192f8-8fd0-49b8-a635-d006bd10ed27,19HL,,0,0,1599701587323,0,1
plugin_ios_activity_recognition,"[""stationary""]",0,2,0,4ae192f8-8fd0-49b8-a635-d006bd10ed27,19HL,,0,1,1599701607793,0,0
plugin_ios_activity_recognition,"[""walking""]",0,2,0,4ae192f8-8fd0-49b8-a635-d006bd10ed27,19HL,,0,0,1599701613802,0,1
plugin_ios_activity_recognition,"[""stationary""]",0,2,0,4ae192f8-8fd0-49b8-a635-d006bd10ed27,19HL,,0,1,1599701619235,0,0
plugin_ios_activity_recognition,"[""walking""]",0,2,0,4ae192f8-8fd0-49b8-a635-d006bd10ed27,19HL,,0,0,1599701624987,0,1
plugin_ios_activity_recognition,"[""stationary""]",0,2,0,4ae192f8-8fd0-49b8-a635-d006bd10ed27,19HL,,0,1,1599701632991,0,0
plugin_ios_activity_recognition,"[""walking""]",0,2,0,4ae192f8-8fd0-49b8-a635-d006bd10ed27,19HL,,0,0,1599701635911,0,1
plugin_ios_activity_recognition,,0,2,0,4ae192f8-8fd0-49b8-a635-d006bd10ed27,19HL,,0,0,1599701657293,0,0
plugin_ios_activity_recognition,"[""stationary""]",0,2,0,4ae192f8-8fd0-49b8-a635-d006bd10ed27,19HL,,0,1,1599701692417,0,0
plugin_ios_activity_recognition,,0,2,0,4ae192f8-8fd0-49b8-a635-d006bd10ed27,19HL,,0,0,1599701702619,0,0
plugin_ios_activity_recognition,"[""stationary""]",0,2,0,4ae192f8-8fd0-49b8-a635-d006bd10ed27,19HL,,0,1,1599701708051,0,0
plugin_ios_activity_recognition,,0,2,0,4ae192f8-8fd0-49b8-a635-d006bd10ed27,19HL,,0,0,1599701722093,0,0
plugin_ios_activity_recognition,"[""stationary""]",0,2,0,4ae192f8-8fd0-49b8-a635-d006bd10ed27,19HL,,0,1,1599701758255,0,0
plugin_ios_activity_recognition,,0,2,0,4ae192f8-8fd0-49b8-a635-d006bd10ed27,19HL,,0,0,1599701759209,0,0
plugin_ios_activity_recognition,"[""stationary""]",0,2,0,4ae192f8-8fd0-49b8-a635-d006bd10ed27,19HL,,0,1,1599701772004,0,0
plugin_ios_activity_recognition,,0,2,0,4ae192f8-8fd0-49b8-a635-d006bd10ed27,19HL,,0,0,1599701786750,0,0
plugin_ios_activity_recognition,"[""stationary""]",0,2,0,4ae192f8-8fd0-49b8-a635-d006bd10ed27,19HL,,0,1,1599701790865,0,0
plugin_ios_activity_recognition,,0,2,0,4ae192f8-8fd0-49b8-a635-d006bd10ed27,19HL,,0,0,1599701801417,0,0
plugin_ios_activity_recognition,"[""stationary""]",0,2,0,4ae192f8-8fd0-49b8-a635-d006bd10ed27,19HL,,0,1,1599701821850,0,0
plugin_ios_activity_recognition,,0,2,0,4ae192f8-8fd0-49b8-a635-d006bd10ed27,19HL,,0,0,1599701828534,0,0
plugin_ios_activity_recognition,"[""stationary""]",0,2,0,4ae192f8-8fd0-49b8-a635-d006bd10ed27,19HL,,0,1,1599701851881,0,0
plugin_ios_activity_recognition,,0,2,0,4ae192f8-8fd0-49b8-a635-d006bd10ed27,19HL,,0,0,1599701854745,0,0
plugin_ios_activity_recognition,"[""stationary""]",0,2,0,4ae192f8-8fd0-49b8-a635-d006bd10ed27,19HL,,0,1,1599701862428,0,0
plugin_ios_activity_recognition,,0,2,0,4ae192f8-8fd0-49b8-a635-d006bd10ed27,19HL,,0,0,1599701872330,0,0
plugin_ios_activity_recognition,"[""stationary""]",0,2,0,4ae192f8-8fd0-49b8-a635-d006bd10ed27,19HL,,0,1,1599701875833,0,0
plugin_ios_activity_recognition,,0,2,0,4ae192f8-8fd0-49b8-a635-d006bd10ed27,19HL,,0,0,1599701883834,0,0
plugin_ios_activity_recognition,"[""stationary""]",0,2,0,4ae192f8-8fd0-49b8-a635-d006bd10ed27,19HL,,0,1,1599701951914,0,0
plugin_ios_activity_recognition,,0,2,0,4ae192f8-8fd0-49b8-a635-d006bd10ed27,19HL,,0,0,1599701964687,0,0
plugin_ios_activity_recognition,"[""stationary""]",0,2,0,4ae192f8-8fd0-49b8-a635-d006bd10ed27,19HL,,0,1,1599702016436,0,0
plugin_ios_activity_recognition,,0,2,0,4ae192f8-8fd0-49b8-a635-d006bd10ed27,19HL,,0,0,1599702018023,0,0
plugin_ios_activity_recognition,"[""stationary""]",0,2,0,4ae192f8-8fd0-49b8-a635-d006bd10ed27,19HL,,0,1,1599702021540,0,0
plugin_ios_activity_recognition,,0,2,0,4ae192f8-8fd0-49b8-a635-d006bd10ed27,19HL,,0,0,1599702022494,0,0
plugin_ios_activity_recognition,"[""walking""]",0,1,0,4ae192f8-8fd0-49b8-a635-d006bd10ed27,19HL,,0,0,1599702028247,0,1
plugin_ios_activity_recognition,"[""walking""]",0,2,0,4ae192f8-8fd0-49b8-a635-d006bd10ed27,19HL,,0,0,1599702030475,0,1
plugin_ios_activity_recognition,,0,2,0,4ae192f8-8fd0-49b8-a635-d006bd10ed27,19HL,,0,0,1599702050034,0,0
plugin_ios_activity_recognition,"[""walking""]",0,1,0,4ae192f8-8fd0-49b8-a635-d006bd10ed27,19HL,,0,0,1599702055166,0,1
plugin_ios_activity_recognition,"[""stationary""]",0,2,0,4ae192f8-8fd0-49b8-a635-d006bd10ed27,19HL,,0,1,1599702070812,0,0
plugin_ios_activity_recognition,"[""walking""]",0,2,0,4ae192f8-8fd0-49b8-a635-d006bd10ed27,19HL,,0,0,1599702096647,0,1
plugin_ios_activity_recognition,"[""stationary""]",0,2,0,4ae192f8-8fd0-49b8-a635-d006bd10ed27,19HL,,0,1,1599702104001,0,0
plugin_ios_activity_recognition,,0,2,0,4ae192f8-8fd0-49b8-a635-d006bd10ed27,19HL,,0,0,1599702116781,0,0
plugin_ios_activity_recognition,"[""walking""]",0,1,0,4ae192f8-8fd0-49b8-a635-d006bd10ed27,19HL,,0,0,1599702121629,0,1
plugin_ios_activity_recognition,"[""walking""]",0,2,0,4ae192f8-8fd0-49b8-a635-d006bd10ed27,19HL,,0,0,1599702134447,0,1
plugin_ios_activity_recognition,,0,2,0,4ae192f8-8fd0-49b8-a635-d006bd10ed27,19HL,,0,0,1599702185704,0,0
plugin_ios_activity_recognition,"[""stationary""]",0,2,0,4ae192f8-8fd0-49b8-a635-d006bd10ed27,19HL,,0,1,1599702232368,0,0
plugin_ios_activity_recognition,,0,2,0,4ae192f8-8fd0-49b8-a635-d006bd10ed27,19HL,,0,0,1599702234902,0,0
plugin_ios_activity_recognition,,0,2,0,4ae192f8-8fd0-49b8-a635-d006bd10ed27,19HL,supplement,0,0,1599702414902,0,0
plugin_ios_activity_recognition,"[""stationary""]",0,2,0,4ae192f8-8fd0-49b8-a635-d006bd10ed27,19HL,,0,1,1599702463397,0,0
plugin_ios_activity_recognition,,0,2,0,4ae192f8-8fd0-49b8-a635-d006bd10ed27,19HL,,0,0,1599702465626,0,0
plugin_ios_activity_recognition,"[""stationary""]",0,2,0,4ae192f8-8fd0-49b8-a635-d006bd10ed27,19HL,,0,1,1599702585991,0,0
plugin_ios_activity_recognition,,0,2,0,4ae192f8-8fd0-49b8-a635-d006bd10ed27,19HL,,0,0,1599702588845,0,0
plugin_ios_activity_recognition,,0,2,0,4ae192f8-8fd0-49b8-a635-d006bd10ed27,19HL,supplement,0,0,1599702594902,0,0
plugin_ios_activity_recognition,"[""stationary""]",0,2,0,4ae192f8-8fd0-49b8-a635-d006bd10ed27,19HL,,0,1,1599702647931,0,0
plugin_ios_activity_recognition,,0,2,0,4ae192f8-8fd0-49b8-a635-d006bd10ed27,19HL,,0,0,1599702652718,0,0
plugin_ios_activity_recognition,"[""walking""]",0,1,0,4ae192f8-8fd0-49b8-a635-d006bd10ed27,19HL,,0,0,1599702696872,0,1
plugin_ios_activity_recognition,"[""walking""]",0,2,0,4ae192f8-8fd0-49b8-a635-d006bd10ed27,19HL,,0,0,1599702704563,0,1
plugin_ios_activity_recognition,,0,2,0,4ae192f8-8fd0-49b8-a635-d006bd10ed27,19HL,,0,0,1599702755834,0,0
plugin_ios_activity_recognition,"[""stationary""]",0,2,0,4ae192f8-8fd0-49b8-a635-d006bd10ed27,19HL,,0,1,1599702880638,0,0
plugin_ios_activity_recognition,,0,2,0,4ae192f8-8fd0-49b8-a635-d006bd10ed27,19HL,,0,0,1599702886995,0,0
plugin_ios_activity_recognition,"[""walking""]",0,1,0,4ae192f8-8fd0-49b8-a635-d006bd10ed27,19HL,,0,0,1599702976051,0,1
plugin_ios_activity_recognition,,0,2,0,4ae192f8-8fd0-49b8-a635-d006bd10ed27,19HL,,0,0,1599702981186,0,0
plugin_ios_activity_recognition,"[""stationary""]",0,2,0,4ae192f8-8fd0-49b8-a635-d006bd10ed27,19HL,,0,1,1599703126254,0,0
plugin_ios_activity_recognition,,0,2,0,4ae192f8-8fd0-49b8-a635-d006bd10ed27,19HL,,0,0,1599703184351,0,0
plugin_ios_activity_recognition,"[""walking""]",0,1,0,4ae192f8-8fd0-49b8-a635-d006bd10ed27,19HL,,0,0,1599703188241,0,1
plugin_ios_activity_recognition,"[""stationary""]",0,2,0,4ae192f8-8fd0-49b8-a635-d006bd10ed27,19HL,,0,1,1599703192353,0,0
plugin_ios_activity_recognition,"[""walking""]",0,1,0,4ae192f8-8fd0-49b8-a635-d006bd10ed27,19HL,,0,0,1599703192987,0,1
plugin_ios_activity_recognition,"[""walking""]",0,2,0,4ae192f8-8fd0-49b8-a635-d006bd10ed27,19HL,,0,0,1599703194589,0,1
plugin_ios_activity_recognition,,0,2,0,4ae192f8-8fd0-49b8-a635-d006bd10ed27,19HL,,0,0,1599703201044,0,0
plugin_ios_activity_recognition,"[""stationary""]",0,2,0,4ae192f8-8fd0-49b8-a635-d006bd10ed27,19HL,,0,1,1599703213118,0,0
plugin_ios_activity_recognition,,0,2,0,4ae192f8-8fd0-49b8-a635-d006bd10ed27,19HL,,0,0,1599703241159,0,0
plugin_ios_activity_recognition,"[""stationary""]",0,2,0,4ae192f8-8fd0-49b8-a635-d006bd10ed27,19HL,,0,1,1599703246946,0,0
plugin_ios_activity_recognition,,0,2,0,4ae192f8-8fd0-49b8-a635-d006bd10ed27,19HL,,0,0,1599703280466,0,0
plugin_ios_activity_recognition,"[""stationary""]",0,2,0,4ae192f8-8fd0-49b8-a635-d006bd10ed27,19HL,,0,1,1599703294549,0,0
plugin_ios_activity_recognition,,0,2,0,4ae192f8-8fd0-49b8-a635-d006bd10ed27,19HL,,0,0,1599703298714,0,0
plugin_ios_activity_recognition,"[""stationary""]",0,2,0,4ae192f8-8fd0-49b8-a635-d006bd10ed27,19HL,,0,1,1599703312173,0,0
plugin_ios_activity_recognition,,0,2,0,4ae192f8-8fd0-49b8-a635-d006bd10ed27,19HL,,0,0,1599703368713,0,0
plugin_ios_activity_recognition,"[""walking""]",0,1,0,4ae192f8-8fd0-49b8-a635-d006bd10ed27,19HL,,0,0,1599703372282,0,1
plugin_ios_activity_recognition,"[""stationary""]",0,2,0,4ae192f8-8fd0-49b8-a635-d006bd10ed27,19HL,,0,1,1599703389528,0,0
plugin_ios_activity_recognition,,0,2,0,4ae192f8-8fd0-49b8-a635-d006bd10ed27,19HL,,0,0,1599703455640,0,0
plugin_ios_activity_recognition,"[""stationary""]",0,2,0,4ae192f8-8fd0-49b8-a635-d006bd10ed27,19HL,,0,1,1599703461392,0,0
plugin_ios_activity_recognition,,0,2,0,4ae192f8-8fd0-49b8-a635-d006bd10ed27,19HL,,0,0,1599703478979,0,0
plugin_ios_activity_recognition,"[""walking""]",0,1,0,4ae192f8-8fd0-49b8-a635-d006bd10ed27,19HL,,0,0,1599703487353,0,1
plugin_ios_activity_recognition,"[""stationary""]",0,2,0,4ae192f8-8fd0-49b8-a635-d006bd10ed27,19HL,,0,1,1599703502362,0,0
plugin_ios_activity_recognition,"[""walking""]",0,2,0,4ae192f8-8fd0-49b8-a635-d006bd10ed27,19HL,,0,0,1599703518345,0,1
plugin_ios_activity_recognition,"[""stationary""]",0,2,0,4ae192f8-8fd0-49b8-a635-d006bd10ed27,19HL,,0,1,1599703526027,0,0
plugin_ios_activity_recognition,"[""walking""]",0,2,0,4ae192f8-8fd0-49b8-a635-d006bd10ed27,19HL,,0,0,1599703547748,0,1
plugin_ios_activity_recognition,"[""stationary""]",0,2,0,4ae192f8-8fd0-49b8-a635-d006bd10ed27,19HL,,0,1,1599703566311,0,0
plugin_ios_activity_recognition,,0,2,0,4ae192f8-8fd0-49b8-a635-d006bd10ed27,19HL,,0,0,1599703575863,0,0
plugin_ios_activity_recognition,"[""walking""]",0,1,0,4ae192f8-8fd0-49b8-a635-d006bd10ed27,19HL,,0,0,1599703582000,0,1
plugin_ios_activity_recognition,"[""stationary""]",0,2,0,4ae192f8-8fd0-49b8-a635-d006bd10ed27,19HL,,0,1,1599703590600,0,0
plugin_ios_activity_recognition,,0,2,0,4ae192f8-8fd0-49b8-a635-d006bd10ed27,19HL,,0,0,1599703625844,0,0
plugin_ios_activity_recognition,"[""stationary""]",0,2,0,4ae192f8-8fd0-49b8-a635-d006bd10ed27,19HL,,0,1,1599703649553,0,0
plugin_ios_activity_recognition,,0,2,0,4ae192f8-8fd0-49b8-a635-d006bd10ed27,19HL,,0,0,1599703662049,0,0
plugin_ios_activity_recognition,"[""stationary""]",0,2,0,4ae192f8-8fd0-49b8-a635-d006bd10ed27,19HL,,0,1,1599703721000,0,0
plugin_ios_activity_recognition,"[""stationary""]",0,2,0,4ae192f8-8fd0-49b8-a635-d006bd10ed27,19HL,supplement,0,1,1599703901000,0,0
plugin_ios_activity_recognition,,0,2,0,4ae192f8-8fd0-49b8-a635-d006bd10ed27,19HL,,0,0,1599703935693,0,0
plugin_ios_activity_recognition,"[""stationary""]",0,2,0,4ae192f8-8fd0-49b8-a635-d006bd10ed27,19HL,,0,1,1599703939490,0,0
plugin_ios_activity_recognition,"[""stationary""]",0,2,0,4ae192f8-8fd0-49b8-a635-d006bd10ed27,19HL,supplement,0,1,1599704081000,0,0
plugin_ios_activity_recognition,"[""stationary""]",0,2,0,4ae192f8-8fd0-49b8-a635-d006bd10ed27,19HL,supplement,0,1,1599704119490,0,0
plugin_ios_activity_recognition,"[""stationary""]",0,2,0,4ae192f8-8fd0-49b8-a635-d006bd10ed27,19HL,supplement,0,1,1599704299490,0,0
plugin_ios_activity_recognition,,0,2,0,4ae192f8-8fd0-49b8-a635-d006bd10ed27,19HL,,0,0,1599704307593,0,0
plugin_ios_activity_recognition,"[""walking""]",0,1,0,4ae192f8-8fd0-49b8-a635-d006bd10ed27,19HL,,0,0,1599704312442,0,1
plugin_ios_activity_recognition,"[""stationary""]",0,2,0,4ae192f8-8fd0-49b8-a635-d006bd10ed27,19HL,,0,1,1599704330975,0,0
plugin_ios_activity_recognition,,0,2,0,4ae192f8-8fd0-49b8-a635-d006bd10ed27,19HL,,0,0,1599704390814,0,0
plugin_ios_activity_recognition,"[""walking""]",0,1,0,4ae192f8-8fd0-49b8-a635-d006bd10ed27,19HL,,0,0,1599704396953,0,1
plugin_ios_activity_recognition,"[""walking""]",0,2,0,4ae192f8-8fd0-49b8-a635-d006bd10ed27,19HL,,0,0,1599704407205,0,1
plugin_ios_activity_recognition,"[""stationary""]",0,2,0,4ae192f8-8fd0-49b8-a635-d006bd10ed27,19HL,,0,1,1599704429587,0,0
plugin_ios_activity_recognition,"[""stationary""]",0,2,0,4ae192f8-8fd0-49b8-a635-d006bd10ed27,19HL,supplement,0,1,1599704479490,0,0
plugin_ios_activity_recognition,,0,2,0,4ae192f8-8fd0-49b8-a635-d006bd10ed27,19HL,,0,0,1599704485663,0,0
plugin_ios_activity_recognition,"[""stationary""]",0,2,0,4ae192f8-8fd0-49b8-a635-d006bd10ed27,19HL,,0,1,1599704492391,0,0
plugin_ios_activity_recognition,"[""stationary""]",0,2,0,4ae192f8-8fd0-49b8-a635-d006bd10ed27,19HL,supplement,0,1,1599704672391,0,0
plugin_ios_activity_recognition,"[""stationary""]",0,2,0,4ae192f8-8fd0-49b8-a635-d006bd10ed27,19HL,supplement,0,1,1599704852391,0,0
plugin_ios_activity_recognition,,0,2,0,4ae192f8-8fd0-49b8-a635-d006bd10ed27,19HL,,0,0,1599704959576,0,0
plugin_ios_activity_recognition,"[""stationary""]",0,2,0,4ae192f8-8fd0-49b8-a635-d006bd10ed27,19HL,,0,1,1599704978476,0,0
plugin_ios_activity_recognition,"[""stationary""]",0,2,0,4ae192f8-8fd0-49b8-a635-d006bd10ed27,19HL,supplement,0,1,1599705032391,0,0
plugin_ios_activity_recognition,"[""stationary""]",0,2,0,4ae192f8-8fd0-49b8-a635-d006bd10ed27,19HL,supplement,0,1,1599705158476,0,0
plugin_ios_activity_recognition,"[""stationary""]",0,2,0,4ae192f8-8fd0-49b8-a635-d006bd10ed27,19HL,supplement,0,1,1599705338476,0,0
plugin_ios_activity_recognition,,0,2,0,4ae192f8-8fd0-49b8-a635-d006bd10ed27,19HL,,0,0,1599705477379,0,0
plugin_ios_activity_recognition,"[""stationary""]",0,2,0,4ae192f8-8fd0-49b8-a635-d006bd10ed27,19HL,,0,1,1599705482186,0,0
plugin_ios_activity_recognition,"[""stationary""]",0,2,0,4ae192f8-8fd0-49b8-a635-d006bd10ed27,19HL,supplement,0,1,1599705518476,0,0
plugin_ios_activity_recognition,,0,2,0,4ae192f8-8fd0-49b8-a635-d006bd10ed27,19HL,,0,0,1599705631194,0,0
plugin_ios_activity_recognition,"[""stationary""]",0,2,0,4ae192f8-8fd0-49b8-a635-d006bd10ed27,19HL,,0,1,1599705637273,0,0
plugin_ios_activity_recognition,,0,2,0,4ae192f8-8fd0-49b8-a635-d006bd10ed27,19HL,,0,0,1599705641439,0,0
plugin_ios_activity_recognition,"[""stationary""]",0,2,0,4ae192f8-8fd0-49b8-a635-d006bd10ed27,19HL,,0,1,1599705652014,0,0
plugin_ios_activity_recognition,"[""stationary""]",0,2,0,4ae192f8-8fd0-49b8-a635-d006bd10ed27,19HL,supplement,0,1,1599705832014,0,0
plugin_ios_activity_recognition,"[""stationary""]",0,2,0,4ae192f8-8fd0-49b8-a635-d006bd10ed27,19HL,supplement,0,1,1599706012014,0,0
plugin_ios_activity_recognition,,0,2,0,4ae192f8-8fd0-49b8-a635-d006bd10ed27,19HL,,0,0,1599706173667,0,0
plugin_ios_activity_recognition,"[""stationary""]",0,2,0,4ae192f8-8fd0-49b8-a635-d006bd10ed27,19HL,supplement,0,1,1599706192014,0,0
plugin_ios_activity_recognition,"[""stationary""]",0,2,0,4ae192f8-8fd0-49b8-a635-d006bd10ed27,19HL,,0,1,1599706194179,0,0
plugin_ios_activity_recognition,,0,2,0,4ae192f8-8fd0-49b8-a635-d006bd10ed27,19HL,,0,0,1599706209883,0,0
plugin_ios_activity_recognition,"[""stationary""]",0,2,0,4ae192f8-8fd0-49b8-a635-d006bd10ed27,19HL,,0,1,1599706220460,0,0
plugin_ios_activity_recognition,"[""stationary""]",0,2,0,4ae192f8-8fd0-49b8-a635-d006bd10ed27,19HL,supplement,0,1,1599706400460,0,0
plugin_ios_activity_recognition,,0,2,0,4ae192f8-8fd0-49b8-a635-d006bd10ed27,19HL,,0,0,1599706517843,0,0
plugin_ios_activity_recognition,"[""walking""]",0,1,0,4ae192f8-8fd0-49b8-a635-d006bd10ed27,19HL,,0,0,1599706534879,0,1
plugin_ios_activity_recognition,"[""walking""]",0,2,0,4ae192f8-8fd0-49b8-a635-d006bd10ed27,19HL,,0,0,1599706537442,0,1
plugin_ios_activity_recognition,"[""stationary""]",0,2,0,4ae192f8-8fd0-49b8-a635-d006bd10ed27,19HL,supplement,0,1,1599706580460,0,0
plugin_ios_activity_recognition,,0,2,0,4ae192f8-8fd0-49b8-a635-d006bd10ed27,19HL,,0,0,1599706588722,0,0
plugin_ios_activity_recognition,"[""stationary""]",0,2,0,4ae192f8-8fd0-49b8-a635-d006bd10ed27,19HL,,0,1,1599706643483,0,0
plugin_ios_activity_recognition,"[""stationary""]",0,2,0,4ae192f8-8fd0-49b8-a635-d006bd10ed27,19HL,supplement,0,1,1599706823483,0,0
plugin_ios_activity_recognition,"[""stationary""]",0,2,0,4ae192f8-8fd0-49b8-a635-d006bd10ed27,19HL,supplement,0,1,1599707003483,0,0
plugin_ios_activity_recognition,,0,2,0,4ae192f8-8fd0-49b8-a635-d006bd10ed27,19HL,,0,0,1599707035425,0,0
plugin_ios_activity_recognition,"[""walking""]",0,1,0,4ae192f8-8fd0-49b8-a635-d006bd10ed27,19HL,,0,0,1599707045082,0,1
plugin_ios_activity_recognition,"[""stationary""]",0,2,0,4ae192f8-8fd0-49b8-a635-d006bd10ed27,19HL,,0,1,1599707055929,0,0
plugin_ios_activity_recognition,"[""walking""]",0,2,0,4ae192f8-8fd0-49b8-a635-d006bd10ed27,19HL,,0,0,1599707067788,0,1
plugin_ios_activity_recognition,,0,2,0,4ae192f8-8fd0-49b8-a635-d006bd10ed27,19HL,,0,0,1599707111751,0,0
plugin_ios_activity_recognition,"[""stationary""]",0,2,0,4ae192f8-8fd0-49b8-a635-d006bd10ed27,19HL,supplement,0,1,1599707183483,0,0
plugin_ios_activity_recognition,"[""walking""]",0,1,0,4ae192f8-8fd0-49b8-a635-d006bd10ed27,19HL,,0,0,1599707232278,0,1
plugin_ios_activity_recognition,"[""stationary""]",0,2,0,4ae192f8-8fd0-49b8-a635-d006bd10ed27,19HL,,0,1,1599707236715,0,0
plugin_ios_activity_recognition,"[""walking""]",0,2,0,4ae192f8-8fd0-49b8-a635-d006bd10ed27,19HL,,0,0,1599707256909,0,1
plugin_ios_activity_recognition,"[""stationary""]",0,2,0,4ae192f8-8fd0-49b8-a635-d006bd10ed27,19HL,,0,1,1599707265243,0,0
plugin_ios_activity_recognition,,0,2,0,4ae192f8-8fd0-49b8-a635-d006bd10ed27,19HL,,0,0,1599707313319,0,0
plugin_ios_activity_recognition,"[""stationary""]",0,2,0,4ae192f8-8fd0-49b8-a635-d006bd10ed27,19HL,,0,1,1599707402661,0,0
plugin_ios_activity_recognition,,0,2,0,4ae192f8-8fd0-49b8-a635-d006bd10ed27,19HL,,0,0,1599707489519,0,0
plugin_ios_activity_recognition,"[""stationary""]",0,2,0,4ae192f8-8fd0-49b8-a635-d006bd10ed27,19HL,,0,1,1599707496300,0,0
plugin_ios_activity_recognition,,0,2,0,4ae192f8-8fd0-49b8-a635-d006bd10ed27,19HL,,0,0,1599707547589,0,0
plugin_ios_activity_recognition,"[""stationary""]",0,2,0,4ae192f8-8fd0-49b8-a635-d006bd10ed27,19HL,,0,1,1599707555282,0,0
plugin_ios_activity_recognition,,0,2,0,4ae192f8-8fd0-49b8-a635-d006bd10ed27,19HL,,0,0,1599707627349,0,0
plugin_ios_activity_recognition,"[""stationary""]",0,2,0,4ae192f8-8fd0-49b8-a635-d006bd10ed27,19HL,,0,1,1599707635354,0,0
plugin_ios_activity_recognition,,0,2,0,4ae192f8-8fd0-49b8-a635-d006bd10ed27,19HL,,0,0,1599707808725,0,0
plugin_ios_activity_recognition,"[""stationary""]",0,2,0,4ae192f8-8fd0-49b8-a635-d006bd10ed27,19HL,,0,1,1599707812249,0,0
plugin_ios_activity_recognition,"[""stationary""]",0,2,0,4ae192f8-8fd0-49b8-a635-d006bd10ed27,19HL,supplement,0,1,1599707992249,0,0
plugin_ios_activity_recognition,,0,2,0,4ae192f8-8fd0-49b8-a635-d006bd10ed27,19HL,,0,0,1599708109971,0,0
plugin_ios_activity_recognition,"[""stationary""]",0,2,0,4ae192f8-8fd0-49b8-a635-d006bd10ed27,19HL,,0,1,1599708116061,0,0
plugin_ios_activity_recognition,"[""stationary""]",0,2,0,4ae192f8-8fd0-49b8-a635-d006bd10ed27,19HL,supplement,0,1,1599708172249,0,0
plugin_ios_activity_recognition,"[""stationary""]",0,2,0,4ae192f8-8fd0-49b8-a635-d006bd10ed27,19HL,supplement,0,1,1599708296061,0,0
plugin_ios_activity_recognition,"[""stationary""]",0,2,0,4ae192f8-8fd0-49b8-a635-d006bd10ed27,19HL,supplement,0,1,1599708476061,0,0
plugin_ios_activity_recognition,"[""stationary""]",0,2,0,4ae192f8-8fd0-49b8-a635-d006bd10ed27,19HL,supplement,0,1,1599708656061,0,0
plugin_ios_activity_recognition,"[""stationary""]",0,2,0,4ae192f8-8fd0-49b8-a635-d006bd10ed27,19HL,supplement,0,1,1599708836061,0,0
plugin_ios_activity_recognition,"[""stationary""]",0,2,0,4ae192f8-8fd0-49b8-a635-d006bd10ed27,19HL,supplement,0,1,1599709016061,0,0
plugin_ios_activity_recognition,"[""stationary""]",0,2,0,4ae192f8-8fd0-49b8-a635-d006bd10ed27,19HL,supplement,0,1,1599709196061,0,0
plugin_ios_activity_recognition,"[""stationary""]",0,2,0,4ae192f8-8fd0-49b8-a635-d006bd10ed27,19HL,supplement,0,1,1599709376061,0,0
plugin_ios_activity_recognition,"[""stationary""]",0,2,0,4ae192f8-8fd0-49b8-a635-d006bd10ed27,19HL,supplement,0,1,1599709556061,0,0
plugin_ios_activity_recognition,,0,2,0,4ae192f8-8fd0-49b8-a635-d006bd10ed27,19HL,,0,0,1599709616529,0,0
plugin_ios_activity_recognition,"[""stationary""]",0,2,0,4ae192f8-8fd0-49b8-a635-d006bd10ed27,19HL,,0,1,1599709620647,0,0
plugin_ios_activity_recognition,,0,2,0,4ae192f8-8fd0-49b8-a635-d006bd10ed27,19HL,,0,0,1599709621656,0,0
plugin_ios_activity_recognition,"[""walking""]",0,1,0,4ae192f8-8fd0-49b8-a635-d006bd10ed27,19HL,,0,0,1599709657553,0,1
plugin_ios_activity_recognition,"[""stationary""]",0,2,0,4ae192f8-8fd0-49b8-a635-d006bd10ed27,19HL,,0,1,1599709661989,0,0
plugin_ios_activity_recognition,"[""walking""]",0,2,0,4ae192f8-8fd0-49b8-a635-d006bd10ed27,19HL,,0,0,1599709662678,0,1
plugin_ios_activity_recognition,"[""stationary""]",0,2,0,4ae192f8-8fd0-49b8-a635-d006bd10ed27,19HL,,0,1,1599709671284,0,0
plugin_ios_activity_recognition,"[""walking""]",0,2,0,4ae192f8-8fd0-49b8-a635-d006bd10ed27,19HL,,0,0,1599709678334,0,1
plugin_ios_activity_recognition,"[""stationary""]",0,2,0,4ae192f8-8fd0-49b8-a635-d006bd10ed27,19HL,,0,1,1599709683782,0,0
plugin_ios_activity_recognition,"[""walking""]",0,2,0,4ae192f8-8fd0-49b8-a635-d006bd10ed27,19HL,,0,0,1599709684744,0,1
plugin_ios_activity_recognition,"[""stationary""]",0,2,0,4ae192f8-8fd0-49b8-a635-d006bd10ed27,19HL,,0,1,1599709700127,0,0
plugin_ios_activity_recognition,"[""walking""]",0,2,0,4ae192f8-8fd0-49b8-a635-d006bd10ed27,19HL,,0,0,1599709705255,0,1
plugin_ios_activity_recognition,"[""stationary""]",0,2,0,4ae192f8-8fd0-49b8-a635-d006bd10ed27,19HL,,0,1,1599709711985,0,0
plugin_ios_activity_recognition,"[""stationary""]",0,2,0,4ae192f8-8fd0-49b8-a635-d006bd10ed27,19HL,supplement,0,1,1599709736061,0,0
plugin_ios_activity_recognition,,0,2,0,4ae192f8-8fd0-49b8-a635-d006bd10ed27,19HL,,0,0,1599709762941,0,0
plugin_ios_activity_recognition,"[""stationary""]",0,2,0,4ae192f8-8fd0-49b8-a635-d006bd10ed27,19HL,,0,1,1599709767428,0,0
plugin_ios_activity_recognition,"[""stationary""]",0,2,0,4ae192f8-8fd0-49b8-a635-d006bd10ed27,19HL,supplement,0,1,1599709947428,0,0
plugin_ios_activity_recognition,"[""stationary""]",0,2,0,4ae192f8-8fd0-49b8-a635-d006bd10ed27,19HL,supplement,0,1,1599710127428,0,0
plugin_ios_activity_recognition,"[""stationary""]",0,2,0,4ae192f8-8fd0-49b8-a635-d006bd10ed27,19HL,supplement,0,1,1599710307428,0,0
plugin_ios_activity_recognition,"[""stationary""]",0,2,0,4ae192f8-8fd0-49b8-a635-d006bd10ed27,19HL,supplement,0,1,1599710487428,0,0
plugin_ios_activity_recognition,"[""stationary""]",0,2,0,4ae192f8-8fd0-49b8-a635-d006bd10ed27,19HL,supplement,0,1,1599710667428,0,0
plugin_ios_activity_recognition,"[""stationary""]",0,2,0,4ae192f8-8fd0-49b8-a635-d006bd10ed27,19HL,supplement,0,1,1599710847428,0,0
plugin_ios_activity_recognition,"[""stationary""]",0,2,0,4ae192f8-8fd0-49b8-a635-d006bd10ed27,19HL,supplement,0,1,1599711027428,0,0
plugin_ios_activity_recognition,"[""stationary""]",0,2,0,4ae192f8-8fd0-49b8-a635-d006bd10ed27,19HL,supplement,0,1,1599711207428,0,0
plugin_ios_activity_recognition,,0,2,0,4ae192f8-8fd0-49b8-a635-d006bd10ed27,19HL,,0,0,1599711211702,0,0
plugin_ios_activity_recognition,"[""stationary""]",0,2,0,4ae192f8-8fd0-49b8-a635-d006bd10ed27,19HL,,0,1,1599711226492,0,0
plugin_ios_activity_recognition,,0,2,0,4ae192f8-8fd0-49b8-a635-d006bd10ed27,19HL,,0,0,1599711294065,0,0
plugin_ios_activity_recognition,"[""stationary""]",0,2,0,4ae192f8-8fd0-49b8-a635-d006bd10ed27,19HL,supplement,0,1,1599711387428,0,0
plugin_ios_activity_recognition,"[""stationary""]",0,2,0,4ae192f8-8fd0-49b8-a635-d006bd10ed27,19HL,,0,1,1599711390843,0,0
plugin_ios_activity_recognition,,0,2,0,4ae192f8-8fd0-49b8-a635-d006bd10ed27,19HL,,0,0,1599711524481,0,0
plugin_ios_activity_recognition,"[""walking""]",0,1,0,4ae192f8-8fd0-49b8-a635-d006bd10ed27,19HL,,0,0,1599711549522,0,1
plugin_ios_activity_recognition,,0,2,0,4ae192f8-8fd0-49b8-a635-d006bd10ed27,19HL,,0,0,1599711557210,0,0
plugin_ios_activity_recognition,"[""stationary""]",0,2,0,4ae192f8-8fd0-49b8-a635-d006bd10ed27,19HL,,0,1,1599711568700,0,0
plugin_ios_activity_recognition,,0,2,0,4ae192f8-8fd0-49b8-a635-d006bd10ed27,19HL,,0,0,1599711579917,0,0
plugin_ios_activity_recognition,"[""running""]",0,2,0,4ae192f8-8fd0-49b8-a635-d006bd10ed27,19HL,,1,0,1599711667460,0,0
plugin_ios_activity_recognition,"[""walking""]",0,2,0,4ae192f8-8fd0-49b8-a635-d006bd10ed27,19HL,,0,0,1599711670031,0,1
plugin_ios_activity_recognition,,0,2,0,4ae192f8-8fd0-49b8-a635-d006bd10ed27,19HL,,0,0,1599711744378,0,0
plugin_ios_activity_recognition,"[""walking""]",0,1,0,4ae192f8-8fd0-49b8-a635-d006bd10ed27,19HL,,0,0,1599711749506,0,1
plugin_ios_activity_recognition,,0,2,0,4ae192f8-8fd0-49b8-a635-d006bd10ed27,19HL,,0,0,1599711752071,0,0
plugin_ios_activity_recognition,"[""walking""]",0,1,0,4ae192f8-8fd0-49b8-a635-d006bd10ed27,19HL,,0,0,1599711759761,0,1
plugin_ios_activity_recognition,"[""walking""]",0,2,0,4ae192f8-8fd0-49b8-a635-d006bd10ed27,19HL,,0,0,1599711762322,0,1
plugin_ios_activity_recognition,,0,2,0,4ae192f8-8fd0-49b8-a635-d006bd10ed27,19HL,,0,0,1599711813602,0,0
plugin_ios_activity_recognition,"[""stationary""]",0,2,0,4ae192f8-8fd0-49b8-a635-d006bd10ed27,19HL,,0,1,1599711857457,0,0
plugin_ios_activity_recognition,"[""stationary""]",0,2,0,4ae192f8-8fd0-49b8-a635-d006bd10ed27,19HL,supplement,0,1,1599712037457,0,0
plugin_ios_activity_recognition,"[""stationary""]",0,2,0,4ae192f8-8fd0-49b8-a635-d006bd10ed27,19HL,supplement,0,1,1599712217457,0,0
plugin_ios_activity_recognition,,0,2,0,4ae192f8-8fd0-49b8-a635-d006bd10ed27,19HL,,0,0,1599712312197,0,0
plugin_ios_activity_recognition,"[""walking""]",0,1,0,4ae192f8-8fd0-49b8-a635-d006bd10ed27,19HL,,0,0,1599712316088,0,1
plugin_ios_activity_recognition,"[""walking""]",0,2,0,4ae192f8-8fd0-49b8-a635-d006bd10ed27,19HL,,0,0,1599712318649,0,1
plugin_ios_activity_recognition,"[""stationary""]",0,2,0,4ae192f8-8fd0-49b8-a635-d006bd10ed27,19HL,,0,1,1599712329494,0,0
plugin_ios_activity_recognition,"[""stationary""]",0,2,0,4ae192f8-8fd0-49b8-a635-d006bd10ed27,19HL,supplement,0,1,1599712397457,0,0
plugin_ios_activity_recognition,,0,2,0,4ae192f8-8fd0-49b8-a635-d006bd10ed27,19HL,,0,0,1599712404803,0,0
plugin_ios_activity_recognition,"[""walking""]",0,1,0,4ae192f8-8fd0-49b8-a635-d006bd10ed27,19HL,,0,0,1599712408372,0,1
plugin_ios_activity_recognition,"[""walking""]",0,2,0,4ae192f8-8fd0-49b8-a635-d006bd10ed27,19HL,,0,0,1599712410935,0,1
plugin_ios_activity_recognition,"[""stationary""]",0,2,0,4ae192f8-8fd0-49b8-a635-d006bd10ed27,19HL,,0,1,1599712425305,0,0
plugin_ios_activity_recognition,"[""walking""]",0,2,0,4ae192f8-8fd0-49b8-a635-d006bd10ed27,19HL,,0,0,1599712457352,0,1
plugin_ios_activity_recognition,,0,2,0,4ae192f8-8fd0-49b8-a635-d006bd10ed27,19HL,,0,0,1599712467336,0,0
plugin_ios_activity_recognition,"[""stationary""]",0,2,0,4ae192f8-8fd0-49b8-a635-d006bd10ed27,19HL,,0,1,1599712533303,0,0
plugin_ios_activity_recognition,"[""stationary""]",0,2,0,4ae192f8-8fd0-49b8-a635-d006bd10ed27,19HL,supplement,0,1,1599712713303,0,0
plugin_ios_activity_recognition,"[""stationary""]",0,2,0,4ae192f8-8fd0-49b8-a635-d006bd10ed27,19HL,supplement,0,1,1599712893303,0,0
plugin_ios_activity_recognition,"[""stationary""]",0,2,0,4ae192f8-8fd0-49b8-a635-d006bd10ed27,19HL,supplement,0,1,1599713073303,0,0
plugin_ios_activity_recognition,"[""stationary""]",0,2,0,4ae192f8-8fd0-49b8-a635-d006bd10ed27,19HL,supplement,0,1,1599713253303,0,0
plugin_ios_activity_recognition,"[""stationary""]",0,2,0,4ae192f8-8fd0-49b8-a635-d006bd10ed27,19HL,supplement,0,1,1599713433303,0,0
plugin_ios_activity_recognition,"[""stationary""]",0,2,0,4ae192f8-8fd0-49b8-a635-d006bd10ed27,19HL,supplement,0,1,1599713613303,0,0
plugin_ios_activity_recognition,,0,2,0,4ae192f8-8fd0-49b8-a635-d006bd10ed27,19HL,,0,0,1599713686005,0,0
plugin_ios_activity_recognition,"[""stationary""]",0,2,0,4ae192f8-8fd0-49b8-a635-d006bd10ed27,19HL,,0,1,1599713694009,0,0
plugin_ios_activity_recognition,"[""stationary""]",0,2,0,4ae192f8-8fd0-49b8-a635-d006bd10ed27,19HL,supplement,0,1,1599713793303,0,0
plugin_ios_activity_recognition,"[""stationary""]",0,2,0,4ae192f8-8fd0-49b8-a635-d006bd10ed27,19HL,supplement,0,1,1599713874009,0,0
plugin_ios_activity_recognition,,0,2,0,4ae192f8-8fd0-49b8-a635-d006bd10ed27,19HL,,0,0,1599713967361,0,0
plugin_ios_activity_recognition,"[""walking""]",0,1,0,4ae192f8-8fd0-49b8-a635-d006bd10ed27,19HL,,0,0,1599713972212,0,1
plugin_ios_activity_recognition,"[""stationary""]",0,2,0,4ae192f8-8fd0-49b8-a635-d006bd10ed27,19HL,,0,1,1599713981454,0,0
plugin_ios_activity_recognition,"[""stationary""]",0,2,0,4ae192f8-8fd0-49b8-a635-d006bd10ed27,19HL,supplement,0,1,1599714054009,0,0
plugin_ios_activity_recognition,"[""stationary""]",0,2,0,4ae192f8-8fd0-49b8-a635-d006bd10ed27,19HL,supplement,0,1,1599714161454,0,0
plugin_ios_activity_recognition,"[""stationary""]",0,2,0,4ae192f8-8fd0-49b8-a635-d006bd10ed27,19HL,supplement,0,1,1599714341454,0,0
plugin_ios_activity_recognition,"[""stationary""]",0,2,0,4ae192f8-8fd0-49b8-a635-d006bd10ed27,19HL,supplement,0,1,1599714521454,0,0
plugin_ios_activity_recognition,"[""stationary""]",0,2,0,4ae192f8-8fd0-49b8-a635-d006bd10ed27,19HL,,0,1,1599714650131,0,0
plugin_ios_activity_recognition,,0,2,0,4ae192f8-8fd0-49b8-a635-d006bd10ed27,19HL,,0,0,1599714680570,0,0
plugin_ios_activity_recognition,"[""stationary""]",0,2,0,4ae192f8-8fd0-49b8-a635-d006bd10ed27,19HL,,0,1,1599714684708,0,0
plugin_ios_activity_recognition,,0,2,0,4ae192f8-8fd0-49b8-a635-d006bd10ed27,19HL,,0,0,1599714698458,0,0
plugin_ios_activity_recognition,"[""stationary""]",0,2,0,4ae192f8-8fd0-49b8-a635-d006bd10ed27,19HL,supplement,0,1,1599714701454,0,0
plugin_ios_activity_recognition,"[""walking""]",0,1,0,4ae192f8-8fd0-49b8-a635-d006bd10ed27,19HL,,0,0,1599714710045,0,1
plugin_ios_activity_recognition,"[""stationary""]",0,2,0,4ae192f8-8fd0-49b8-a635-d006bd10ed27,19HL,,0,1,1599714717368,0,0
plugin_ios_activity_recognition,"[""walking""]",0,2,0,4ae192f8-8fd0-49b8-a635-d006bd10ed27,19HL,,0,0,1599714762876,0,1
plugin_ios_activity_recognition,"[""stationary""]",0,2,0,4ae192f8-8fd0-49b8-a635-d006bd10ed27,19HL,,0,1,1599714767042,0,0
plugin_ios_activity_recognition,,0,2,0,4ae192f8-8fd0-49b8-a635-d006bd10ed27,19HL,,0,0,1599714776977,0,0
plugin_ios_activity_recognition,"[""stationary""]",0,2,0,4ae192f8-8fd0-49b8-a635-d006bd10ed27,19HL,,0,1,1599714783066,0,0
plugin_ios_activity_recognition,,0,2,0,4ae192f8-8fd0-49b8-a635-d006bd10ed27,19HL,,0,0,1599714790116,0,0
plugin_ios_activity_recognition,"[""stationary""]",0,2,0,4ae192f8-8fd0-49b8-a635-d006bd10ed27,19HL,,0,1,1599714797214,0,0
plugin_ios_activity_recognition,"[""stationary""]",0,2,0,4ae192f8-8fd0-49b8-a635-d006bd10ed27,19HL,supplement,0,1,1599714977214,0,0
plugin_ios_activity_recognition,"[""stationary""]",0,2,0,4ae192f8-8fd0-49b8-a635-d006bd10ed27,19HL,supplement,0,1,1599715157214,0,0
plugin_ios_activity_recognition,"[""stationary""]",0,2,0,4ae192f8-8fd0-49b8-a635-d006bd10ed27,19HL,supplement,0,1,1599715337214,0,0
plugin_ios_activity_recognition,"[""stationary""]",0,2,0,4ae192f8-8fd0-49b8-a635-d006bd10ed27,19HL,supplement,0,1,1599715517214,0,0
plugin_ios_activity_recognition,"[""stationary""]",0,2,0,4ae192f8-8fd0-49b8-a635-d006bd10ed27,19HL,supplement,0,1,1599715697214,0,0
plugin_ios_activity_recognition,,0,2,0,4ae192f8-8fd0-49b8-a635-d006bd10ed27,19HL,,0,0,1599715801167,0,0
plugin_ios_activity_recognition,"[""walking""]",0,1,0,4ae192f8-8fd0-49b8-a635-d006bd10ed27,19HL,,0,0,1599715809870,0,1
plugin_ios_activity_recognition,"[""stationary""]",0,2,0,4ae192f8-8fd0-49b8-a635-d006bd10ed27,19HL,,0,1,1599715824241,0,0
plugin_ios_activity_recognition,"[""walking""]",0,2,0,4ae192f8-8fd0-49b8-a635-d006bd10ed27,19HL,,0,0,1599715831933,0,1
plugin_ios_activity_recognition,,0,2,0,4ae192f8-8fd0-49b8-a635-d006bd10ed27,19HL,,0,0,1599715832941,0,0
plugin_ios_activity_recognition,"[""stationary""]",0,2,0,4ae192f8-8fd0-49b8-a635-d006bd10ed27,19HL,,0,1,1599715837060,0,0
plugin_ios_activity_recognition,"[""stationary""]",0,2,0,4ae192f8-8fd0-49b8-a635-d006bd10ed27,19HL,supplement,0,1,1599715877214,0,0
plugin_ios_activity_recognition,"[""stationary""]",0,2,0,4ae192f8-8fd0-49b8-a635-d006bd10ed27,19HL,supplement,0,1,1599716017060,0,0
plugin_ios_activity_recognition,"[""stationary""]",0,2,0,4ae192f8-8fd0-49b8-a635-d006bd10ed27,19HL,supplement,0,1,1599716197060,0,0
plugin_ios_activity_recognition,"[""stationary""]",0,2,0,4ae192f8-8fd0-49b8-a635-d006bd10ed27,19HL,supplement,0,1,1599716377060,0,0
plugin_ios_activity_recognition,,0,2,0,4ae192f8-8fd0-49b8-a635-d006bd10ed27,19HL,,0,0,1599716522228,0,0
plugin_ios_activity_recognition,"[""stationary""]",0,2,0,4ae192f8-8fd0-49b8-a635-d006bd10ed27,19HL,,0,1,1599716526708,0,0
plugin_ios_activity_recognition,"[""stationary""]",0,2,0,4ae192f8-8fd0-49b8-a635-d006bd10ed27,19HL,supplement,0,1,1599716557060,0,0
plugin_ios_activity_recognition,,0,2,0,4ae192f8-8fd0-49b8-a635-d006bd10ed27,19HL,,0,0,1599716638553,0,0
plugin_ios_activity_recognition,"[""walking""]",0,1,0,4ae192f8-8fd0-49b8-a635-d006bd10ed27,19HL,,0,0,1599716643082,0,1
plugin_ios_activity_recognition,"[""walking""]",0,2,0,4ae192f8-8fd0-49b8-a635-d006bd10ed27,19HL,,0,0,1599716651044,0,1
plugin_ios_activity_recognition,,0,2,0,4ae192f8-8fd0-49b8-a635-d006bd10ed27,19HL,,0,0,1599716702049,0,0
plugin_ios_activity_recognition,"[""stationary""]",0,2,0,4ae192f8-8fd0-49b8-a635-d006bd10ed27,19HL,,0,1,1599716774429,0,0
plugin_ios_activity_recognition,,0,2,0,4ae192f8-8fd0-49b8-a635-d006bd10ed27,19HL,,0,0,1599716779236,0,0
plugin_ios_activity_recognition,"[""stationary""]",0,2,0,4ae192f8-8fd0-49b8-a635-d006bd10ed27,19HL,,0,1,1599716879868,0,0
plugin_ios_activity_recognition,,0,2,0,4ae192f8-8fd0-49b8-a635-d006bd10ed27,19HL,,0,0,1599716883714,0,0
plugin_ios_activity_recognition,"[""stationary""]",0,2,0,4ae192f8-8fd0-49b8-a635-d006bd10ed27,19HL,,0,1,1599716934350,0,0
plugin_ios_activity_recognition,"[""stationary""]",0,2,0,4ae192f8-8fd0-49b8-a635-d006bd10ed27,19HL,supplement,0,1,1599717114350,0,0
plugin_ios_activity_recognition,,0,2,0,4ae192f8-8fd0-49b8-a635-d006bd10ed27,19HL,,0,0,1599717183038,0,0
plugin_ios_activity_recognition,"[""walking""]",0,1,0,4ae192f8-8fd0-49b8-a635-d006bd10ed27,19HL,,0,0,1599717191728,0,1
plugin_ios_activity_recognition,"[""walking""]",0,2,0,4ae192f8-8fd0-49b8-a635-d006bd10ed27,19HL,,0,0,1599717209679,0,1
plugin_ios_activity_recognition,,0,2,0,4ae192f8-8fd0-49b8-a635-d006bd10ed27,19HL,,0,0,1599717271483,0,0
plugin_ios_activity_recognition,"[""stationary""]",0,2,0,4ae192f8-8fd0-49b8-a635-d006bd10ed27,19HL,supplement,0,1,1599717294350,0,0
plugin_ios_activity_recognition,"[""walking""]",0,1,0,4ae192f8-8fd0-49b8-a635-d006bd10ed27,19HL,,0,0,1599717442940,0,1
plugin_ios_activity_recognition,"[""stationary""]",0,2,0,4ae192f8-8fd0-49b8-a635-d006bd10ed27,19HL,,0,1,1599717447377,0,0
plugin_ios_activity_recognition,"[""walking""]",0,2,0,4ae192f8-8fd0-49b8-a635-d006bd10ed27,19HL,,0,0,1599717450262,0,1
plugin_ios_activity_recognition,"[""stationary""]",0,2,0,4ae192f8-8fd0-49b8-a635-d006bd10ed27,19HL,,0,1,1599717465004,0,0
plugin_ios_activity_recognition,"[""stationary""]",0,2,0,4ae192f8-8fd0-49b8-a635-d006bd10ed27,19HL,supplement,0,1,1599717645004,0,0
plugin_ios_activity_recognition,"[""stationary""]",0,2,0,4ae192f8-8fd0-49b8-a635-d006bd10ed27,19HL,supplement,0,1,1599717825004,0,0
plugin_ios_activity_recognition,"[""stationary""]",0,2,0,4ae192f8-8fd0-49b8-a635-d006bd10ed27,19HL,supplement,0,1,1599718005004,0,0
plugin_ios_activity_recognition,"[""stationary""]",0,2,0,4ae192f8-8fd0-49b8-a635-d006bd10ed27,19HL,supplement,0,1,1599718185004,0,0
plugin_ios_activity_recognition,"[""stationary""]",0,2,0,4ae192f8-8fd0-49b8-a635-d006bd10ed27,19HL,supplement,0,1,1599718365004,0,0
plugin_ios_activity_recognition,"[""stationary""]",0,2,0,4ae192f8-8fd0-49b8-a635-d006bd10ed27,19HL,supplement,0,1,1599718545004,0,0
plugin_ios_activity_recognition,"[""stationary""]",0,2,0,4ae192f8-8fd0-49b8-a635-d006bd10ed27,19HL,supplement,0,1,1599718725004,0,0
plugin_ios_activity_recognition,"[""stationary""]",0,2,0,4ae192f8-8fd0-49b8-a635-d006bd10ed27,19HL,supplement,0,1,1599718905004,0,0
plugin_ios_activity_recognition,"[""stationary""]",0,2,0,4ae192f8-8fd0-49b8-a635-d006bd10ed27,19HL,supplement,0,1,1599719085004,0,0
plugin_ios_activity_recognition,"[""stationary""]",0,2,0,4ae192f8-8fd0-49b8-a635-d006bd10ed27,19HL,supplement,0,1,1599719265004,0,0
plugin_ios_activity_recognition,"[""stationary""]",0,2,0,4ae192f8-8fd0-49b8-a635-d006bd10ed27,19HL,supplement,0,1,1599719445004,0,0
plugin_ios_activity_recognition,"[""stationary""]",0,2,0,4ae192f8-8fd0-49b8-a635-d006bd10ed27,19HL,supplement,0,1,1599719625004,0,0
plugin_ios_activity_recognition,"[""stationary""]",0,2,0,4ae192f8-8fd0-49b8-a635-d006bd10ed27,19HL,supplement,0,1,1599719805004,0,0
plugin_ios_activity_recognition,"[""stationary""]",0,2,0,4ae192f8-8fd0-49b8-a635-d006bd10ed27,19HL,supplement,0,1,1599719985004,0,0
plugin_ios_activity_recognition,"[""stationary""]",0,2,0,4ae192f8-8fd0-49b8-a635-d006bd10ed27,19HL,supplement,0,1,1599720165004,0,0
plugin_ios_activity_recognition,"[""stationary""]",0,2,0,4ae192f8-8fd0-49b8-a635-d006bd10ed27,19HL,supplement,0,1,1599720345004,0,0
plugin_ios_activity_recognition,"[""stationary""]",0,2,0,4ae192f8-8fd0-49b8-a635-d006bd10ed27,19HL,supplement,0,1,1599720525004,0,0
plugin_ios_activity_recognition,"[""stationary""]",0,2,0,4ae192f8-8fd0-49b8-a635-d006bd10ed27,19HL,supplement,0,1,1599720705004,0,0
plugin_ios_activity_recognition,"[""stationary""]",0,2,0,4ae192f8-8fd0-49b8-a635-d006bd10ed27,19HL,supplement,0,1,1599720885004,0,0
plugin_ios_activity_recognition,"[""stationary""]",0,2,0,4ae192f8-8fd0-49b8-a635-d006bd10ed27,19HL,supplement,0,1,1599721065004,0,0
plugin_ios_activity_recognition,"[""stationary""]",0,2,0,4ae192f8-8fd0-49b8-a635-d006bd10ed27,19HL,supplement,0,1,1599721245004,0,0
plugin_ios_activity_recognition,"[""stationary""]",0,2,0,4ae192f8-8fd0-49b8-a635-d006bd10ed27,19HL,supplement,0,1,1599721425004,0,0
plugin_ios_activity_recognition,"[""stationary""]",0,2,0,4ae192f8-8fd0-49b8-a635-d006bd10ed27,19HL,supplement,0,1,1599721605004,0,0
plugin_ios_activity_recognition,"[""stationary""]",0,2,0,4ae192f8-8fd0-49b8-a635-d006bd10ed27,19HL,supplement,0,1,1599721785004,0,0
plugin_ios_activity_recognition,"[""stationary""]",0,2,0,4ae192f8-8fd0-49b8-a635-d006bd10ed27,19HL,supplement,0,1,1599721965004,0,0
plugin_ios_activity_recognition,"[""stationary""]",0,2,0,4ae192f8-8fd0-49b8-a635-d006bd10ed27,19HL,supplement,0,1,1599722145004,0,0
plugin_ios_activity_recognition,"[""stationary""]",0,2,0,4ae192f8-8fd0-49b8-a635-d006bd10ed27,19HL,supplement,0,1,1599722325004,0,0
plugin_ios_activity_recognition,"[""stationary""]",0,2,0,4ae192f8-8fd0-49b8-a635-d006bd10ed27,19HL,supplement,0,1,1599722505004,0,0
plugin_ios_activity_recognition,"[""stationary""]",0,2,0,4ae192f8-8fd0-49b8-a635-d006bd10ed27,19HL,supplement,0,1,1599722685004,0,0
plugin_ios_activity_recognition,"[""stationary""]",0,2,0,4ae192f8-8fd0-49b8-a635-d006bd10ed27,19HL,supplement,0,1,1599722865004,0,0
plugin_ios_activity_recognition,"[""stationary""]",0,2,0,4ae192f8-8fd0-49b8-a635-d006bd10ed27,19HL,supplement,0,1,1599723045004,0,0
plugin_ios_activity_recognition,"[""stationary""]",0,2,0,4ae192f8-8fd0-49b8-a635-d006bd10ed27,19HL,supplement,0,1,1599723225004,0,0
plugin_ios_activity_recognition,"[""stationary""]",0,2,0,4ae192f8-8fd0-49b8-a635-d006bd10ed27,19HL,supplement,0,1,1599723405004,0,0
plugin_ios_activity_recognition,"[""stationary""]",0,2,0,4ae192f8-8fd0-49b8-a635-d006bd10ed27,19HL,supplement,0,1,1599723585004,0,0
plugin_ios_activity_recognition,"[""stationary""]",0,2,0,4ae192f8-8fd0-49b8-a635-d006bd10ed27,19HL,supplement,0,1,1599723765004,0,0
plugin_ios_activity_recognition,"[""stationary""]",0,2,0,4ae192f8-8fd0-49b8-a635-d006bd10ed27,19HL,supplement,0,1,1599723945004,0,0
plugin_ios_activity_recognition,"[""stationary""]",0,2,0,4ae192f8-8fd0-49b8-a635-d006bd10ed27,19HL,supplement,0,1,1599724125004,0,0
plugin_ios_activity_recognition,"[""stationary""]",0,2,0,4ae192f8-8fd0-49b8-a635-d006bd10ed27,19HL,supplement,0,1,1599724305004,0,0
plugin_ios_activity_recognition,"[""stationary""]",0,2,0,4ae192f8-8fd0-49b8-a635-d006bd10ed27,19HL,supplement,0,1,1599724485004,0,0
plugin_ios_activity_recognition,"[""stationary""]",0,2,0,4ae192f8-8fd0-49b8-a635-d006bd10ed27,19HL,supplement,0,1,1599724665004,0,0
plugin_ios_activity_recognition,"[""stationary""]",0,2,0,4ae192f8-8fd0-49b8-a635-d006bd10ed27,19HL,supplement,0,1,1599724845004,0,0
plugin_ios_activity_recognition,"[""stationary""]",0,2,0,4ae192f8-8fd0-49b8-a635-d006bd10ed27,19HL,supplement,0,1,1599725025004,0,0
plugin_ios_activity_recognition,"[""stationary""]",0,2,0,4ae192f8-8fd0-49b8-a635-d006bd10ed27,19HL,supplement,0,1,1599725205004,0,0
plugin_ios_activity_recognition,"[""stationary""]",0,2,0,4ae192f8-8fd0-49b8-a635-d006bd10ed27,19HL,supplement,0,1,1599725385004,0,0
plugin_ios_activity_recognition,,0,2,0,4ae192f8-8fd0-49b8-a635-d006bd10ed27,19HL,,0,0,1599725438101,0,0
plugin_ios_activity_recognition,"[""stationary""]",0,2,0,4ae192f8-8fd0-49b8-a635-d006bd10ed27,19HL,,0,1,1599725441627,0,0
plugin_ios_activity_recognition,,0,2,0,4ae192f8-8fd0-49b8-a635-d006bd10ed27,19HL,,0,0,1599725456690,0,0
plugin_ios_activity_recognition,"[""stationary""]",0,2,0,4ae192f8-8fd0-49b8-a635-d006bd10ed27,19HL,,0,1,1599725464383,0,0
plugin_ios_activity_recognition,"[""stationary""]",0,2,0,4ae192f8-8fd0-49b8-a635-d006bd10ed27,19HL,supplement,0,1,1599725565004,0,0
plugin_ios_activity_recognition,"[""stationary""]",0,2,0,4ae192f8-8fd0-49b8-a635-d006bd10ed27,19HL,supplement,0,1,1599725644383,0,0
plugin_ios_activity_recognition,"[""stationary""]",0,2,0,4ae192f8-8fd0-49b8-a635-d006bd10ed27,19HL,supplement,0,1,1599725824383,0,0
plugin_ios_activity_recognition,"[""stationary""]",0,2,0,4ae192f8-8fd0-49b8-a635-d006bd10ed27,19HL,supplement,0,1,1599726004383,0,0
plugin_ios_activity_recognition,"[""stationary""]",0,2,0,4ae192f8-8fd0-49b8-a635-d006bd10ed27,19HL,supplement,0,1,1599726184383,0,0
plugin_ios_activity_recognition,"[""stationary""]",0,2,0,4ae192f8-8fd0-49b8-a635-d006bd10ed27,19HL,supplement,0,1,1599726364383,0,0
plugin_ios_activity_recognition,"[""stationary""]",0,2,0,4ae192f8-8fd0-49b8-a635-d006bd10ed27,19HL,supplement,0,1,1599726544383,0,0
plugin_ios_activity_recognition,"[""stationary""]",0,2,0,4ae192f8-8fd0-49b8-a635-d006bd10ed27,19HL,supplement,0,1,1599726724383,0,0
plugin_ios_activity_recognition,"[""stationary""]",0,2,0,4ae192f8-8fd0-49b8-a635-d006bd10ed27,19HL,supplement,0,1,1599726904383,0,0
plugin_ios_activity_recognition,"[""stationary""]",0,2,0,4ae192f8-8fd0-49b8-a635-d006bd10ed27,19HL,supplement,0,1,1599727084383,0,0
plugin_ios_activity_recognition,"[""stationary""]",0,2,0,4ae192f8-8fd0-49b8-a635-d006bd10ed27,19HL,supplement,0,1,1599727264383,0,0
plugin_ios_activity_recognition,"[""stationary""]",0,2,0,4ae192f8-8fd0-49b8-a635-d006bd10ed27,19HL,supplement,0,1,1599727444383,0,0
plugin_ios_activity_recognition,"[""stationary""]",0,2,0,4ae192f8-8fd0-49b8-a635-d006bd10ed27,19HL,supplement,0,1,1599727624383,0,0
plugin_ios_activity_recognition,"[""stationary""]",0,2,0,4ae192f8-8fd0-49b8-a635-d006bd10ed27,19HL,supplement,0,1,1599727804383,0,0
plugin_ios_activity_recognition,"[""stationary""]",0,2,0,4ae192f8-8fd0-49b8-a635-d006bd10ed27,19HL,supplement,0,1,1599727984383,0,0
plugin_ios_activity_recognition,"[""stationary""]",0,2,0,4ae192f8-8fd0-49b8-a635-d006bd10ed27,19HL,supplement,0,1,1599728164383,0,0
plugin_ios_activity_recognition,"[""stationary""]",0,2,0,4ae192f8-8fd0-49b8-a635-d006bd10ed27,19HL,supplement,0,1,1599728344383,0,0
plugin_ios_activity_recognition,"[""stationary""]",0,2,0,4ae192f8-8fd0-49b8-a635-d006bd10ed27,19HL,supplement,0,1,1599728524383,0,0
plugin_ios_activity_recognition,"[""stationary""]",0,2,0,4ae192f8-8fd0-49b8-a635-d006bd10ed27,19HL,supplement,0,1,1599728704383,0,0
plugin_ios_activity_recognition,"[""stationary""]",0,2,0,4ae192f8-8fd0-49b8-a635-d006bd10ed27,19HL,supplement,0,1,1599728884383,0,0
plugin_ios_activity_recognition,"[""stationary""]",0,2,0,4ae192f8-8fd0-49b8-a635-d006bd10ed27,19HL,supplement,0,1,1599729064383,0,0
plugin_ios_activity_recognition,"[""stationary""]",0,2,0,4ae192f8-8fd0-49b8-a635-d006bd10ed27,19HL,supplement,0,1,1599729244383,0,0
plugin_ios_activity_recognition,"[""stationary""]",0,2,0,4ae192f8-8fd0-49b8-a635-d006bd10ed27,19HL,supplement,0,1,1599729424383,0,0
plugin_ios_activity_recognition,,0,2,0,4ae192f8-8fd0-49b8-a635-d006bd10ed27,19HL,,0,0,1599729478495,0,0
plugin_ios_activity_recognition,"[""stationary""]",0,2,0,4ae192f8-8fd0-49b8-a635-d006bd10ed27,19HL,,0,1,1599729492541,0,0
plugin_ios_activity_recognition,,0,2,0,4ae192f8-8fd0-49b8-a635-d006bd10ed27,19HL,,0,0,1599729495418,0,0
plugin_ios_activity_recognition,"[""stationary""]",0,2,0,4ae192f8-8fd0-49b8-a635-d006bd10ed27,19HL,,0,1,1599729540293,0,0
plugin_ios_activity_recognition,,0,2,0,4ae192f8-8fd0-49b8-a635-d006bd10ed27,19HL,,0,0,1599729560534,0,0
plugin_ios_activity_recognition,"[""stationary""]",0,2,0,4ae192f8-8fd0-49b8-a635-d006bd10ed27,19HL,,0,1,1599729569781,0,0
plugin_ios_activity_recognition,,0,2,0,4ae192f8-8fd0-49b8-a635-d006bd10ed27,19HL,,0,0,1599729571384,0,0
plugin_ios_activity_recognition,"[""stationary""]",0,2,0,4ae192f8-8fd0-49b8-a635-d006bd10ed27,19HL,,0,1,1599729578115,0,0
plugin_ios_activity_recognition,"[""stationary""]",0,2,0,4ae192f8-8fd0-49b8-a635-d006bd10ed27,19HL,supplement,0,1,1599729604383,0,0
plugin_ios_activity_recognition,,0,2,0,4ae192f8-8fd0-49b8-a635-d006bd10ed27,19HL,,0,0,1599729631321,0,0
plugin_ios_activity_recognition,"[""stationary""]",0,2,0,4ae192f8-8fd0-49b8-a635-d006bd10ed27,19HL,,0,1,1599729636450,0,0
plugin_ios_activity_recognition,,0,2,0,4ae192f8-8fd0-49b8-a635-d006bd10ed27,19HL,,0,0,1599729698997,0,0
plugin_ios_activity_recognition,"[""stationary""]",0,2,0,4ae192f8-8fd0-49b8-a635-d006bd10ed27,19HL,,0,1,1599729712732,0,0
plugin_ios_activity_recognition,,0,2,0,4ae192f8-8fd0-49b8-a635-d006bd10ed27,19HL,,0,0,1599729719142,0,0
plugin_ios_activity_recognition,"[""stationary""]",0,2,0,4ae192f8-8fd0-49b8-a635-d006bd10ed27,19HL,,0,1,1599729725232,0,0
plugin_ios_activity_recognition,"[""stationary""]",0,2,0,4ae192f8-8fd0-49b8-a635-d006bd10ed27,19HL,supplement,0,1,1599729905232,0,0
plugin_ios_activity_recognition,,0,2,0,4ae192f8-8fd0-49b8-a635-d006bd10ed27,19HL,,0,0,1599729986761,0,0
plugin_ios_activity_recognition,"[""walking""]",0,1,0,4ae192f8-8fd0-49b8-a635-d006bd10ed27,19HL,,0,0,1599729991299,0,1
plugin_ios_activity_recognition,"[""walking""]",0,2,0,4ae192f8-8fd0-49b8-a635-d006bd10ed27,19HL,,0,0,1599729997338,0,1
plugin_ios_activity_recognition,"[""stationary""]",0,2,0,4ae192f8-8fd0-49b8-a635-d006bd10ed27,19HL,,0,1,1599730000864,0,0
plugin_ios_activity_recognition,"[""walking""]",0,2,0,4ae192f8-8fd0-49b8-a635-d006bd10ed27,19HL,,0,0,1599730012723,0,1
plugin_ios_activity_recognition,"[""stationary""]",0,2,0,4ae192f8-8fd0-49b8-a635-d006bd10ed27,19HL,,0,1,1599730019774,0,0
plugin_ios_activity_recognition,"[""stationary""]",0,2,0,4ae192f8-8fd0-49b8-a635-d006bd10ed27,19HL,supplement,0,1,1599730085232,0,0
plugin_ios_activity_recognition,"[""stationary""]",0,2,0,4ae192f8-8fd0-49b8-a635-d006bd10ed27,19HL,supplement,0,1,1599730199774,0,0
plugin_ios_activity_recognition,"[""stationary""]",0,2,0,4ae192f8-8fd0-49b8-a635-d006bd10ed27,19HL,supplement,0,1,1599730379774,0,0
plugin_ios_activity_recognition,"[""stationary""]",0,2,0,4ae192f8-8fd0-49b8-a635-d006bd10ed27,19HL,supplement,0,1,1599730559774,0,0
plugin_ios_activity_recognition,"[""stationary""]",0,2,0,4ae192f8-8fd0-49b8-a635-d006bd10ed27,19HL,supplement,0,1,1599730739774,0,0
plugin_ios_activity_recognition,"[""stationary""]",0,2,0,4ae192f8-8fd0-49b8-a635-d006bd10ed27,19HL,supplement,0,1,1599730919774,0,0
plugin_ios_activity_recognition,"[""stationary""]",0,2,0,4ae192f8-8fd0-49b8-a635-d006bd10ed27,19HL,supplement,0,1,1599731099774,0,0
plugin_ios_activity_recognition,,0,2,0,4ae192f8-8fd0-49b8-a635-d006bd10ed27,19HL,,0,0,1599731263185,0,0
plugin_ios_activity_recognition,"[""stationary""]",0,2,0,4ae192f8-8fd0-49b8-a635-d006bd10ed27,19HL,,0,1,1599731275319,0,0
plugin_ios_activity_recognition,"[""stationary""]",0,2,0,4ae192f8-8fd0-49b8-a635-d006bd10ed27,19HL,supplement,0,1,1599731279774,0,0
plugin_ios_activity_recognition,,0,2,0,4ae192f8-8fd0-49b8-a635-d006bd10ed27,19HL,,0,0,1599731281409,0,0
plugin_ios_activity_recognition,"[""stationary""]",0,2,0,4ae192f8-8fd0-49b8-a635-d006bd10ed27,19HL,,0,1,1599731289423,0,0
plugin_ios_activity_recognition,,0,2,0,4ae192f8-8fd0-49b8-a635-d006bd10ed27,19HL,,0,0,1599731298398,0,0
plugin_ios_activity_recognition,"[""stationary""]",0,2,0,4ae192f8-8fd0-49b8-a635-d006bd10ed27,19HL,,0,1,1599731308655,0,0
plugin_ios_activity_recognition,,0,2,0,4ae192f8-8fd0-49b8-a635-d006bd10ed27,19HL,,0,0,1599731341992,0,0
plugin_ios_activity_recognition,"[""stationary""]",0,2,0,4ae192f8-8fd0-49b8-a635-d006bd10ed27,19HL,,0,1,1599731350372,0,0
plugin_ios_activity_recognition,"[""stationary""]",0,2,0,4ae192f8-8fd0-49b8-a635-d006bd10ed27,19HL,supplement,0,1,1599731530372,0,0
plugin_ios_activity_recognition,"[""stationary""]",0,2,0,4ae192f8-8fd0-49b8-a635-d006bd10ed27,19HL,supplement,0,1,1599731710372,0,0
plugin_ios_activity_recognition,"[""stationary""]",0,2,0,4ae192f8-8fd0-49b8-a635-d006bd10ed27,19HL,supplement,0,1,1599731890372,0,0
plugin_ios_activity_recognition,,0,2,0,4ae192f8-8fd0-49b8-a635-d006bd10ed27,19HL,,0,0,1599732005326,0,0
plugin_ios_activity_recognition,"[""stationary""]",0,2,0,4ae192f8-8fd0-49b8-a635-d006bd10ed27,19HL,,0,1,1599732024111,0,0
plugin_ios_activity_recognition,"[""stationary""]",0,2,0,4ae192f8-8fd0-49b8-a635-d006bd10ed27,19HL,supplement,0,1,1599732070372,0,0
plugin_ios_activity_recognition,,0,2,0,4ae192f8-8fd0-49b8-a635-d006bd10ed27,19HL,,0,0,1599732088576,0,0
plugin_ios_activity_recognition,"[""walking""]",0,1,0,4ae192f8-8fd0-49b8-a635-d006bd10ed27,19HL,,0,0,1599732092144,0,1
plugin_ios_activity_recognition,"[""walking""]",0,2,0,4ae192f8-8fd0-49b8-a635-d006bd10ed27,19HL,,0,0,1599732094972,0,1
plugin_ios_activity_recognition,"[""stationary""]",0,2,0,4ae192f8-8fd0-49b8-a635-d006bd10ed27,19HL,,0,1,1599732100705,0,0
plugin_ios_activity_recognition,"[""stationary""]",0,2,0,4ae192f8-8fd0-49b8-a635-d006bd10ed27,19HL,supplement,0,1,1599732280705,0,0
plugin_ios_activity_recognition,"[""stationary""]",0,2,0,4ae192f8-8fd0-49b8-a635-d006bd10ed27,19HL,supplement,0,1,1599732460705,0,0
plugin_ios_activity_recognition,"[""stationary""]",0,2,0,4ae192f8-8fd0-49b8-a635-d006bd10ed27,19HL,supplement,0,1,1599732640705,0,0
plugin_ios_activity_recognition,"[""stationary""]",0,2,0,4ae192f8-8fd0-49b8-a635-d006bd10ed27,19HL,supplement,0,1,1599732820705,0,0
plugin_ios_activity_recognition,,0,2,0,4ae192f8-8fd0-49b8-a635-d006bd10ed27,19HL,,0,0,1599732980688,0,0
plugin_ios_activity_recognition,"[""stationary""]",0,2,0,4ae192f8-8fd0-49b8-a635-d006bd10ed27,19HL,,0,1,1599732990887,0,0
plugin_ios_activity_recognition,"[""stationary""]",0,2,0,4ae192f8-8fd0-49b8-a635-d006bd10ed27,19HL,supplement,0,1,1599733000705,0,0
plugin_ios_activity_recognition,"[""stationary""]",0,2,0,4ae192f8-8fd0-49b8-a635-d006bd10ed27,19HL,supplement,0,1,1599733170887,0,0
plugin_ios_activity_recognition,,0,2,0,4ae192f8-8fd0-49b8-a635-d006bd10ed27,19HL,,0,0,1599733255076,0,0
plugin_ios_activity_recognition,"[""stationary""]",0,2,0,4ae192f8-8fd0-49b8-a635-d006bd10ed27,19HL,,0,1,1599733261783,0,0
plugin_ios_activity_recognition,,0,2,0,4ae192f8-8fd0-49b8-a635-d006bd10ed27,19HL,,0,0,1599733271682,0,0
plugin_ios_activity_recognition,"[""stationary""]",0,2,0,4ae192f8-8fd0-49b8-a635-d006bd10ed27,19HL,,0,1,1599733277097,0,0
plugin_ios_activity_recognition,"[""stationary""]",0,2,0,4ae192f8-8fd0-49b8-a635-d006bd10ed27,19HL,supplement,0,1,1599733350887,0,0
plugin_ios_activity_recognition,"[""stationary""]",0,2,0,4ae192f8-8fd0-49b8-a635-d006bd10ed27,19HL,supplement,0,1,1599733457097,0,0
plugin_ios_activity_recognition,,0,2,0,4ae192f8-8fd0-49b8-a635-d006bd10ed27,19HL,,0,0,1599733511211,0,0
plugin_ios_activity_recognition,"[""stationary""]",0,2,0,4ae192f8-8fd0-49b8-a635-d006bd10ed27,19HL,,0,1,1599733523998,0,0
plugin_ios_activity_recognition,"[""stationary""]",0,2,0,4ae192f8-8fd0-49b8-a635-d006bd10ed27,19HL,supplement,0,1,1599733637097,0,0
plugin_ios_activity_recognition,"[""stationary""]",0,2,0,4ae192f8-8fd0-49b8-a635-d006bd10ed27,19HL,supplement,0,1,1599733703998,0,0
plugin_ios_activity_recognition,,0,2,0,4ae192f8-8fd0-49b8-a635-d006bd10ed27,19HL,,0,0,1599733734779,0,0
plugin_ios_activity_recognition,"[""stationary""]",0,2,0,4ae192f8-8fd0-49b8-a635-d006bd10ed27,19HL,,0,1,1599733738920,0,0
plugin_ios_activity_recognition,,0,2,0,4ae192f8-8fd0-49b8-a635-d006bd10ed27,19HL,,0,0,1599733763231,0,0
plugin_ios_activity_recognition,"[""stationary""]",0,2,0,4ae192f8-8fd0-49b8-a635-d006bd10ed27,19HL,,0,1,1599733780749,0,0
plugin_ios_activity_recognition,,0,2,0,4ae192f8-8fd0-49b8-a635-d006bd10ed27,19HL,,0,0,1599733783298,0,0
plugin_ios_activity_recognition,"[""walking""]",0,1,0,4ae192f8-8fd0-49b8-a635-d006bd10ed27,19HL,,0,0,1599733788793,0,1
plugin_ios_activity_recognition,"[""walking""]",0,2,0,4ae192f8-8fd0-49b8-a635-d006bd10ed27,19HL,,0,0,1599733795138,0,1
plugin_ios_activity_recognition,,0,2,0,4ae192f8-8fd0-49b8-a635-d006bd10ed27,19HL,,0,0,1599733824680,0,0
plugin_ios_activity_recognition,"[""stationary""]",0,2,0,4ae192f8-8fd0-49b8-a635-d006bd10ed27,19HL,,0,1,1599733846428,0,0
plugin_ios_activity_recognition,,0,2,0,4ae192f8-8fd0-49b8-a635-d006bd10ed27,19HL,,0,0,1599733850595,0,0
plugin_ios_activity_recognition,"[""stationary""]",0,2,0,4ae192f8-8fd0-49b8-a635-d006bd10ed27,19HL,,0,1,1599733857647,0,0
plugin_ios_activity_recognition,"[""stationary""]",0,2,0,4ae192f8-8fd0-49b8-a635-d006bd10ed27,19HL,supplement,0,1,1599733883998,0,0
plugin_ios_activity_recognition,"[""stationary""]",0,2,0,4ae192f8-8fd0-49b8-a635-d006bd10ed27,19HL,supplement,0,1,1599734037647,0,0
plugin_ios_activity_recognition,"[""stationary""]",0,2,0,4ae192f8-8fd0-49b8-a635-d006bd10ed27,19HL,supplement,0,1,1599734217647,0,0
plugin_ios_activity_recognition,"[""stationary""]",0,2,0,4ae192f8-8fd0-49b8-a635-d006bd10ed27,19HL,supplement,0,1,1599734397647,0,0
plugin_ios_activity_recognition,,0,2,0,4ae192f8-8fd0-49b8-a635-d006bd10ed27,19HL,,0,0,1599734404992,0,0
plugin_ios_activity_recognition,"[""walking""]",0,1,0,4ae192f8-8fd0-49b8-a635-d006bd10ed27,19HL,,0,0,1599734409212,0,1
plugin_ios_activity_recognition,"[""stationary""]",0,2,0,4ae192f8-8fd0-49b8-a635-d006bd10ed27,19HL,,0,1,1599734424861,0,0
plugin_ios_activity_recognition,"[""stationary""]",0,2,0,4ae192f8-8fd0-49b8-a635-d006bd10ed27,19HL,supplement,0,1,1599734577647,0,0
plugin_ios_activity_recognition,"[""stationary""]",0,2,0,4ae192f8-8fd0-49b8-a635-d006bd10ed27,19HL,supplement,0,1,1599734604861,0,0
plugin_ios_activity_recognition,,0,2,0,4ae192f8-8fd0-49b8-a635-d006bd10ed27,19HL,,0,0,1599734623213,0,0
plugin_ios_activity_recognition,"[""stationary""]",0,2,0,4ae192f8-8fd0-49b8-a635-d006bd10ed27,19HL,,0,1,1599734670677,0,0
plugin_ios_activity_recognition,,0,2,0,4ae192f8-8fd0-49b8-a635-d006bd10ed27,19HL,,0,0,1599734784331,0,0
plugin_ios_activity_recognition,"[""stationary""]",0,2,0,4ae192f8-8fd0-49b8-a635-d006bd10ed27,19HL,supplement,0,1,1599734784861,0,0
plugin_ios_activity_recognition,"[""stationary""]",0,2,0,4ae192f8-8fd0-49b8-a635-d006bd10ed27,19HL,,0,1,1599734788479,0,0
plugin_ios_activity_recognition,,0,2,0,4ae192f8-8fd0-49b8-a635-d006bd10ed27,19HL,,0,0,1599734849519,0,0
plugin_ios_activity_recognition,"[""stationary""]",0,2,0,4ae192f8-8fd0-49b8-a635-d006bd10ed27,19HL,,0,1,1599734859060,0,0
plugin_ios_activity_recognition,,0,2,0,4ae192f8-8fd0-49b8-a635-d006bd10ed27,19HL,,0,0,1599734936981,0,0
plugin_ios_activity_recognition,"[""stationary""]",0,2,0,4ae192f8-8fd0-49b8-a635-d006bd10ed27,19HL,,0,1,1599734942083,0,0
plugin_ios_activity_recognition,,0,2,0,4ae192f8-8fd0-49b8-a635-d006bd10ed27,19HL,,0,0,1599735083514,0,0
plugin_ios_activity_recognition,"[""walking""]",0,1,0,4ae192f8-8fd0-49b8-a635-d006bd10ed27,19HL,,0,0,1599735092197,0,1
plugin_ios_activity_recognition,"[""walking""]",0,2,0,4ae192f8-8fd0-49b8-a635-d006bd10ed27,19HL,,0,0,1599735105016,0,1
plugin_ios_activity_recognition,"[""stationary""]",0,2,0,4ae192f8-8fd0-49b8-a635-d006bd10ed27,19HL,,0,1,1599735120949,0,0
plugin_ios_activity_recognition,"[""walking""]",0,2,0,4ae192f8-8fd0-49b8-a635-d006bd10ed27,19HL,,0,0,1599735121900,0,1
plugin_ios_activity_recognition,,0,2,0,4ae192f8-8fd0-49b8-a635-d006bd10ed27,19HL,,0,0,1599735156222,0,0
plugin_ios_activity_recognition,"[""stationary""]",0,2,0,4ae192f8-8fd0-49b8-a635-d006bd10ed27,19HL,,0,1,1599735324435,0,0
plugin_ios_activity_recognition,,0,2,0,4ae192f8-8fd0-49b8-a635-d006bd10ed27,19HL,,0,0,1599735338797,0,0
plugin_ios_activity_recognition,"[""stationary""]",0,2,0,4ae192f8-8fd0-49b8-a635-d006bd10ed27,19HL,,0,1,1599735448151,0,0
plugin_ios_activity_recognition,,0,2,0,4ae192f8-8fd0-49b8-a635-d006bd10ed27,19HL,,0,0,1599735454521,0,0
plugin_ios_activity_recognition,"[""stationary""]",0,2,0,4ae192f8-8fd0-49b8-a635-d006bd10ed27,19HL,,0,1,1599735476881,0,0
plugin_ios_activity_recognition,,0,2,0,4ae192f8-8fd0-49b8-a635-d006bd10ed27,19HL,,0,0,1599735477202,0,0
plugin_ios_activity_recognition,"[""stationary""]",0,2,0,4ae192f8-8fd0-49b8-a635-d006bd10ed27,19HL,,0,1,1599735505990,0,0
plugin_ios_activity_recognition,,0,2,0,4ae192f8-8fd0-49b8-a635-d006bd10ed27,19HL,,0,0,1599735507901,0,0
plugin_ios_activity_recognition,"[""stationary""]",0,2,0,4ae192f8-8fd0-49b8-a635-d006bd10ed27,19HL,,0,1,1599735541774,0,0
plugin_ios_activity_recognition,,0,2,0,4ae192f8-8fd0-49b8-a635-d006bd10ed27,19HL,,0,0,1599735563755,0,0
plugin_ios_activity_recognition,"[""stationary""]",0,2,0,4ae192f8-8fd0-49b8-a635-d006bd10ed27,19HL,,0,1,1599735574907,0,0
plugin_ios_activity_recognition,,0,2,0,4ae192f8-8fd0-49b8-a635-d006bd10ed27,19HL,,0,0,1599735580323,0,0
plugin_ios_activity_recognition,"[""stationary""]",0,2,0,4ae192f8-8fd0-49b8-a635-d006bd10ed27,19HL,,0,1,1599735597612,0,0
plugin_ios_activity_recognition,,0,2,0,4ae192f8-8fd0-49b8-a635-d006bd10ed27,19HL,,0,0,1599735599203,0,0
plugin_ios_activity_recognition,"[""stationary""]",0,2,0,4ae192f8-8fd0-49b8-a635-d006bd10ed27,19HL,,0,1,1599735615153,0,0
plugin_ios_activity_recognition,,0,2,0,4ae192f8-8fd0-49b8-a635-d006bd10ed27,19HL,,0,0,1599735622164,0,0
plugin_ios_activity_recognition,"[""stationary""]",0,2,0,4ae192f8-8fd0-49b8-a635-d006bd10ed27,19HL,,0,1,1599735649662,0,0
plugin_ios_activity_recognition,,0,2,0,4ae192f8-8fd0-49b8-a635-d006bd10ed27,19HL,,0,0,1599735651211,0,0
plugin_ios_activity_recognition,"[""stationary""]",0,2,0,4ae192f8-8fd0-49b8-a635-d006bd10ed27,19HL,,0,1,1599735679974,0,0
plugin_ios_activity_recognition,,0,2,0,4ae192f8-8fd0-49b8-a635-d006bd10ed27,19HL,,0,0,1599735686983,0,0
plugin_ios_activity_recognition,"[""stationary""]",0,2,0,4ae192f8-8fd0-49b8-a635-d006bd10ed27,19HL,,0,1,1599735753533,0,0
plugin_ios_activity_recognition,,0,2,0,4ae192f8-8fd0-49b8-a635-d006bd10ed27,19HL,,0,0,1599735754538,0,0
plugin_ios_activity_recognition,"[""stationary""]",0,2,0,4ae192f8-8fd0-49b8-a635-d006bd10ed27,19HL,,0,1,1599735765364,0,0
plugin_ios_activity_recognition,,0,2,0,4ae192f8-8fd0-49b8-a635-d006bd10ed27,19HL,,0,0,1599735767913,0,0
plugin_ios_activity_recognition,"[""stationary""]",0,2,0,4ae192f8-8fd0-49b8-a635-d006bd10ed27,19HL,,0,1,1599735772048,0,0
plugin_ios_activity_recognition,,0,2,0,4ae192f8-8fd0-49b8-a635-d006bd10ed27,19HL,,0,0,1599735773319,0,0
plugin_ios_activity_recognition,"[""stationary""]",0,2,0,4ae192f8-8fd0-49b8-a635-d006bd10ed27,19HL,,0,1,1599735834617,0,0
plugin_ios_activity_recognition,,0,2,0,4ae192f8-8fd0-49b8-a635-d006bd10ed27,19HL,,0,0,1599735840971,0,0
plugin_ios_activity_recognition,"[""stationary""]",0,2,0,4ae192f8-8fd0-49b8-a635-d006bd10ed27,19HL,,0,1,1599735923757,0,0
plugin_ios_activity_recognition,,0,2,0,4ae192f8-8fd0-49b8-a635-d006bd10ed27,19HL,,0,0,1599735931397,0,0
plugin_ios_activity_recognition,"[""stationary""]",0,2,0,4ae192f8-8fd0-49b8-a635-d006bd10ed27,19HL,,0,1,1599735989874,0,0
plugin_ios_activity_recognition,,0,2,0,4ae192f8-8fd0-49b8-a635-d006bd10ed27,19HL,,0,0,1599735992151,0,0
plugin_ios_activity_recognition,"[""stationary""]",0,2,0,4ae192f8-8fd0-49b8-a635-d006bd10ed27,19HL,,0,1,1599736036695,0,0
plugin_ios_activity_recognition,,0,2,0,4ae192f8-8fd0-49b8-a635-d006bd10ed27,19HL,,0,0,1599736044962,0,0
plugin_ios_activity_recognition,"[""stationary""]",0,2,0,4ae192f8-8fd0-49b8-a635-d006bd10ed27,19HL,,0,1,1599736051964,0,0
plugin_ios_activity_recognition,,0,2,0,4ae192f8-8fd0-49b8-a635-d006bd10ed27,19HL,,0,0,1599736056103,0,0
plugin_ios_activity_recognition,"[""stationary""]",0,2,0,4ae192f8-8fd0-49b8-a635-d006bd10ed27,19HL,,0,1,1599736071129,0,0
plugin_ios_activity_recognition,,0,2,0,4ae192f8-8fd0-49b8-a635-d006bd10ed27,19HL,,0,0,1599736075552,0,0
plugin_ios_activity_recognition,"[""stationary""]",0,2,0,4ae192f8-8fd0-49b8-a635-d006bd10ed27,19HL,,0,1,1599736184993,0,0
plugin_ios_activity_recognition,,0,2,0,4ae192f8-8fd0-49b8-a635-d006bd10ed27,19HL,,0,0,1599736186270,0,0
plugin_ios_activity_recognition,"[""stationary""]",0,2,0,4ae192f8-8fd0-49b8-a635-d006bd10ed27,19HL,,0,1,1599736241419,0,0
plugin_ios_activity_recognition,,0,2,0,4ae192f8-8fd0-49b8-a635-d006bd10ed27,19HL,,0,0,1599736246180,0,0
plugin_ios_activity_recognition,"[""stationary""]",0,2,0,4ae192f8-8fd0-49b8-a635-d006bd10ed27,19HL,,0,1,1599736284474,0,0
plugin_ios_activity_recognition,,0,2,0,4ae192f8-8fd0-49b8-a635-d006bd10ed27,19HL,,0,0,1599736288294,0,0
plugin_ios_activity_recognition,"[""stationary""]",0,2,0,4ae192f8-8fd0-49b8-a635-d006bd10ed27,19HL,,0,1,1599736332907,0,0
plugin_ios_activity_recognition,,0,2,0,4ae192f8-8fd0-49b8-a635-d006bd10ed27,19HL,,0,0,1599736333227,0,0
plugin_ios_activity_recognition,"[""stationary""]",0,2,0,4ae192f8-8fd0-49b8-a635-d006bd10ed27,19HL,,0,1,1599736361663,0,0
plugin_ios_activity_recognition,,0,2,0,4ae192f8-8fd0-49b8-a635-d006bd10ed27,19HL,,0,0,1599736368682,0,0
plugin_ios_activity_recognition,"[""stationary""]",0,2,0,4ae192f8-8fd0-49b8-a635-d006bd10ed27,19HL,,0,1,1599736372220,0,0
plugin_ios_activity_recognition,,0,2,0,4ae192f8-8fd0-49b8-a635-d006bd10ed27,19HL,,0,0,1599736374771,0,0
plugin_ios_activity_recognition,"[""stationary""]",0,2,0,4ae192f8-8fd0-49b8-a635-d006bd10ed27,19HL,,0,1,1599736378874,0,0
plugin_ios_activity_recognition,,0,2,0,4ae192f8-8fd0-49b8-a635-d006bd10ed27,19HL,,0,0,1599736384969,0,0
plugin_ios_activity_recognition,"[""stationary""]",0,2,0,4ae192f8-8fd0-49b8-a635-d006bd10ed27,19HL,,0,1,1599736396735,0,0
plugin_ios_activity_recognition,,0,2,0,4ae192f8-8fd0-49b8-a635-d006bd10ed27,19HL,,0,0,1599736403754,0,0
plugin_ios_activity_recognition,"[""stationary""]",0,2,0,4ae192f8-8fd0-49b8-a635-d006bd10ed27,19HL,,0,1,1599736407946,0,0
plugin_ios_activity_recognition,,0,2,0,4ae192f8-8fd0-49b8-a635-d006bd10ed27,19HL,,0,0,1599736440444,0,0
plugin_ios_activity_recognition,"[""stationary""]",0,2,0,4ae192f8-8fd0-49b8-a635-d006bd10ed27,19HL,,0,1,1599736444590,0,0
plugin_ios_activity_recognition,,0,2,0,4ae192f8-8fd0-49b8-a635-d006bd10ed27,19HL,,0,0,1599736450012,0,0
plugin_ios_activity_recognition,"[""stationary""]",0,2,0,4ae192f8-8fd0-49b8-a635-d006bd10ed27,19HL,,0,1,1599736454158,0,0
plugin_ios_activity_recognition,,0,2,0,4ae192f8-8fd0-49b8-a635-d006bd10ed27,19HL,,0,0,1599736468520,0,0
plugin_ios_activity_recognition,"[""stationary""]",0,2,0,4ae192f8-8fd0-49b8-a635-d006bd10ed27,19HL,,0,1,1599736494992,0,0
plugin_ios_activity_recognition,,0,2,0,4ae192f8-8fd0-49b8-a635-d006bd10ed27,19HL,,0,0,1599736495946,0,0
plugin_ios_activity_recognition,"[""stationary""]",0,2,0,4ae192f8-8fd0-49b8-a635-d006bd10ed27,19HL,,0,1,1599736591195,0,0
plugin_ios_activity_recognition,,0,2,0,4ae192f8-8fd0-49b8-a635-d006bd10ed27,19HL,,0,0,1599736592468,0,0
plugin_ios_activity_recognition,"[""stationary""]",0,2,0,4ae192f8-8fd0-49b8-a635-d006bd10ed27,19HL,,0,1,1599736605246,0,0
plugin_ios_activity_recognition,,0,2,0,4ae192f8-8fd0-49b8-a635-d006bd10ed27,19HL,,0,0,1599736609392,0,0
plugin_ios_activity_recognition,"[""stationary""]",0,2,0,4ae192f8-8fd0-49b8-a635-d006bd10ed27,19HL,,0,1,1599736626008,0,0
plugin_ios_activity_recognition,,0,2,0,4ae192f8-8fd0-49b8-a635-d006bd10ed27,19HL,,0,0,1599736626320,0,0
plugin_ios_activity_recognition,"[""walking""]",0,1,0,4ae192f8-8fd0-49b8-a635-d006bd10ed27,19HL,,0,0,1599736776220,0,1
plugin_ios_activity_recognition,"[""walking""]",0,2,0,4ae192f8-8fd0-49b8-a635-d006bd10ed27,19HL,,0,0,1599736780960,0,1
plugin_ios_activity_recognition,"[""stationary""]",0,2,0,4ae192f8-8fd0-49b8-a635-d006bd10ed27,19HL,,0,1,1599736787976,0,0
plugin_ios_activity_recognition,"[""walking""]",0,2,0,4ae192f8-8fd0-49b8-a635-d006bd10ed27,19HL,,0,0,1599736794672,0,1
plugin_ios_activity_recognition,"[""stationary""]",0,2,0,4ae192f8-8fd0-49b8-a635-d006bd10ed27,19HL,,0,1,1599736800422,0,0
plugin_ios_activity_recognition,"[""walking""]",0,2,0,4ae192f8-8fd0-49b8-a635-d006bd10ed27,19HL,,0,0,1599736822733,0,1
plugin_ios_activity_recognition,"[""stationary""]",0,2,0,4ae192f8-8fd0-49b8-a635-d006bd10ed27,19HL,,0,1,1599736870473,0,0
plugin_ios_activity_recognition,,0,2,0,4ae192f8-8fd0-49b8-a635-d006bd10ed27,19HL,,0,0,1599736986223,0,0
plugin_ios_activity_recognition,"[""walking""]",0,1,0,4ae192f8-8fd0-49b8-a635-d006bd10ed27,19HL,,0,0,1599737006119,0,1
plugin_ios_activity_recognition,"[""walking""]",0,2,0,4ae192f8-8fd0-49b8-a635-d006bd10ed27,19HL,,0,0,1599737008684,0,1
plugin_ios_activity_recognition,"[""stationary""]",0,2,0,4ae192f8-8fd0-49b8-a635-d006bd10ed27,19HL,,0,1,1599737045485,0,0
plugin_ios_activity_recognition,"[""stationary""]",0,2,0,4ae192f8-8fd0-49b8-a635-d006bd10ed27,19HL,supplement,0,1,1599737225485,0,0
plugin_ios_activity_recognition,,0,2,0,4ae192f8-8fd0-49b8-a635-d006bd10ed27,19HL,,0,0,1599737284075,0,0
plugin_ios_activity_recognition,"[""walking""]",0,1,0,4ae192f8-8fd0-49b8-a635-d006bd10ed27,19HL,,0,0,1599737287327,0,1
plugin_ios_activity_recognition,,0,2,0,4ae192f8-8fd0-49b8-a635-d006bd10ed27,19HL,,0,0,1599737300142,0,0
plugin_ios_activity_recognition,"[""walking""]",0,1,0,4ae192f8-8fd0-49b8-a635-d006bd10ed27,19HL,,0,0,1599737364227,0,1
plugin_ios_activity_recognition,"[""walking""]",0,2,0,4ae192f8-8fd0-49b8-a635-d006bd10ed27,19HL,,0,0,1599737371919,0,1
plugin_ios_activity_recognition,"[""stationary""]",0,2,0,4ae192f8-8fd0-49b8-a635-d006bd10ed27,19HL,supplement,0,1,1599737405485,0,0
plugin_ios_activity_recognition,,0,2,0,4ae192f8-8fd0-49b8-a635-d006bd10ed27,19HL,,0,0,1599737423171,0,0
plugin_ios_activity_recognition,"[""walking""]",0,2,0,4ae192f8-8fd0-49b8-a635-d006bd10ed27,19HL,,0,0,1599737425734,0,1
plugin_ios_activity_recognition,"[""stationary""]",0,2,0,4ae192f8-8fd0-49b8-a635-d006bd10ed27,19HL,,0,1,1599737540687,0,0
plugin_ios_activity_recognition,,0,2,0,4ae192f8-8fd0-49b8-a635-d006bd10ed27,19HL,,0,0,1599737549001,0,0
plugin_ios_activity_recognition,"[""automotive""]",1,2,0,4ae192f8-8fd0-49b8-a635-d006bd10ed27,19HL,,0,0,1599737676868,0,0
plugin_ios_activity_recognition,"[""automotive""]",1,2,0,4ae192f8-8fd0-49b8-a635-d006bd10ed27,19HL,supplement,0,0,1599737856868,0,0
plugin_ios_activity_recognition,,0,2,0,4ae192f8-8fd0-49b8-a635-d006bd10ed27,19HL,,0,0,1599738033107,0,0
plugin_ios_activity_recognition,"[""automotive""]",1,2,0,4ae192f8-8fd0-49b8-a635-d006bd10ed27,19HL,supplement,0,0,1599738036868,0,0
plugin_ios_activity_recognition,"[""walking""]",0,1,0,4ae192f8-8fd0-49b8-a635-d006bd10ed27,19HL,,0,0,1599738184313,0,1
plugin_ios_activity_recognition,"[""walking""]",0,2,0,4ae192f8-8fd0-49b8-a635-d006bd10ed27,19HL,,0,0,1599738186876,0,1
plugin_ios_activity_recognition,"[""walking""]",0,2,0,4ae192f8-8fd0-49b8-a635-d006bd10ed27,19HL,supplement,0,0,1599738366876,0,1
plugin_ios_activity_recognition,,0,2,0,4ae192f8-8fd0-49b8-a635-d006bd10ed27,19HL,,0,0,1599738443746,0,0
plugin_ios_activity_recognition,"[""stationary""]",0,2,0,4ae192f8-8fd0-49b8-a635-d006bd10ed27,19HL,,0,1,1599738455943,0,0
plugin_ios_activity_recognition,,0,2,0,4ae192f8-8fd0-49b8-a635-d006bd10ed27,19HL,,0,0,1599738497123,0,0
plugin_ios_activity_recognition,"[""stationary""]",0,2,0,4ae192f8-8fd0-49b8-a635-d006bd10ed27,19HL,,0,1,1599738500633,0,0
plugin_ios_activity_recognition,,0,2,0,4ae192f8-8fd0-49b8-a635-d006bd10ed27,19HL,,0,0,1599738508958,0,0
plugin_ios_activity_recognition,"[""stationary""]",0,2,0,4ae192f8-8fd0-49b8-a635-d006bd10ed27,19HL,,0,1,1599738519886,0,0
plugin_ios_activity_recognition,,0,2,0,4ae192f8-8fd0-49b8-a635-d006bd10ed27,19HL,,0,0,1599738521762,0,0
plugin_ios_activity_recognition,"[""stationary""]",0,2,0,4ae192f8-8fd0-49b8-a635-d006bd10ed27,19HL,,0,1,1599738527196,0,0
plugin_ios_activity_recognition,"[""walking""]",0,2,0,4ae192f8-8fd0-49b8-a635-d006bd10ed27,19HL,supplement,0,0,1599738546876,0,1
plugin_ios_activity_recognition,,0,2,0,4ae192f8-8fd0-49b8-a635-d006bd10ed27,19HL,,0,0,1599738624841,0,0
plugin_ios_activity_recognition,"[""stationary""]",0,2,0,4ae192f8-8fd0-49b8-a635-d006bd10ed27,19HL,,0,1,1599738628988,0,0
plugin_ios_activity_recognition,"[""stationary""]",0,2,0,4ae192f8-8fd0-49b8-a635-d006bd10ed27,19HL,supplement,0,1,1599738808988,0,0
plugin_ios_activity_recognition,,0,2,0,4ae192f8-8fd0-49b8-a635-d006bd10ed27,19HL,,0,0,1599738861979,0,0
plugin_ios_activity_recognition,"[""stationary""]",0,2,0,4ae192f8-8fd0-49b8-a635-d006bd10ed27,19HL,,0,1,1599738866409,0,0
plugin_ios_activity_recognition,,0,2,0,4ae192f8-8fd0-49b8-a635-d006bd10ed27,19HL,,0,0,1599738866730,0,0
plugin_ios_activity_recognition,"[""stationary""]",0,2,0,4ae192f8-8fd0-49b8-a635-d006bd10ed27,19HL,,0,1,1599738872204,0,0
plugin_ios_activity_recognition,"[""stationary""]",0,2,0,4ae192f8-8fd0-49b8-a635-d006bd10ed27,19HL,supplement,0,1,1599738988988,0,0
plugin_ios_activity_recognition,"[""stationary""]",0,2,0,4ae192f8-8fd0-49b8-a635-d006bd10ed27,19HL,supplement,0,1,1599739052204,0,0
plugin_ios_activity_recognition,,0,2,0,4ae192f8-8fd0-49b8-a635-d006bd10ed27,19HL,,0,0,1599739119426,0,0
plugin_ios_activity_recognition,"[""stationary""]",0,2,0,4ae192f8-8fd0-49b8-a635-d006bd10ed27,19HL,,0,1,1599739212300,0,0
plugin_ios_activity_recognition,,0,2,0,4ae192f8-8fd0-49b8-a635-d006bd10ed27,19HL,,0,0,1599739224113,0,0
plugin_ios_activity_recognition,"[""stationary""]",0,2,0,4ae192f8-8fd0-49b8-a635-d006bd10ed27,19HL,,0,1,1599739231803,0,0
plugin_ios_activity_recognition,"[""stationary""]",0,2,0,4ae192f8-8fd0-49b8-a635-d006bd10ed27,19HL,supplement,0,1,1599739232204,0,0
plugin_ios_activity_recognition,,0,2,0,4ae192f8-8fd0-49b8-a635-d006bd10ed27,19HL,,0,0,1599739238829,0,0
plugin_ios_activity_recognition,"[""stationary""]",0,2,0,4ae192f8-8fd0-49b8-a635-d006bd10ed27,19HL,,0,1,1599739250372,0,0
plugin_ios_activity_recognition,,0,2,0,4ae192f8-8fd0-49b8-a635-d006bd10ed27,19HL,,0,0,1599739259606,0,0
plugin_ios_activity_recognition,"[""stationary""]",0,2,0,4ae192f8-8fd0-49b8-a635-d006bd10ed27,19HL,,0,1,1599739275293,0,0
plugin_ios_activity_recognition,,0,2,0,4ae192f8-8fd0-49b8-a635-d006bd10ed27,19HL,,0,0,1599739277211,0,0
plugin_ios_activity_recognition,"[""stationary""]",0,2,0,4ae192f8-8fd0-49b8-a635-d006bd10ed27,19HL,,0,1,1599739280736,0,0
plugin_ios_activity_recognition,,0,2,0,4ae192f8-8fd0-49b8-a635-d006bd10ed27,19HL,,0,0,1599739334020,0,0
plugin_ios_activity_recognition,"[""stationary""]",0,2,0,4ae192f8-8fd0-49b8-a635-d006bd10ed27,19HL,,0,1,1599739347507,0,0
plugin_ios_activity_recognition,,0,2,0,4ae192f8-8fd0-49b8-a635-d006bd10ed27,19HL,,0,0,1599739349702,0,0
plugin_ios_activity_recognition,"[""stationary""]",0,2,0,4ae192f8-8fd0-49b8-a635-d006bd10ed27,19HL,,0,1,1599739361219,0,0
plugin_ios_activity_recognition,,0,2,0,4ae192f8-8fd0-49b8-a635-d006bd10ed27,19HL,,0,0,1599739382656,0,0
plugin_ios_activity_recognition,"[""stationary""]",0,2,0,4ae192f8-8fd0-49b8-a635-d006bd10ed27,19HL,,0,1,1599739388737,0,0
plugin_ios_activity_recognition,,0,2,0,4ae192f8-8fd0-49b8-a635-d006bd10ed27,19HL,,0,0,1599739390654,0,0
plugin_ios_activity_recognition,"[""stationary""]",0,2,0,4ae192f8-8fd0-49b8-a635-d006bd10ed27,19HL,,0,1,1599739394489,0,0
plugin_ios_activity_recognition,,0,2,0,4ae192f8-8fd0-49b8-a635-d006bd10ed27,19HL,,0,0,1599739440143,0,0
plugin_ios_activity_recognition,"[""stationary""]",0,2,0,4ae192f8-8fd0-49b8-a635-d006bd10ed27,19HL,,0,1,1599739446220,0,0
plugin_ios_activity_recognition,,0,2,0,4ae192f8-8fd0-49b8-a635-d006bd10ed27,19HL,,0,0,1599739457739,0,0
plugin_ios_activity_recognition,"[""stationary""]",0,2,0,4ae192f8-8fd0-49b8-a635-d006bd10ed27,19HL,,0,1,1599739473721,0,0
plugin_ios_activity_recognition,,0,2,0,4ae192f8-8fd0-49b8-a635-d006bd10ed27,19HL,,0,0,1599739477234,0,0
plugin_ios_activity_recognition,"[""stationary""]",0,2,0,4ae192f8-8fd0-49b8-a635-d006bd10ed27,19HL,,0,1,1599739481724,0,0
plugin_ios_activity_recognition,,0,2,0,4ae192f8-8fd0-49b8-a635-d006bd10ed27,19HL,,0,0,1599739493530,0,0
plugin_ios_activity_recognition,"[""stationary""]",0,2,0,4ae192f8-8fd0-49b8-a635-d006bd10ed27,19HL,,0,1,1599739499292,0,0
plugin_ios_activity_recognition,,0,2,0,4ae192f8-8fd0-49b8-a635-d006bd10ed27,19HL,,0,0,1599739504079,0,0
plugin_ios_activity_recognition,"[""stationary""]",0,2,0,4ae192f8-8fd0-49b8-a635-d006bd10ed27,19HL,,0,1,1599739507599,0,0
plugin_ios_activity_recognition,,0,2,0,4ae192f8-8fd0-49b8-a635-d006bd10ed27,19HL,,0,0,1599739509521,0,0
plugin_ios_activity_recognition,"[""stationary""]",0,2,0,4ae192f8-8fd0-49b8-a635-d006bd10ed27,19HL,,0,1,1599739520085,0,0
plugin_ios_activity_recognition,,0,2,0,4ae192f8-8fd0-49b8-a635-d006bd10ed27,19HL,,0,0,1599739535395,0,0
plugin_ios_activity_recognition,"[""stationary""]",0,2,0,4ae192f8-8fd0-49b8-a635-d006bd10ed27,19HL,,0,1,1599739544036,0,0
plugin_ios_activity_recognition,,0,2,0,4ae192f8-8fd0-49b8-a635-d006bd10ed27,19HL,,0,0,1599739612091,0,0
plugin_ios_activity_recognition,"[""stationary""]",0,2,0,4ae192f8-8fd0-49b8-a635-d006bd10ed27,19HL,,0,1,1599739619774,0,0
plugin_ios_activity_recognition,,0,2,0,4ae192f8-8fd0-49b8-a635-d006bd10ed27,19HL,,0,0,1599739624887,0,0
plugin_ios_activity_recognition,"[""stationary""]",0,2,0,4ae192f8-8fd0-49b8-a635-d006bd10ed27,19HL,,0,1,1599739634818,0,0
plugin_ios_activity_recognition,,0,2,0,4ae192f8-8fd0-49b8-a635-d006bd10ed27,19HL,,0,0,1599739636732,0,0
plugin_ios_activity_recognition,"[""walking""]",0,1,0,4ae192f8-8fd0-49b8-a635-d006bd10ed27,19HL,,0,0,1599739646701,0,1
plugin_ios_activity_recognition,"[""walking""]",0,2,0,4ae192f8-8fd0-49b8-a635-d006bd10ed27,19HL,,0,0,1599739649262,0,1
plugin_ios_activity_recognition,,0,2,0,4ae192f8-8fd0-49b8-a635-d006bd10ed27,19HL,,0,0,1599739682558,0,0
plugin_ios_activity_recognition,"[""stationary""]",0,2,0,4ae192f8-8fd0-49b8-a635-d006bd10ed27,19HL,,0,1,1599739694660,0,0
plugin_ios_activity_recognition,,0,2,0,4ae192f8-8fd0-49b8-a635-d006bd10ed27,19HL,,0,0,1599739695923,0,0
plugin_ios_activity_recognition,"[""stationary""]",0,2,0,4ae192f8-8fd0-49b8-a635-d006bd10ed27,19HL,,0,1,1599739735602,0,0
plugin_ios_activity_recognition,,0,2,0,4ae192f8-8fd0-49b8-a635-d006bd10ed27,19HL,,0,0,1599739748687,0,0
plugin_ios_activity_recognition,"[""stationary""]",0,2,0,4ae192f8-8fd0-49b8-a635-d006bd10ed27,19HL,,0,1,1599739758914,0,0
plugin_ios_activity_recognition,,0,2,0,4ae192f8-8fd0-49b8-a635-d006bd10ed27,19HL,,0,0,1599739760831,0,0
plugin_ios_activity_recognition,,0,2,0,4ae192f8-8fd0-49b8-a635-d006bd10ed27,19HL,supplement,0,0,1599739940831,0,0
plugin_ios_activity_recognition,"[""stationary""]",0,2,0,4ae192f8-8fd0-49b8-a635-d006bd10ed27,19HL,,0,1,1599740103830,0,0
plugin_ios_activity_recognition,,0,2,0,4ae192f8-8fd0-49b8-a635-d006bd10ed27,19HL,supplement,0,0,1599740120831,0,0
plugin_ios_activity_recognition,"[""stationary""]",0,2,0,4ae192f8-8fd0-49b8-a635-d006bd10ed27,19HL,supplement,0,1,1599740283830,0,0
plugin_ios_activity_recognition,"[""stationary""]",0,2,0,4ae192f8-8fd0-49b8-a635-d006bd10ed27,19HL,supplement,0,1,1599740463830,0,0
plugin_ios_activity_recognition,"[""stationary""]",0,2,0,4ae192f8-8fd0-49b8-a635-d006bd10ed27,19HL,supplement,0,1,1599740643830,0,0
plugin_ios_activity_recognition,"[""stationary""]",0,2,0,4ae192f8-8fd0-49b8-a635-d006bd10ed27,19HL,supplement,0,1,1599740823830,0,0
plugin_ios_activity_recognition,"[""stationary""]",0,2,0,4ae192f8-8fd0-49b8-a635-d006bd10ed27,19HL,supplement,0,1,1599741003830,0,0
plugin_ios_activity_recognition,"[""stationary""]",0,2,0,4ae192f8-8fd0-49b8-a635-d006bd10ed27,19HL,supplement,0,1,1599741183830,0,0
plugin_ios_activity_recognition,"[""stationary""]",0,2,0,4ae192f8-8fd0-49b8-a635-d006bd10ed27,19HL,supplement,0,1,1599741363830,0,0
plugin_ios_activity_recognition,"[""stationary""]",0,2,0,4ae192f8-8fd0-49b8-a635-d006bd10ed27,19HL,supplement,0,1,1599741543830,0,0
plugin_ios_activity_recognition,"[""stationary""]",0,2,0,4ae192f8-8fd0-49b8-a635-d006bd10ed27,19HL,supplement,0,1,1599741723830,0,0
plugin_ios_activity_recognition,"[""stationary""]",0,2,0,4ae192f8-8fd0-49b8-a635-d006bd10ed27,19HL,supplement,0,1,1599741903830,0,0
plugin_ios_activity_recognition,"[""stationary""]",0,2,0,4ae192f8-8fd0-49b8-a635-d006bd10ed27,19HL,supplement,0,1,1599742083830,0,0
plugin_ios_activity_recognition,"[""stationary""]",0,2,0,4ae192f8-8fd0-49b8-a635-d006bd10ed27,19HL,supplement,0,1,1599742263830,0,0
plugin_ios_activity_recognition,,0,2,0,4ae192f8-8fd0-49b8-a635-d006bd10ed27,19HL,,0,0,1599742352633,0,0
plugin_ios_activity_recognition,"[""walking""]",0,1,0,4ae192f8-8fd0-49b8-a635-d006bd10ed27,19HL,,0,0,1599742355559,0,1
plugin_ios_activity_recognition,"[""walking""]",0,2,0,4ae192f8-8fd0-49b8-a635-d006bd10ed27,19HL,,0,0,1599742360684,0,1
plugin_ios_activity_recognition,,0,2,0,4ae192f8-8fd0-49b8-a635-d006bd10ed27,19HL,,0,0,1599742411936,0,0
plugin_ios_activity_recognition,"[""stationary""]",0,2,0,4ae192f8-8fd0-49b8-a635-d006bd10ed27,19HL,supplement,0,1,1599742443830,0,0
plugin_ios_activity_recognition,"[""stationary""]",0,2,0,4ae192f8-8fd0-49b8-a635-d006bd10ed27,19HL,,0,1,1599742461529,0,0
plugin_ios_activity_recognition,,0,2,0,4ae192f8-8fd0-49b8-a635-d006bd10ed27,19HL,,0,0,1599742503020,0,0
plugin_ios_activity_recognition,"[""stationary""]",0,2,0,4ae192f8-8fd0-49b8-a635-d006bd10ed27,19HL,,0,1,1599742521865,0,0
plugin_ios_activity_recognition,"[""stationary""]",0,2,0,4ae192f8-8fd0-49b8-a635-d006bd10ed27,19HL,supplement,0,1,1599742701865,0,0
plugin_ios_activity_recognition,,0,2,0,4ae192f8-8fd0-49b8-a635-d006bd10ed27,19HL,,0,0,1599742713892,0,0
plugin_ios_activity_recognition,"[""stationary""]",0,2,0,4ae192f8-8fd0-49b8-a635-d006bd10ed27,19HL,,0,1,1599742718041,0,0
plugin_ios_activity_recognition,"[""stationary""]",0,2,0,4ae192f8-8fd0-49b8-a635-d006bd10ed27,19HL,supplement,0,1,1599742881865,0,0
plugin_ios_activity_recognition,"[""stationary""]",0,2,0,4ae192f8-8fd0-49b8-a635-d006bd10ed27,19HL,supplement,0,1,1599742898041,0,0
plugin_ios_activity_recognition,,0,2,0,4ae192f8-8fd0-49b8-a635-d006bd10ed27,19HL,,0,0,1599742954075,0,0
plugin_ios_activity_recognition,"[""stationary""]",0,2,0,4ae192f8-8fd0-49b8-a635-d006bd10ed27,19HL,,0,1,1599742957914,0,0
plugin_ios_activity_recognition,"[""stationary""]",0,2,0,4ae192f8-8fd0-49b8-a635-d006bd10ed27,19HL,supplement,0,1,1599743078041,0,0
plugin_ios_activity_recognition,,0,2,0,4ae192f8-8fd0-49b8-a635-d006bd10ed27,19HL,,0,0,1599743116817,0,0
plugin_ios_activity_recognition,"[""stationary""]",0,2,0,4ae192f8-8fd0-49b8-a635-d006bd10ed27,19HL,,0,1,1599743120655,0,0
plugin_ios_activity_recognition,,0,2,0,4ae192f8-8fd0-49b8-a635-d006bd10ed27,19HL,,0,0,1599743123213,0,0
plugin_ios_activity_recognition,"[""walking""]",0,1,0,4ae192f8-8fd0-49b8-a635-d006bd10ed27,19HL,,0,0,1599743126785,0,1
plugin_ios_activity_recognition,"[""walking""]",0,2,0,4ae192f8-8fd0-49b8-a635-d006bd10ed27,19HL,,0,0,1599743131913,0,1
plugin_ios_activity_recognition,"[""stationary""]",0,2,0,4ae192f8-8fd0-49b8-a635-d006bd10ed27,19HL,,0,1,1599743161011,0,0
plugin_ios_activity_recognition,"[""walking""]",0,2,0,4ae192f8-8fd0-49b8-a635-d006bd10ed27,19HL,,0,0,1599743164530,0,1
plugin_ios_activity_recognition,"[""stationary""]",0,2,0,4ae192f8-8fd0-49b8-a635-d006bd10ed27,19HL,,0,1,1599743168689,0,0
plugin_ios_activity_recognition,,0,2,0,4ae192f8-8fd0-49b8-a635-d006bd10ed27,19HL,,0,0,1599743206347,0,0
plugin_ios_activity_recognition,"[""stationary""]",0,2,0,4ae192f8-8fd0-49b8-a635-d006bd10ed27,19HL,,0,1,1599743210186,0,0
plugin_ios_activity_recognition,,0,2,0,4ae192f8-8fd0-49b8-a635-d006bd10ed27,19HL,,0,0,1599743249117,0,0
plugin_ios_activity_recognition,"[""stationary""]",0,2,0,4ae192f8-8fd0-49b8-a635-d006bd10ed27,19HL,,0,1,1599743254237,0,0
plugin_ios_activity_recognition,,0,2,0,4ae192f8-8fd0-49b8-a635-d006bd10ed27,19HL,,0,0,1599743341641,0,0
plugin_ios_activity_recognition,"[""stationary""]",0,2,0,4ae192f8-8fd0-49b8-a635-d006bd10ed27,19HL,,0,1,1599743351587,0,0
plugin_ios_activity_recognition,,0,2,0,4ae192f8-8fd0-49b8-a635-d006bd10ed27,19HL,,0,0,1599743431936,0,0
plugin_ios_activity_recognition,"[""stationary""]",0,2,0,4ae192f8-8fd0-49b8-a635-d006bd10ed27,19HL,,0,1,1599743436092,0,0
plugin_ios_activity_recognition,,0,2,0,4ae192f8-8fd0-49b8-a635-d006bd10ed27,19HL,,0,0,1599743439928,0,0
plugin_ios_activity_recognition,"[""stationary""]",0,2,0,4ae192f8-8fd0-49b8-a635-d006bd10ed27,19HL,,0,1,1599743444084,0,0
plugin_ios_activity_recognition,,0,2,0,4ae192f8-8fd0-49b8-a635-d006bd10ed27,19HL,,0,0,1599743584140,0,0
plugin_ios_activity_recognition,"[""stationary""]",0,2,0,4ae192f8-8fd0-49b8-a635-d006bd10ed27,19HL,,0,1,1599743588289,0,0
plugin_ios_activity_recognition,"[""stationary""]",0,2,0,4ae192f8-8fd0-49b8-a635-d006bd10ed27,19HL,supplement,0,1,1599743768289,0,0
plugin_ios_activity_recognition,,0,2,0,4ae192f8-8fd0-49b8-a635-d006bd10ed27,19HL,,0,0,1599743940872,0,0
plugin_ios_activity_recognition,"[""walking""]",0,1,0,4ae192f8-8fd0-49b8-a635-d006bd10ed27,19HL,,0,0,1599743943797,0,1
plugin_ios_activity_recognition,"[""stationary""]",0,2,0,4ae192f8-8fd0-49b8-a635-d006bd10ed27,19HL,supplement,0,1,1599743948289,0,0
plugin_ios_activity_recognition,"[""walking""]",0,2,0,4ae192f8-8fd0-49b8-a635-d006bd10ed27,19HL,,0,0,1599743951481,0,1
plugin_ios_activity_recognition,,0,2,0,4ae192f8-8fd0-49b8-a635-d006bd10ed27,19HL,,0,0,1599744002735,0,0
plugin_ios_activity_recognition,"[""stationary""]",0,2,0,4ae192f8-8fd0-49b8-a635-d006bd10ed27,19HL,,0,1,1599744075082,0,0
plugin_ios_activity_recognition,,0,2,0,4ae192f8-8fd0-49b8-a635-d006bd10ed27,19HL,,0,0,1599744111153,0,0
plugin_ios_activity_recognition,"[""stationary""]",0,2,0,4ae192f8-8fd0-49b8-a635-d006bd10ed27,19HL,,0,1,1599744114992,0,0
plugin_ios_activity_recognition,,0,2,0,4ae192f8-8fd0-49b8-a635-d006bd10ed27,19HL,,0,0,1599744116909,0,0
plugin_ios_activity_recognition,"[""stationary""]",0,2,0,4ae192f8-8fd0-49b8-a635-d006bd10ed27,19HL,,0,1,1599744122660,0,0
plugin_ios_activity_recognition,,0,2,0,4ae192f8-8fd0-49b8-a635-d006bd10ed27,19HL,,0,0,1599744180134,0,0
plugin_ios_activity_recognition,"[""stationary""]",0,2,0,4ae192f8-8fd0-49b8-a635-d006bd10ed27,19HL,,0,1,1599744183973,0,0
plugin_ios_activity_recognition,,0,2,0,4ae192f8-8fd0-49b8-a635-d006bd10ed27,19HL,,0,0,1599744244605,0,0
plugin_ios_activity_recognition,"[""walking""]",0,1,0,4ae192f8-8fd0-49b8-a635-d006bd10ed27,19HL,,0,0,1599744248175,0,1
plugin_ios_activity_recognition,"[""walking""]",0,2,0,4ae192f8-8fd0-49b8-a635-d006bd10ed27,19HL,,0,0,1599744263549,0,1
plugin_ios_activity_recognition,"[""stationary""]",0,2,0,4ae192f8-8fd0-49b8-a635-d006bd10ed27,19HL,,0,1,1599744368634,0,0
plugin_ios_activity_recognition,"[""walking""]",0,2,0,4ae192f8-8fd0-49b8-a635-d006bd10ed27,19HL,,0,0,1599744378516,0,1
plugin_ios_activity_recognition,,0,2,0,4ae192f8-8fd0-49b8-a635-d006bd10ed27,19HL,,0,0,1599744391703,0,0
plugin_ios_activity_recognition,"[""walking""]",0,1,0,4ae192f8-8fd0-49b8-a635-d006bd10ed27,19HL,,0,0,1599744396830,0,1
plugin_ios_activity_recognition,"[""walking""]",0,2,0,4ae192f8-8fd0-49b8-a635-d006bd10ed27,19HL,,0,0,1599744407083,0,1
plugin_ios_activity_recognition,,0,2,0,4ae192f8-8fd0-49b8-a635-d006bd10ed27,19HL,,0,0,1599744499356,0,0
plugin_ios_activity_recognition,"[""walking""]",0,1,0,4ae192f8-8fd0-49b8-a635-d006bd10ed27,19HL,,0,0,1599744673651,0,1
plugin_ios_activity_recognition,"[""walking""]",0,2,0,4ae192f8-8fd0-49b8-a635-d006bd10ed27,19HL,,0,0,1599744681341,0,1
plugin_ios_activity_recognition,,0,2,0,4ae192f8-8fd0-49b8-a635-d006bd10ed27,19HL,,0,0,1599744786431,0,0
plugin_ios_activity_recognition,"[""stationary""]",0,2,0,4ae192f8-8fd0-49b8-a635-d006bd10ed27,19HL,,0,1,1599744804328,0,0
plugin_ios_activity_recognition,,0,2,0,4ae192f8-8fd0-49b8-a635-d006bd10ed27,19HL,,0,0,1599744806891,0,0
plugin_ios_activity_recognition,"[""stationary""]",0,2,0,4ae192f8-8fd0-49b8-a635-d006bd10ed27,19HL,,0,1,1599744852988,0,0
plugin_ios_activity_recognition,,0,2,0,4ae192f8-8fd0-49b8-a635-d006bd10ed27,19HL,,0,0,1599744874041,0,0
plugin_ios_activity_recognition,"[""stationary""]",0,2,0,4ae192f8-8fd0-49b8-a635-d006bd10ed27,19HL,,0,1,1599744916335,0,0
plugin_ios_activity_recognition,,0,2,0,4ae192f8-8fd0-49b8-a635-d006bd10ed27,19HL,,0,0,1599744918578,0,0
plugin_ios_activity_recognition,"[""stationary""]",0,2,0,4ae192f8-8fd0-49b8-a635-d006bd10ed27,19HL,,0,1,1599744932003,0,0
plugin_ios_activity_recognition,,0,2,0,4ae192f8-8fd0-49b8-a635-d006bd10ed27,19HL,,0,0,1599744940929,0,0
plugin_ios_activity_recognition,"[""stationary""]",0,2,0,4ae192f8-8fd0-49b8-a635-d006bd10ed27,19HL,,0,1,1599744947327,0,0
plugin_ios_activity_recognition,,0,2,0,4ae192f8-8fd0-49b8-a635-d006bd10ed27,19HL,,0,0,1599744967766,0,0
plugin_ios_activity_recognition,"[""stationary""]",0,2,0,4ae192f8-8fd0-49b8-a635-d006bd10ed27,19HL,,0,1,1599744972567,0,0
plugin_ios_activity_recognition,,0,2,0,4ae192f8-8fd0-49b8-a635-d006bd10ed27,19HL,,0,0,1599744973523,0,0
plugin_ios_activity_recognition,"[""stationary""]",0,2,0,4ae192f8-8fd0-49b8-a635-d006bd10ed27,19HL,,0,1,1599745002306,0,0
plugin_ios_activity_recognition,,0,2,0,4ae192f8-8fd0-49b8-a635-d006bd10ed27,19HL,,0,0,1599745007082,0,0
plugin_ios_activity_recognition,"[""stationary""]",0,2,0,4ae192f8-8fd0-49b8-a635-d006bd10ed27,19HL,,0,1,1599745016016,0,0
plugin_ios_activity_recognition,,0,2,0,4ae192f8-8fd0-49b8-a635-d006bd10ed27,19HL,,0,0,1599745023355,0,0
plugin_ios_activity_recognition,"[""stationary""]",0,2,0,4ae192f8-8fd0-49b8-a635-d006bd10ed27,19HL,,0,1,1599745033585,0,0
plugin_ios_activity_recognition,,0,2,0,4ae192f8-8fd0-49b8-a635-d006bd10ed27,19HL,,0,0,1599745039324,0,0
plugin_ios_activity_recognition,"[""stationary""]",0,2,0,4ae192f8-8fd0-49b8-a635-d006bd10ed27,19HL,,0,1,1599745055062,0,0
plugin_ios_activity_recognition,,0,2,0,4ae192f8-8fd0-49b8-a635-d006bd10ed27,19HL,,0,0,1599745068127,0,0
plugin_ios_activity_recognition,"[""stationary""]",0,2,0,4ae192f8-8fd0-49b8-a635-d006bd10ed27,19HL,,0,1,1599745073252,0,0
plugin_ios_activity_recognition,,0,2,0,4ae192f8-8fd0-49b8-a635-d006bd10ed27,19HL,,0,0,1599745225748,0,0
plugin_ios_activity_recognition,"[""stationary""]",0,2,0,4ae192f8-8fd0-49b8-a635-d006bd10ed27,19HL,,0,1,1599745234690,0,0
plugin_ios_activity_recognition,,0,2,0,4ae192f8-8fd0-49b8-a635-d006bd10ed27,19HL,,0,0,1599745239163,0,0
plugin_ios_activity_recognition,"[""stationary""]",0,2,0,4ae192f8-8fd0-49b8-a635-d006bd10ed27,19HL,,0,1,1599745257737,0,0
plugin_ios_activity_recognition,,0,2,0,4ae192f8-8fd0-49b8-a635-d006bd10ed27,19HL,,0,0,1599745262215,0,0
plugin_ios_activity_recognition,"[""stationary""]",0,2,0,4ae192f8-8fd0-49b8-a635-d006bd10ed27,19HL,,0,1,1599745266372,0,0
plugin_ios_activity_recognition,"[""stationary""]",0,2,0,4ae192f8-8fd0-49b8-a635-d006bd10ed27,19HL,supplement,0,1,1599745446372,0,0
plugin_ios_activity_recognition,"[""stationary""]",0,2,0,4ae192f8-8fd0-49b8-a635-d006bd10ed27,19HL,supplement,0,1,1599745626372,0,0
plugin_ios_activity_recognition,"[""stationary""]",0,2,0,4ae192f8-8fd0-49b8-a635-d006bd10ed27,19HL,supplement,0,1,1599745806372,0,0
plugin_ios_activity_recognition,,0,2,0,4ae192f8-8fd0-49b8-a635-d006bd10ed27,19HL,,0,0,1599745893271,0,0
plugin_ios_activity_recognition,"[""walking""]",0,1,0,4ae192f8-8fd0-49b8-a635-d006bd10ed27,19HL,,0,0,1599745897477,0,1
plugin_ios_activity_recognition,"[""walking""]",0,2,0,4ae192f8-8fd0-49b8-a635-d006bd10ed27,19HL,,0,0,1599745908322,0,1
plugin_ios_activity_recognition,"[""stationary""]",0,2,0,4ae192f8-8fd0-49b8-a635-d006bd10ed27,19HL,,0,1,1599745924016,0,0
plugin_ios_activity_recognition,"[""walking""]",0,2,0,4ae192f8-8fd0-49b8-a635-d006bd10ed27,19HL,,0,0,1599745934242,0,1
plugin_ios_activity_recognition,,0,2,0,4ae192f8-8fd0-49b8-a635-d006bd10ed27,19HL,,0,0,1599745946141,0,0
plugin_ios_activity_recognition,"[""stationary""]",0,2,0,4ae192f8-8fd0-49b8-a635-d006bd10ed27,19HL,,0,1,1599745961789,0,0
plugin_ios_activity_recognition,,0,2,0,4ae192f8-8fd0-49b8-a635-d006bd10ed27,19HL,,0,0,1599745967235,0,0
plugin_ios_activity_recognition,"[""stationary""]",0,2,0,4ae192f8-8fd0-49b8-a635-d006bd10ed27,19HL,supplement,0,1,1599745986372,0,0
plugin_ios_activity_recognition,"[""stationary""]",0,2,0,4ae192f8-8fd0-49b8-a635-d006bd10ed27,19HL,,0,1,1599745999255,0,0
plugin_ios_activity_recognition,,0,2,0,4ae192f8-8fd0-49b8-a635-d006bd10ed27,19HL,,0,0,1599746007864,0,0
plugin_ios_activity_recognition,"[""stationary""]",0,2,0,4ae192f8-8fd0-49b8-a635-d006bd10ed27,19HL,,0,1,1599746012985,0,0
plugin_ios_activity_recognition,,0,2,0,4ae192f8-8fd0-49b8-a635-d006bd10ed27,19HL,,0,0,1599746037248,0,0
plugin_ios_activity_recognition,"[""stationary""]",0,2,0,4ae192f8-8fd0-49b8-a635-d006bd10ed27,19HL,,0,1,1599746043649,0,0
plugin_ios_activity_recognition,,0,2,0,4ae192f8-8fd0-49b8-a635-d006bd10ed27,19HL,,0,0,1599746061258,0,0
plugin_ios_activity_recognition,"[""stationary""]",0,2,0,4ae192f8-8fd0-49b8-a635-d006bd10ed27,19HL,,0,1,1599746066967,0,0
plugin_ios_activity_recognition,,0,2,0,4ae192f8-8fd0-49b8-a635-d006bd10ed27,19HL,,0,0,1599746082939,0,0
plugin_ios_activity_recognition,"[""stationary""]",0,2,0,4ae192f8-8fd0-49b8-a635-d006bd10ed27,19HL,,0,1,1599746108210,0,0
plugin_ios_activity_recognition,,0,2,0,4ae192f8-8fd0-49b8-a635-d006bd10ed27,19HL,,0,0,1599746170524,0,0
plugin_ios_activity_recognition,"[""walking""]",0,1,0,4ae192f8-8fd0-49b8-a635-d006bd10ed27,19HL,,0,0,1599746242930,0,1
plugin_ios_activity_recognition,"[""walking""]",0,2,0,4ae192f8-8fd0-49b8-a635-d006bd10ed27,19HL,,0,0,1599746245493,0,1
plugin_ios_activity_recognition,"[""stationary""]",0,2,0,4ae192f8-8fd0-49b8-a635-d006bd10ed27,19HL,,0,1,1599746274870,0,0
plugin_ios_activity_recognition,,0,2,0,4ae192f8-8fd0-49b8-a635-d006bd10ed27,19HL,,0,0,1599746310021,0,0
plugin_ios_activity_recognition,"[""stationary""]",0,2,0,4ae192f8-8fd0-49b8-a635-d006bd10ed27,19HL,,0,1,1599746317700,0,0
plugin_ios_activity_recognition,,0,2,0,4ae192f8-8fd0-49b8-a635-d006bd10ed27,19HL,,0,0,1599746322217,0,0
plugin_ios_activity_recognition,"[""stationary""]",0,2,0,4ae192f8-8fd0-49b8-a635-d006bd10ed27,19HL,,0,1,1599746334323,0,0
plugin_ios_activity_recognition,,0,2,0,4ae192f8-8fd0-49b8-a635-d006bd10ed27,19HL,,0,0,1599746337202,0,0
plugin_ios_activity_recognition,"[""stationary""]",0,2,0,4ae192f8-8fd0-49b8-a635-d006bd10ed27,19HL,,0,1,1599746347448,0,0
plugin_ios_activity_recognition,,0,2,0,4ae192f8-8fd0-49b8-a635-d006bd10ed27,19HL,,0,0,1599746392483,0,0
plugin_ios_activity_recognition,"[""stationary""]",0,2,0,4ae192f8-8fd0-49b8-a635-d006bd10ed27,19HL,,0,1,1599746398564,0,0
plugin_ios_activity_recognition,,0,2,0,4ae192f8-8fd0-49b8-a635-d006bd10ed27,19HL,,0,0,1599746429867,0,0
plugin_ios_activity_recognition,"[""stationary""]",0,2,0,4ae192f8-8fd0-49b8-a635-d006bd10ed27,19HL,,0,1,1599746443617,0,0
plugin_ios_activity_recognition,,0,2,0,4ae192f8-8fd0-49b8-a635-d006bd10ed27,19HL,,0,0,1599746462473,0,0
plugin_ios_activity_recognition,"[""stationary""]",0,2,0,4ae192f8-8fd0-49b8-a635-d006bd10ed27,19HL,,0,1,1599746483581,0,0
plugin_ios_activity_recognition,,0,2,0,4ae192f8-8fd0-49b8-a635-d006bd10ed27,19HL,,0,0,1599746485178,0,0
plugin_ios_activity_recognition,"[""stationary""]",0,2,0,4ae192f8-8fd0-49b8-a635-d006bd10ed27,19HL,,0,1,1599746514952,0,0
plugin_ios_activity_recognition,,0,2,0,4ae192f8-8fd0-49b8-a635-d006bd10ed27,19HL,,0,0,1599746534445,0,0
plugin_ios_activity_recognition,"[""stationary""]",0,2,0,4ae192f8-8fd0-49b8-a635-d006bd10ed27,19HL,,0,1,1599746544319,0,0
plugin_ios_activity_recognition,,0,2,0,4ae192f8-8fd0-49b8-a635-d006bd10ed27,19HL,,0,0,1599746551965,0,0
plugin_ios_activity_recognition,"[""stationary""]",0,2,0,4ae192f8-8fd0-49b8-a635-d006bd10ed27,19HL,,0,1,1599746558682,0,0
plugin_ios_activity_recognition,,0,2,0,4ae192f8-8fd0-49b8-a635-d006bd10ed27,19HL,,0,0,1599746561556,0,0
plugin_ios_activity_recognition,"[""stationary""]",0,2,0,4ae192f8-8fd0-49b8-a635-d006bd10ed27,19HL,,0,1,1599746612168,0,0
plugin_ios_activity_recognition,,0,2,0,4ae192f8-8fd0-49b8-a635-d006bd10ed27,19HL,,0,0,1599746614086,0,0
plugin_ios_activity_recognition,"[""stationary""]",0,2,0,4ae192f8-8fd0-49b8-a635-d006bd10ed27,19HL,,0,1,1599746618236,0,0
plugin_ios_activity_recognition,,0,2,0,4ae192f8-8fd0-49b8-a635-d006bd10ed27,19HL,,0,0,1599746647928,0,0
plugin_ios_activity_recognition,"[""stationary""]",0,2,0,4ae192f8-8fd0-49b8-a635-d006bd10ed27,19HL,,0,1,1599746656572,0,0
plugin_ios_activity_recognition,,0,2,0,4ae192f8-8fd0-49b8-a635-d006bd10ed27,19HL,,0,0,1599746670638,0,0
plugin_ios_activity_recognition,"[""stationary""]",0,2,0,4ae192f8-8fd0-49b8-a635-d006bd10ed27,19HL,,0,1,1599746682166,0,0
plugin_ios_activity_recognition,,0,2,0,4ae192f8-8fd0-49b8-a635-d006bd10ed27,19HL,,0,0,1599746698454,0,0
plugin_ios_activity_recognition,"[""stationary""]",0,2,0,4ae192f8-8fd0-49b8-a635-d006bd10ed27,19HL,,0,1,1599746702609,0,0
plugin_ios_activity_recognition,,0,2,0,4ae192f8-8fd0-49b8-a635-d006bd10ed27,19HL,,0,0,1599746709967,0,0
plugin_ios_activity_recognition,"[""stationary""]",0,2,0,4ae192f8-8fd0-49b8-a635-d006bd10ed27,19HL,,0,1,1599746734027,0,0
plugin_ios_activity_recognition,,0,2,0,4ae192f8-8fd0-49b8-a635-d006bd10ed27,19HL,,0,0,1599746736210,0,0
plugin_ios_activity_recognition,"[""stationary""]",0,2,0,4ae192f8-8fd0-49b8-a635-d006bd10ed27,19HL,,0,1,1599746770804,0,0
plugin_ios_activity_recognition,,0,2,0,4ae192f8-8fd0-49b8-a635-d006bd10ed27,19HL,,0,0,1599746772081,0,0
plugin_ios_activity_recognition,"[""stationary""]",0,2,0,4ae192f8-8fd0-49b8-a635-d006bd10ed27,19HL,,0,1,1599746786464,0,0
plugin_ios_activity_recognition,,0,2,0,4ae192f8-8fd0-49b8-a635-d006bd10ed27,19HL,,0,0,1599746809152,0,0
plugin_ios_activity_recognition,"[""stationary""]",0,2,0,4ae192f8-8fd0-49b8-a635-d006bd10ed27,19HL,,0,1,1599746832845,0,0
plugin_ios_activity_recognition,,0,2,0,4ae192f8-8fd0-49b8-a635-d006bd10ed27,19HL,,0,0,1599746842119,0,0
plugin_ios_activity_recognition,"[""stationary""]",0,2,0,4ae192f8-8fd0-49b8-a635-d006bd10ed27,19HL,,0,1,1599746860056,0,0
plugin_ios_activity_recognition,,0,2,0,4ae192f8-8fd0-49b8-a635-d006bd10ed27,19HL,,0,0,1599746861332,0,0
plugin_ios_activity_recognition,"[""stationary""]",0,2,0,4ae192f8-8fd0-49b8-a635-d006bd10ed27,19HL,,0,1,1599746866773,0,0
plugin_ios_activity_recognition,,0,2,0,4ae192f8-8fd0-49b8-a635-d006bd10ed27,19HL,,0,0,1599746877651,0,0
plugin_ios_activity_recognition,"[""stationary""]",0,2,0,4ae192f8-8fd0-49b8-a635-d006bd10ed27,19HL,,0,1,1599746953579,0,0
plugin_ios_activity_recognition,,0,2,0,4ae192f8-8fd0-49b8-a635-d006bd10ed27,19HL,,0,0,1599746953892,0,0
plugin_ios_activity_recognition,"[""stationary""]",0,2,0,4ae192f8-8fd0-49b8-a635-d006bd10ed27,19HL,,0,1,1599746960296,0,0
plugin_ios_activity_recognition,,0,2,0,4ae192f8-8fd0-49b8-a635-d006bd10ed27,19HL,,0,0,1599747021279,0,0
plugin_ios_activity_recognition,"[""stationary""]",0,2,0,4ae192f8-8fd0-49b8-a635-d006bd10ed27,19HL,,0,1,1599747039196,0,0
plugin_ios_activity_recognition,,0,2,0,4ae192f8-8fd0-49b8-a635-d006bd10ed27,19HL,,0,0,1599747039836,0,0
plugin_ios_activity_recognition,"[""stationary""]",0,2,0,4ae192f8-8fd0-49b8-a635-d006bd10ed27,19HL,,0,1,1599747055195,0,0
plugin_ios_activity_recognition,,0,2,0,4ae192f8-8fd0-49b8-a635-d006bd10ed27,19HL,,0,0,1599747099591,0,0
plugin_ios_activity_recognition,"[""walking""]",0,1,0,4ae192f8-8fd0-49b8-a635-d006bd10ed27,19HL,,0,0,1599747120457,0,1
plugin_ios_activity_recognition,"[""walking""]",0,2,0,4ae192f8-8fd0-49b8-a635-d006bd10ed27,19HL,,0,0,1599747143526,0,1
plugin_ios_activity_recognition,,0,2,0,4ae192f8-8fd0-49b8-a635-d006bd10ed27,19HL,,0,0,1599747228704,0,0
plugin_ios_activity_recognition,"[""walking""]",0,1,0,4ae192f8-8fd0-49b8-a635-d006bd10ed27,19HL,,0,0,1599747299887,0,1
plugin_ios_activity_recognition,"[""walking""]",0,2,0,4ae192f8-8fd0-49b8-a635-d006bd10ed27,19HL,,0,0,1599747305018,0,1
plugin_ios_activity_recognition,"[""walking""]",0,2,0,4ae192f8-8fd0-49b8-a635-d006bd10ed27,19HL,supplement,0,0,1599747485018,0,1
plugin_ios_activity_recognition,,0,2,0,4ae192f8-8fd0-49b8-a635-d006bd10ed27,19HL,,0,0,1599747568985,0,0
plugin_ios_activity_recognition,"[""walking""]",0,1,0,4ae192f8-8fd0-49b8-a635-d006bd10ed27,19HL,,0,0,1599747612531,0,1
plugin_ios_activity_recognition,"[""walking""]",0,2,0,4ae192f8-8fd0-49b8-a635-d006bd10ed27,19HL,,0,0,1599747615370,0,1
plugin_ios_activity_recognition,"[""walking""]",0,2,0,4ae192f8-8fd0-49b8-a635-d006bd10ed27,19HL,supplement,0,0,1599747665018,0,1
plugin_ios_activity_recognition,,0,2,0,4ae192f8-8fd0-49b8-a635-d006bd10ed27,19HL,,0,0,1599747766291,0,0
plugin_ios_activity_recognition,"[""walking""]",0,1,0,4ae192f8-8fd0-49b8-a635-d006bd10ed27,19HL,,0,0,1599747768853,0,1
plugin_ios_activity_recognition,"[""walking""]",0,2,0,4ae192f8-8fd0-49b8-a635-d006bd10ed27,19HL,,0,0,1599747799606,0,1
plugin_ios_activity_recognition,,0,2,0,4ae192f8-8fd0-49b8-a635-d006bd10ed27,19HL,,0,0,1599747976425,0,0
plugin_ios_activity_recognition,,0,2,0,4ae192f8-8fd0-49b8-a635-d006bd10ed27,19HL,supplement,0,0,1599748156425,0,0
plugin_ios_activity_recognition,"[""walking""]",0,1,0,4ae192f8-8fd0-49b8-a635-d006bd10ed27,19HL,,0,0,1599748166042,0,1
plugin_ios_activity_recognition,"[""walking""]",0,2,0,4ae192f8-8fd0-49b8-a635-d006bd10ed27,19HL,,0,0,1599748168606,0,1
plugin_ios_activity_recognition,"[""stationary""]",0,2,0,4ae192f8-8fd0-49b8-a635-d006bd10ed27,19HL,,0,1,1599748176571,0,0
plugin_ios_activity_recognition,,0,2,0,4ae192f8-8fd0-49b8-a635-d006bd10ed27,19HL,,0,0,1599748179455,0,0
plugin_ios_activity_recognition,"[""stationary""]",0,2,0,4ae192f8-8fd0-49b8-a635-d006bd10ed27,19HL,,0,1,1599748183620,0,0
plugin_ios_activity_recognition,,0,2,0,4ae192f8-8fd0-49b8-a635-d006bd10ed27,19HL,,0,0,1599748185863,0,0
plugin_ios_activity_recognition,"[""stationary""]",0,2,0,4ae192f8-8fd0-49b8-a635-d006bd10ed27,19HL,,0,1,1599748232959,0,0
plugin_ios_activity_recognition,,0,2,0,4ae192f8-8fd0-49b8-a635-d006bd10ed27,19HL,,0,0,1599748238726,0,0
plugin_ios_activity_recognition,"[""walking""]",0,1,0,4ae192f8-8fd0-49b8-a635-d006bd10ed27,19HL,,0,0,1599748330090,0,1
plugin_ios_activity_recognition,,0,2,0,4ae192f8-8fd0-49b8-a635-d006bd10ed27,19HL,supplement,0,0,1599748336425,0,0
plugin_ios_activity_recognition,"[""walking""]",0,2,0,4ae192f8-8fd0-49b8-a635-d006bd10ed27,19HL,,0,0,1599748337778,0,1
plugin_ios_activity_recognition,,0,2,0,4ae192f8-8fd0-49b8-a635-d006bd10ed27,19HL,,0,0,1599748353161,0,0
plugin_ios_activity_recognition,"[""automotive""]",1,2,0,4ae192f8-8fd0-49b8-a635-d006bd10ed27,19HL,,0,0,1599748406994,0,0
plugin_ios_activity_recognition,"[""automotive""]",1,2,0,4ae192f8-8fd0-49b8-a635-d006bd10ed27,19HL,,0,0,1599748468518,0,0
plugin_ios_activity_recognition,"[""automotive""]",1,2,0,4ae192f8-8fd0-49b8-a635-d006bd10ed27,19HL,,0,0,1599748501845,0,0
plugin_ios_activity_recognition,"[""automotive""]",1,2,0,4ae192f8-8fd0-49b8-a635-d006bd10ed27,19HL,supplement,0,0,1599748681845,0,0
plugin_ios_activity_recognition,"[""automotive""]",1,2,0,4ae192f8-8fd0-49b8-a635-d006bd10ed27,19HL,supplement,0,0,1599748861845,0,0
plugin_ios_activity_recognition,"[""automotive""]",1,2,0,4ae192f8-8fd0-49b8-a635-d006bd10ed27,19HL,supplement,0,0,1599749041845,0,0
plugin_ios_activity_recognition,"[""automotive""]",1,2,0,4ae192f8-8fd0-49b8-a635-d006bd10ed27,19HL,supplement,0,0,1599749221845,0,0
plugin_ios_activity_recognition,"[""stationary"",""automotive""]",1,2,0,4ae192f8-8fd0-49b8-a635-d006bd10ed27,19HL,,0,1,1599749321760,0,0
plugin_ios_activity_recognition,"[""automotive""]",1,2,0,4ae192f8-8fd0-49b8-a635-d006bd10ed27,19HL,,0,0,1599749331693,0,0
plugin_ios_activity_recognition,"[""automotive""]",1,2,0,4ae192f8-8fd0-49b8-a635-d006bd10ed27,19HL,supplement,0,0,1599749401845,0,0
plugin_ios_activity_recognition,"[""automotive""]",1,2,0,4ae192f8-8fd0-49b8-a635-d006bd10ed27,19HL,supplement,0,0,1599749511693,0,0
plugin_ios_activity_recognition,,0,2,0,4ae192f8-8fd0-49b8-a635-d006bd10ed27,19HL,,0,0,1599749668184,0,0
plugin_ios_activity_recognition,"[""walking""]",0,1,0,4ae192f8-8fd0-49b8-a635-d006bd10ed27,19HL,,0,0,1599749670750,0,1
plugin_ios_activity_recognition,"[""walking""]",0,2,0,4ae192f8-8fd0-49b8-a635-d006bd10ed27,19HL,,0,0,1599749683568,0,1
plugin_ios_activity_recognition,"[""automotive""]",1,2,0,4ae192f8-8fd0-49b8-a635-d006bd10ed27,19HL,supplement,0,0,1599749691693,0,0
plugin_ios_activity_recognition,,0,2,0,4ae192f8-8fd0-49b8-a635-d006bd10ed27,19HL,,0,0,1599749845061,0,0
plugin_ios_activity_recognition,"[""walking""]",0,1,0,4ae192f8-8fd0-49b8-a635-d006bd10ed27,19HL,,0,0,1599749847626,0,1
plugin_ios_activity_recognition,"[""walking""]",0,2,0,4ae192f8-8fd0-49b8-a635-d006bd10ed27,19HL,,0,0,1599749850188,0,1
plugin_ios_activity_recognition,,0,2,0,4ae192f8-8fd0-49b8-a635-d006bd10ed27,19HL,,0,0,1599750009367,0,0
plugin_ios_activity_recognition,"[""walking""]",0,2,0,4ae192f8-8fd0-49b8-a635-d006bd10ed27,19HL,,0,0,1599750027022,0,1
plugin_ios_activity_recognition,"[""stationary""]",0,2,0,4ae192f8-8fd0-49b8-a635-d006bd10ed27,19HL,,0,1,1599750088762,0,0
plugin_ios_activity_recognition,"[""walking""]",0,2,0,4ae192f8-8fd0-49b8-a635-d006bd10ed27,19HL,,0,0,1599750094190,0,1
plugin_ios_activity_recognition,,0,2,0,4ae192f8-8fd0-49b8-a635-d006bd10ed27,19HL,,0,0,1599750108919,0,0
plugin_ios_activity_recognition,"[""stationary""]",0,2,0,4ae192f8-8fd0-49b8-a635-d006bd10ed27,19HL,,0,1,1599750119434,0,0
plugin_ios_activity_recognition,,0,2,0,4ae192f8-8fd0-49b8-a635-d006bd10ed27,19HL,,0,0,1599750122633,0,0
plugin_ios_activity_recognition,"[""stationary""]",0,2,0,4ae192f8-8fd0-49b8-a635-d006bd10ed27,19HL,,0,1,1599750152709,0,0
plugin_ios_activity_recognition,,0,2,0,4ae192f8-8fd0-49b8-a635-d006bd10ed27,19HL,,0,0,1599750153990,0,0
plugin_ios_activity_recognition,"[""stationary""]",0,2,0,4ae192f8-8fd0-49b8-a635-d006bd10ed27,19HL,,0,1,1599750169362,0,0
plugin_ios_activity_recognition,,0,2,0,4ae192f8-8fd0-49b8-a635-d006bd10ed27,19HL,,0,0,1599750259041,0,0
plugin_ios_activity_recognition,"[""stationary""]",0,2,0,4ae192f8-8fd0-49b8-a635-d006bd10ed27,19HL,,0,1,1599750264827,0,0
plugin_ios_activity_recognition,,0,2,0,4ae192f8-8fd0-49b8-a635-d006bd10ed27,19HL,,0,0,1599750275060,0,0
plugin_ios_activity_recognition,"[""stationary""]",0,2,0,4ae192f8-8fd0-49b8-a635-d006bd10ed27,19HL,,0,1,1599750284934,0,0
plugin_ios_activity_recognition,"[""stationary""]",0,2,0,4ae192f8-8fd0-49b8-a635-d006bd10ed27,19HL,supplement,0,1,1599750464934,0,0
plugin_ios_activity_recognition,"[""stationary""]",0,2,0,4ae192f8-8fd0-49b8-a635-d006bd10ed27,19HL,supplement,0,1,1599750644934,0,0
plugin_ios_activity_recognition,,0,2,0,4ae192f8-8fd0-49b8-a635-d006bd10ed27,19HL,,0,0,1599750792482,0,0
plugin_ios_activity_recognition,"[""stationary""]",0,2,0,4ae192f8-8fd0-49b8-a635-d006bd10ed27,19HL,,0,1,1599750798859,0,0
plugin_ios_activity_recognition,"[""stationary""]",0,2,0,4ae192f8-8fd0-49b8-a635-d006bd10ed27,19HL,supplement,0,1,1599750824934,0,0
plugin_ios_activity_recognition,"[""stationary""]",0,2,0,4ae192f8-8fd0-49b8-a635-d006bd10ed27,19HL,supplement,0,1,1599750978859,0,0
plugin_ios_activity_recognition,"[""stationary""]",0,2,0,4ae192f8-8fd0-49b8-a635-d006bd10ed27,19HL,supplement,0,1,1599751158859,0,0
plugin_ios_activity_recognition,"[""stationary""]",0,2,0,4ae192f8-8fd0-49b8-a635-d006bd10ed27,19HL,supplement,0,1,1599751338859,0,0
plugin_ios_activity_recognition,"[""stationary""]",0,2,0,4ae192f8-8fd0-49b8-a635-d006bd10ed27,19HL,supplement,0,1,1599751518859,0,0
plugin_ios_activity_recognition,"[""stationary""]",0,2,0,4ae192f8-8fd0-49b8-a635-d006bd10ed27,19HL,supplement,0,1,1599751698859,0,0
plugin_ios_activity_recognition,,0,2,0,4ae192f8-8fd0-49b8-a635-d006bd10ed27,19HL,,0,0,1599751729148,0,0
plugin_ios_activity_recognition,"[""stationary""]",0,2,0,4ae192f8-8fd0-49b8-a635-d006bd10ed27,19HL,,0,1,1599751745523,0,0
plugin_ios_activity_recognition,,0,2,0,4ae192f8-8fd0-49b8-a635-d006bd10ed27,19HL,,0,0,1599751769771,0,0
plugin_ios_activity_recognition,"[""stationary""]",0,2,0,4ae192f8-8fd0-49b8-a635-d006bd10ed27,19HL,,0,1,1599751811094,0,0
plugin_ios_activity_recognition,,0,2,0,4ae192f8-8fd0-49b8-a635-d006bd10ed27,19HL,,0,0,1599751814931,0,0
plugin_ios_activity_recognition,"[""stationary""]",0,2,0,4ae192f8-8fd0-49b8-a635-d006bd10ed27,19HL,,0,1,1599751825496,0,0
plugin_ios_activity_recognition,,0,2,0,4ae192f8-8fd0-49b8-a635-d006bd10ed27,19HL,,0,0,1599751844023,0,0
plugin_ios_activity_recognition,"[""walking""]",0,1,0,4ae192f8-8fd0-49b8-a635-d006bd10ed27,19HL,,0,0,1599751847913,0,1
plugin_ios_activity_recognition,"[""walking""]",0,2,0,4ae192f8-8fd0-49b8-a635-d006bd10ed27,19HL,,0,0,1599751863291,0,1
plugin_ios_activity_recognition,"[""stationary""]",0,2,0,4ae192f8-8fd0-49b8-a635-d006bd10ed27,19HL,,0,1,1599751871247,0,0
plugin_ios_activity_recognition,"[""stationary""]",0,2,0,4ae192f8-8fd0-49b8-a635-d006bd10ed27,19HL,supplement,0,1,1599751878859,0,0
plugin_ios_activity_recognition,,0,2,0,4ae192f8-8fd0-49b8-a635-d006bd10ed27,19HL,,0,0,1599751933200,0,0
plugin_ios_activity_recognition,"[""walking""]",0,1,0,4ae192f8-8fd0-49b8-a635-d006bd10ed27,19HL,,0,0,1599751937407,0,1
plugin_ios_activity_recognition,"[""walking""]",0,2,0,4ae192f8-8fd0-49b8-a635-d006bd10ed27,19HL,,0,0,1599751939965,0,1
plugin_ios_activity_recognition,"[""stationary""]",0,2,0,4ae192f8-8fd0-49b8-a635-d006bd10ed27,19HL,,0,1,1599751961697,0,0
plugin_ios_activity_recognition,"[""stationary""]",0,2,0,4ae192f8-8fd0-49b8-a635-d006bd10ed27,19HL,supplement,0,1,1599752141697,0,0
plugin_ios_activity_recognition,,0,2,0,4ae192f8-8fd0-49b8-a635-d006bd10ed27,19HL,,0,0,1599752203866,0,0
plugin_ios_activity_recognition,"[""stationary""]",0,2,0,4ae192f8-8fd0-49b8-a635-d006bd10ed27,19HL,,0,1,1599752207687,0,0
plugin_ios_activity_recognition,,0,2,0,4ae192f8-8fd0-49b8-a635-d006bd10ed27,19HL,,0,0,1599752305317,0,0
plugin_ios_activity_recognition,"[""walking""]",0,1,0,4ae192f8-8fd0-49b8-a635-d006bd10ed27,19HL,,0,0,1599752310169,0,1
plugin_ios_activity_recognition,"[""walking""]",0,2,0,4ae192f8-8fd0-49b8-a635-d006bd10ed27,19HL,,0,0,1599752312732,0,1
plugin_ios_activity_recognition,"[""stationary""]",0,2,0,4ae192f8-8fd0-49b8-a635-d006bd10ed27,19HL,supplement,0,1,1599752321697,0,0
plugin_ios_activity_recognition,"[""stationary""]",0,2,0,4ae192f8-8fd0-49b8-a635-d006bd10ed27,19HL,,0,1,1599752328377,0,0
plugin_ios_activity_recognition,"[""walking""]",0,2,0,4ae192f8-8fd0-49b8-a635-d006bd10ed27,19HL,,0,0,1599752352950,0,1
plugin_ios_activity_recognition,,0,2,0,4ae192f8-8fd0-49b8-a635-d006bd10ed27,19HL,,0,0,1599752363888,0,0
plugin_ios_activity_recognition,"[""stationary""]",0,2,0,4ae192f8-8fd0-49b8-a635-d006bd10ed27,19HL,,0,1,1599752394917,0,0
plugin_ios_activity_recognition,,0,2,0,4ae192f8-8fd0-49b8-a635-d006bd10ed27,19HL,,0,0,1599752396512,0,0
plugin_ios_activity_recognition,"[""stationary""]",0,2,0,4ae192f8-8fd0-49b8-a635-d006bd10ed27,19HL,,0,1,1599752400670,0,0
plugin_ios_activity_recognition,,0,2,0,4ae192f8-8fd0-49b8-a635-d006bd10ed27,19HL,,0,0,1599752427471,0,0
plugin_ios_activity_recognition,"[""stationary""]",0,2,0,4ae192f8-8fd0-49b8-a635-d006bd10ed27,19HL,,0,1,1599752435501,0,0
plugin_ios_activity_recognition,,0,2,0,4ae192f8-8fd0-49b8-a635-d006bd10ed27,19HL,,0,0,1599752437686,0,0
plugin_ios_activity_recognition,"[""stationary""]",0,2,0,4ae192f8-8fd0-49b8-a635-d006bd10ed27,19HL,,0,1,1599752441531,0,0
plugin_ios_activity_recognition,,0,2,0,4ae192f8-8fd0-49b8-a635-d006bd10ed27,19HL,,0,0,1599752450136,0,0
plugin_ios_activity_recognition,"[""stationary""]",0,2,0,4ae192f8-8fd0-49b8-a635-d006bd10ed27,19HL,,0,1,1599752454294,0,0
plugin_ios_activity_recognition,,0,2,0,4ae192f8-8fd0-49b8-a635-d006bd10ed27,19HL,,0,0,1599752460374,0,0
plugin_ios_activity_recognition,"[""stationary""]",0,2,0,4ae192f8-8fd0-49b8-a635-d006bd10ed27,19HL,,0,1,1599752522531,0,0
plugin_ios_activity_recognition,,0,2,0,4ae192f8-8fd0-49b8-a635-d006bd10ed27,19HL,,0,0,1599752557614,0,0
plugin_ios_activity_recognition,"[""stationary""]",0,2,0,4ae192f8-8fd0-49b8-a635-d006bd10ed27,19HL,,0,1,1599752567847,0,0
plugin_ios_activity_recognition,,0,2,0,4ae192f8-8fd0-49b8-a635-d006bd10ed27,19HL,,0,0,1599752672857,0,0
plugin_ios_activity_recognition,"[""stationary""]",0,2,0,4ae192f8-8fd0-49b8-a635-d006bd10ed27,19HL,,0,1,1599752698143,0,0
plugin_ios_activity_recognition,,0,2,0,4ae192f8-8fd0-49b8-a635-d006bd10ed27,19HL,,0,0,1599752738370,0,0
plugin_ios_activity_recognition,"[""stationary""]",0,2,0,4ae192f8-8fd0-49b8-a635-d006bd10ed27,19HL,,0,1,1599752746997,0,0
plugin_ios_activity_recognition,,0,2,0,4ae192f8-8fd0-49b8-a635-d006bd10ed27,19HL,,0,0,1599752775466,0,0
plugin_ios_activity_recognition,"[""stationary""]",0,2,0,4ae192f8-8fd0-49b8-a635-d006bd10ed27,19HL,,0,1,1599752779257,0,0
plugin_ios_activity_recognition,,0,2,0,4ae192f8-8fd0-49b8-a635-d006bd10ed27,19HL,,0,0,1599752793627,0,0
plugin_ios_activity_recognition,"[""stationary""]",0,2,0,4ae192f8-8fd0-49b8-a635-d006bd10ed27,19HL,,0,1,1599752797144,0,0
plugin_ios_activity_recognition,,0,2,0,4ae192f8-8fd0-49b8-a635-d006bd10ed27,19HL,,0,0,1599752800340,0,0
plugin_ios_activity_recognition,"[""stationary""]",0,2,0,4ae192f8-8fd0-49b8-a635-d006bd10ed27,19HL,,0,1,1599752811851,0,0
plugin_ios_activity_recognition,,0,2,0,4ae192f8-8fd0-49b8-a635-d006bd10ed27,19HL,,0,0,1599752862002,0,0
plugin_ios_activity_recognition,"[""stationary""]",0,2,0,4ae192f8-8fd0-49b8-a635-d006bd10ed27,19HL,,0,1,1599752868401,0,0
plugin_ios_activity_recognition,"[""stationary""]",0,2,0,4ae192f8-8fd0-49b8-a635-d006bd10ed27,19HL,supplement,0,1,1599753048401,0,0
plugin_ios_activity_recognition,,0,2,0,4ae192f8-8fd0-49b8-a635-d006bd10ed27,19HL,,0,0,1599753105141,0,0
plugin_ios_activity_recognition,"[""stationary""]",0,2,0,4ae192f8-8fd0-49b8-a635-d006bd10ed27,19HL,,0,1,1599753116669,0,0
plugin_ios_activity_recognition,,0,2,0,4ae192f8-8fd0-49b8-a635-d006bd10ed27,19HL,,0,0,1599753223934,0,0
plugin_ios_activity_recognition,"[""stationary""]",0,2,0,4ae192f8-8fd0-49b8-a635-d006bd10ed27,19HL,supplement,0,1,1599753228401,0,0
plugin_ios_activity_recognition,"[""stationary""]",0,2,0,4ae192f8-8fd0-49b8-a635-d006bd10ed27,19HL,,0,1,1599753272928,0,0
plugin_ios_activity_recognition,,0,2,0,4ae192f8-8fd0-49b8-a635-d006bd10ed27,19HL,,0,0,1599753274523,0,0
plugin_ios_activity_recognition,"[""walking""]",0,2,0,4ae192f8-8fd0-49b8-a635-d006bd10ed27,19HL,,0,0,1599753283862,0,1
plugin_ios_activity_recognition,"[""stationary""]",0,2,0,4ae192f8-8fd0-49b8-a635-d006bd10ed27,19HL,,0,1,1599753317439,0,0
plugin_ios_activity_recognition,"[""walking""]",0,2,0,4ae192f8-8fd0-49b8-a635-d006bd10ed27,19HL,,0,0,1599753319361,0,1
plugin_ios_activity_recognition,"[""stationary""]",0,2,0,4ae192f8-8fd0-49b8-a635-d006bd10ed27,19HL,,0,1,1599753347227,0,0
plugin_ios_activity_recognition,,0,2,0,4ae192f8-8fd0-49b8-a635-d006bd10ed27,19HL,,0,0,1599753388773,0,0
plugin_ios_activity_recognition,"[""walking""]",0,1,0,4ae192f8-8fd0-49b8-a635-d006bd10ed27,19HL,,0,0,1599753399027,0,1
plugin_ios_activity_recognition,"[""walking""]",0,2,0,4ae192f8-8fd0-49b8-a635-d006bd10ed27,19HL,,0,0,1599753416950,0,1
plugin_ios_activity_recognition,,0,2,0,4ae192f8-8fd0-49b8-a635-d006bd10ed27,19HL,,0,0,1599753468238,0,0
plugin_ios_activity_recognition,"[""stationary""]",0,2,0,4ae192f8-8fd0-49b8-a635-d006bd10ed27,19HL,,0,1,1599753488666,0,0
plugin_ios_activity_recognition,,0,2,0,4ae192f8-8fd0-49b8-a635-d006bd10ed27,19HL,,0,0,1599753496668,0,0
plugin_ios_activity_recognition,"[""stationary""]",0,2,0,4ae192f8-8fd0-49b8-a635-d006bd10ed27,19HL,,0,1,1599753504639,0,0
plugin_ios_activity_recognition,,0,2,0,4ae192f8-8fd0-49b8-a635-d006bd10ed27,19HL,,0,0,1599753506554,0,0
plugin_ios_activity_recognition,"[""stationary""]",0,2,0,4ae192f8-8fd0-49b8-a635-d006bd10ed27,19HL,,0,1,1599753521586,0,0
plugin_ios_activity_recognition,,0,2,0,4ae192f8-8fd0-49b8-a635-d006bd10ed27,19HL,,0,0,1599753530479,0,0
plugin_ios_activity_recognition,"[""stationary""]",0,2,0,4ae192f8-8fd0-49b8-a635-d006bd10ed27,19HL,,0,1,1599753538160,0,0
plugin_ios_activity_recognition,,0,2,0,4ae192f8-8fd0-49b8-a635-d006bd10ed27,19HL,,0,0,1599753545186,0,0
plugin_ios_activity_recognition,"[""stationary""]",0,2,0,4ae192f8-8fd0-49b8-a635-d006bd10ed27,19HL,,0,1,1599753549343,0,0
plugin_ios_activity_recognition,,0,2,0,4ae192f8-8fd0-49b8-a635-d006bd10ed27,19HL,,0,0,1599753589285,0,0
plugin_ios_activity_recognition,"[""stationary""]",0,2,0,4ae192f8-8fd0-49b8-a635-d006bd10ed27,19HL,,0,1,1599753593442,0,0
plugin_ios_activity_recognition,,0,2,0,4ae192f8-8fd0-49b8-a635-d006bd10ed27,19HL,,0,0,1599753604615,0,0
plugin_ios_activity_recognition,"[""stationary""]",0,2,0,4ae192f8-8fd0-49b8-a635-d006bd10ed27,19HL,,0,1,1599753608772,0,0
plugin_ios_activity_recognition,,0,2,0,4ae192f8-8fd0-49b8-a635-d006bd10ed27,19HL,,0,0,1599753625729,0,0
plugin_ios_activity_recognition,"[""stationary""]",0,2,0,4ae192f8-8fd0-49b8-a635-d006bd10ed27,19HL,,0,1,1599753629566,0,0
plugin_ios_activity_recognition,,0,2,0,4ae192f8-8fd0-49b8-a635-d006bd10ed27,19HL,,0,0,1599753639796,0,0
plugin_ios_activity_recognition,"[""stationary""]",0,2,0,4ae192f8-8fd0-49b8-a635-d006bd10ed27,19HL,,0,1,1599753644309,0,0
plugin_ios_activity_recognition,,0,2,0,4ae192f8-8fd0-49b8-a635-d006bd10ed27,19HL,,0,0,1599753665647,0,0
plugin_ios_activity_recognition,"[""stationary""]",0,2,0,4ae192f8-8fd0-49b8-a635-d006bd10ed27,19HL,,0,1,1599753678439,0,0
plugin_ios_activity_recognition,,0,2,0,4ae192f8-8fd0-49b8-a635-d006bd10ed27,19HL,,0,0,1599753678752,0,0
plugin_ios_activity_recognition,"[""stationary""]",0,2,0,4ae192f8-8fd0-49b8-a635-d006bd10ed27,19HL,,0,1,1599753685778,0,0
plugin_ios_activity_recognition,,0,2,0,4ae192f8-8fd0-49b8-a635-d006bd10ed27,19HL,,0,0,1599753690869,0,0
plugin_ios_activity_recognition,"[""stationary""]",0,2,0,4ae192f8-8fd0-49b8-a635-d006bd10ed27,19HL,,0,1,1599753696292,0,0
plugin_ios_activity_recognition,,0,2,0,4ae192f8-8fd0-49b8-a635-d006bd10ed27,19HL,,0,0,1599753706216,0,0
plugin_ios_activity_recognition,"[""stationary""]",0,2,0,4ae192f8-8fd0-49b8-a635-d006bd10ed27,19HL,,0,1,1599753714844,0,0
plugin_ios_activity_recognition,,0,2,0,4ae192f8-8fd0-49b8-a635-d006bd10ed27,19HL,,0,0,1599753733709,0,0
plugin_ios_activity_recognition,"[""stationary""]",0,2,0,4ae192f8-8fd0-49b8-a635-d006bd10ed27,19HL,,0,1,1599753797325,0,0
plugin_ios_activity_recognition,,0,2,0,4ae192f8-8fd0-49b8-a635-d006bd10ed27,19HL,,0,0,1599753801781,0,0
plugin_ios_activity_recognition,"[""stationary""]",0,2,0,4ae192f8-8fd0-49b8-a635-d006bd10ed27,19HL,,0,1,1599753814544,0,0
plugin_ios_activity_recognition,,0,2,0,4ae192f8-8fd0-49b8-a635-d006bd10ed27,19HL,,0,0,1599753816138,0,0
plugin_ios_activity_recognition,"[""stationary""]",0,2,0,4ae192f8-8fd0-49b8-a635-d006bd10ed27,19HL,,0,1,1599753875965,0,0
plugin_ios_activity_recognition,,0,2,0,4ae192f8-8fd0-49b8-a635-d006bd10ed27,19HL,,0,0,1599753876286,0,0
plugin_ios_activity_recognition,"[""stationary""]",0,2,0,4ae192f8-8fd0-49b8-a635-d006bd10ed27,19HL,,0,1,1599753888408,0,0
plugin_ios_activity_recognition,,0,2,0,4ae192f8-8fd0-49b8-a635-d006bd10ed27,19HL,,0,0,1599753896389,0,0
plugin_ios_activity_recognition,"[""stationary""]",0,2,0,4ae192f8-8fd0-49b8-a635-d006bd10ed27,19HL,,0,1,1599753910734,0,0
plugin_ios_activity_recognition,,0,2,0,4ae192f8-8fd0-49b8-a635-d006bd10ed27,19HL,,0,0,1599753912684,0,0
plugin_ios_activity_recognition,"[""stationary""]",0,2,0,4ae192f8-8fd0-49b8-a635-d006bd10ed27,19HL,,0,1,1599753923482,0,0
plugin_ios_activity_recognition,,0,2,0,4ae192f8-8fd0-49b8-a635-d006bd10ed27,19HL,,0,0,1599753930188,0,0
plugin_ios_activity_recognition,"[""stationary""]",0,2,0,4ae192f8-8fd0-49b8-a635-d006bd10ed27,19HL,,0,1,1599753941036,0,0
plugin_ios_activity_recognition,,0,2,0,4ae192f8-8fd0-49b8-a635-d006bd10ed27,19HL,,0,0,1599753941356,0,0
plugin_ios_activity_recognition,"[""stationary""]",0,2,0,4ae192f8-8fd0-49b8-a635-d006bd10ed27,19HL,,0,1,1599754037342,0,0
plugin_ios_activity_recognition,,0,2,0,4ae192f8-8fd0-49b8-a635-d006bd10ed27,19HL,,0,0,1599754039905,0,0
plugin_ios_activity_recognition,"[""stationary""]",0,2,0,4ae192f8-8fd0-49b8-a635-d006bd10ed27,19HL,,0,1,1599754052699,0,0
plugin_ios_activity_recognition,,0,2,0,4ae192f8-8fd0-49b8-a635-d006bd10ed27,19HL,,0,0,1599754056536,0,0
plugin_ios_activity_recognition,"[""stationary""]",0,2,0,4ae192f8-8fd0-49b8-a635-d006bd10ed27,19HL,,0,1,1599754063883,0,0
plugin_ios_activity_recognition,,0,2,0,4ae192f8-8fd0-49b8-a635-d006bd10ed27,19HL,,0,0,1599754064837,0,0
plugin_ios_activity_recognition,"[""stationary""]",0,2,0,4ae192f8-8fd0-49b8-a635-d006bd10ed27,19HL,,0,1,1599754146359,0,0
plugin_ios_activity_recognition,,0,2,0,4ae192f8-8fd0-49b8-a635-d006bd10ed27,19HL,,0,0,1599754162654,0,0
plugin_ios_activity_recognition,"[""stationary""]",0,2,0,4ae192f8-8fd0-49b8-a635-d006bd10ed27,19HL,,0,1,1599754166156,0,0
plugin_ios_activity_recognition,,0,2,0,4ae192f8-8fd0-49b8-a635-d006bd10ed27,19HL,,0,0,1599754177653,0,0
plugin_ios_activity_recognition,"[""stationary""]",0,2,0,4ae192f8-8fd0-49b8-a635-d006bd10ed27,19HL,,0,1,1599754199663,0,0
plugin_ios_activity_recognition,,0,2,0,4ae192f8-8fd0-49b8-a635-d006bd10ed27,19HL,,0,0,1599754212101,0,0
plugin_ios_activity_recognition,"[""stationary""]",0,2,0,4ae192f8-8fd0-49b8-a635-d006bd10ed27,19HL,,0,1,1599754220695,0,0
plugin_ios_activity_recognition,,0,2,0,4ae192f8-8fd0-49b8-a635-d006bd10ed27,19HL,,0,0,1599754224204,0,0
plugin_ios_activity_recognition,"[""stationary""]",0,2,0,4ae192f8-8fd0-49b8-a635-d006bd10ed27,19HL,,0,1,1599754227713,0,0
plugin_ios_activity_recognition,,0,2,0,4ae192f8-8fd0-49b8-a635-d006bd10ed27,19HL,,0,0,1599754237586,0,0
plugin_ios_activity_recognition,"[""stationary""]",0,2,0,4ae192f8-8fd0-49b8-a635-d006bd10ed27,19HL,,0,1,1599754248465,0,0
plugin_ios_activity_recognition,,0,2,0,4ae192f8-8fd0-49b8-a635-d006bd10ed27,19HL,,0,0,1599754252643,0,0
plugin_ios_activity_recognition,"[""stationary""]",0,2,0,4ae192f8-8fd0-49b8-a635-d006bd10ed27,19HL,,0,1,1599754270541,0,0
plugin_ios_activity_recognition,,0,2,0,4ae192f8-8fd0-49b8-a635-d006bd10ed27,19HL,,0,0,1599754275900,0,0
plugin_ios_activity_recognition,"[""stationary""]",0,2,0,4ae192f8-8fd0-49b8-a635-d006bd10ed27,19HL,,0,1,1599754283567,0,0
plugin_ios_activity_recognition,,0,2,0,4ae192f8-8fd0-49b8-a635-d006bd10ed27,19HL,,0,0,1599754289632,0,0
plugin_ios_activity_recognition,"[""stationary""]",0,2,0,4ae192f8-8fd0-49b8-a635-d006bd10ed27,19HL,,0,1,1599754293157,0,0
plugin_ios_activity_recognition,,0,2,0,4ae192f8-8fd0-49b8-a635-d006bd10ed27,19HL,,0,0,1599754295385,0,0
plugin_ios_activity_recognition,"[""stationary""]",0,2,0,4ae192f8-8fd0-49b8-a635-d006bd10ed27,19HL,,0,1,1599754315838,0,0
plugin_ios_activity_recognition,,0,2,0,4ae192f8-8fd0-49b8-a635-d006bd10ed27,19HL,,0,0,1599754322850,0,0
plugin_ios_activity_recognition,"[""stationary""]",0,2,0,4ae192f8-8fd0-49b8-a635-d006bd10ed27,19HL,,0,1,1599754336916,0,0
plugin_ios_activity_recognition,,0,2,0,4ae192f8-8fd0-49b8-a635-d006bd10ed27,19HL,,0,0,1599754364293,0,0
plugin_ios_activity_recognition,"[""stationary""]",0,2,0,4ae192f8-8fd0-49b8-a635-d006bd10ed27,19HL,,0,1,1599754370671,0,0
plugin_ios_activity_recognition,,0,2,0,4ae192f8-8fd0-49b8-a635-d006bd10ed27,19HL,,0,0,1599754382468,0,0
plugin_ios_activity_recognition,"[""stationary""]",0,2,0,4ae192f8-8fd0-49b8-a635-d006bd10ed27,19HL,,0,1,1599754389816,0,0
plugin_ios_activity_recognition,,0,2,0,4ae192f8-8fd0-49b8-a635-d006bd10ed27,19HL,,0,0,1599754391410,0,0
plugin_ios_activity_recognition,"[""stationary""]",0,2,0,4ae192f8-8fd0-49b8-a635-d006bd10ed27,19HL,,0,1,1599754400984,0,0
plugin_ios_activity_recognition,,0,2,0,4ae192f8-8fd0-49b8-a635-d006bd10ed27,19HL,,0,0,1599754402259,0,0
plugin_ios_activity_recognition,"[""stationary""]",0,2,0,4ae192f8-8fd0-49b8-a635-d006bd10ed27,19HL,,0,1,1599754405797,0,0
plugin_ios_activity_recognition,,0,2,0,4ae192f8-8fd0-49b8-a635-d006bd10ed27,19HL,,0,0,1599754408622,0,0
plugin_ios_activity_recognition,"[""stationary""]",0,2,0,4ae192f8-8fd0-49b8-a635-d006bd10ed27,19HL,,0,1,1599754417884,0,0
plugin_ios_activity_recognition,,0,2,0,4ae192f8-8fd0-49b8-a635-d006bd10ed27,19HL,,0,0,1599754421378,0,0
plugin_ios_activity_recognition,"[""stationary""]",0,2,0,4ae192f8-8fd0-49b8-a635-d006bd10ed27,19HL,,0,1,1599754440200,0,0
plugin_ios_activity_recognition,,0,2,0,4ae192f8-8fd0-49b8-a635-d006bd10ed27,19HL,,0,0,1599754443397,0,0
plugin_ios_activity_recognition,"[""stationary""]",0,2,0,4ae192f8-8fd0-49b8-a635-d006bd10ed27,19HL,,0,1,1599754446899,0,0
plugin_ios_activity_recognition,,0,2,0,4ae192f8-8fd0-49b8-a635-d006bd10ed27,19HL,,0,0,1599754450736,0,0
plugin_ios_activity_recognition,"[""stationary""]",0,2,0,4ae192f8-8fd0-49b8-a635-d006bd10ed27,19HL,,0,1,1599754491935,0,0
plugin_ios_activity_recognition,,0,2,0,4ae192f8-8fd0-49b8-a635-d006bd10ed27,19HL,,0,0,1599754493201,0,0
plugin_ios_activity_recognition,"[""stationary""]",0,2,0,4ae192f8-8fd0-49b8-a635-d006bd10ed27,19HL,,0,1,1599754627840,0,0
plugin_ios_activity_recognition,,0,2,0,4ae192f8-8fd0-49b8-a635-d006bd10ed27,19HL,,0,0,1599754630381,0,0
plugin_ios_activity_recognition,"[""stationary""]",0,2,0,4ae192f8-8fd0-49b8-a635-d006bd10ed27,19HL,,0,1,1599754639651,0,0
plugin_ios_activity_recognition,,0,2,0,4ae192f8-8fd0-49b8-a635-d006bd10ed27,19HL,,0,0,1599754644748,0,0
plugin_ios_activity_recognition,"[""stationary""]",0,2,0,4ae192f8-8fd0-49b8-a635-d006bd10ed27,19HL,,0,1,1599754655262,0,0
plugin_ios_activity_recognition,,0,2,0,4ae192f8-8fd0-49b8-a635-d006bd10ed27,19HL,,0,0,1599754662299,0,0
plugin_ios_activity_recognition,"[""walking""]",0,1,0,4ae192f8-8fd0-49b8-a635-d006bd10ed27,19HL,,0,0,1599754666520,0,1
plugin_ios_activity_recognition,"[""walking""]",0,2,0,4ae192f8-8fd0-49b8-a635-d006bd10ed27,19HL,,0,0,1599754681880,0,1
plugin_ios_activity_recognition,"[""stationary""]",0,2,0,4ae192f8-8fd0-49b8-a635-d006bd10ed27,19HL,,0,1,1599754689207,0,0
plugin_ios_activity_recognition,"[""walking""]",0,2,0,4ae192f8-8fd0-49b8-a635-d006bd10ed27,19HL,,0,0,1599754698454,0,1
plugin_ios_activity_recognition,"[""stationary""]",0,2,0,4ae192f8-8fd0-49b8-a635-d006bd10ed27,19HL,,0,1,1599754711853,0,0
plugin_ios_activity_recognition,,0,2,0,4ae192f8-8fd0-49b8-a635-d006bd10ed27,19HL,,0,0,1599754772507,0,0
plugin_ios_activity_recognition,"[""stationary""]",0,2,0,4ae192f8-8fd0-49b8-a635-d006bd10ed27,19HL,,0,1,1599754777611,0,0
plugin_ios_activity_recognition,,0,2,0,4ae192f8-8fd0-49b8-a635-d006bd10ed27,19HL,,0,0,1599754779205,0,0
plugin_ios_activity_recognition,"[""stationary""]",0,2,0,4ae192f8-8fd0-49b8-a635-d006bd10ed27,19HL,,0,1,1599754788147,0,0
plugin_ios_activity_recognition,,0,2,0,4ae192f8-8fd0-49b8-a635-d006bd10ed27,19HL,,0,0,1599754788467,0,0
plugin_ios_activity_recognition,"[""stationary""]",0,2,0,4ae192f8-8fd0-49b8-a635-d006bd10ed27,19HL,,0,1,1599754794868,0,0
plugin_ios_activity_recognition,,0,2,0,4ae192f8-8fd0-49b8-a635-d006bd10ed27,19HL,,0,0,1599754835681,0,0
plugin_ios_activity_recognition,"[""stationary""]",0,2,0,4ae192f8-8fd0-49b8-a635-d006bd10ed27,19HL,,0,1,1599754844325,0,0
plugin_ios_activity_recognition,,0,2,0,4ae192f8-8fd0-49b8-a635-d006bd10ed27,19HL,,0,0,1599754953147,0,0
plugin_ios_activity_recognition,"[""stationary""]",0,2,0,4ae192f8-8fd0-49b8-a635-d006bd10ed27,19HL,,0,1,1599754962764,0,0
plugin_ios_activity_recognition,,0,2,0,4ae192f8-8fd0-49b8-a635-d006bd10ed27,19HL,,0,0,1599754966239,0,0
plugin_ios_activity_recognition,"[""stationary""]",0,2,0,4ae192f8-8fd0-49b8-a635-d006bd10ed27,19HL,,0,1,1599754970425,0,0
plugin_ios_activity_recognition,,0,2,0,4ae192f8-8fd0-49b8-a635-d006bd10ed27,19HL,,0,0,1599754976782,0,0
plugin_ios_activity_recognition,"[""stationary""]",0,2,0,4ae192f8-8fd0-49b8-a635-d006bd10ed27,19HL,,0,1,1599754980942,0,0
plugin_ios_activity_recognition,,0,2,0,4ae192f8-8fd0-49b8-a635-d006bd10ed27,19HL,,0,0,1599754997229,0,0
plugin_ios_activity_recognition,"[""stationary""]",0,2,0,4ae192f8-8fd0-49b8-a635-d006bd10ed27,19HL,,0,1,1599755005232,0,0
plugin_ios_activity_recognition,,0,2,0,4ae192f8-8fd0-49b8-a635-d006bd10ed27,19HL,,0,0,1599755020891,0,0
plugin_ios_activity_recognition,"[""stationary""]",0,2,0,4ae192f8-8fd0-49b8-a635-d006bd10ed27,19HL,,0,1,1599755026678,0,0
plugin_ios_activity_recognition,,0,2,0,4ae192f8-8fd0-49b8-a635-d006bd10ed27,19HL,,0,0,1599755041654,0,0
plugin_ios_activity_recognition,"[""stationary""]",0,2,0,4ae192f8-8fd0-49b8-a635-d006bd10ed27,19HL,,0,1,1599755045802,0,0
plugin_ios_activity_recognition,,0,2,0,4ae192f8-8fd0-49b8-a635-d006bd10ed27,19HL,,0,0,1599755051222,0,0
plugin_ios_activity_recognition,"[""stationary""]",0,2,0,4ae192f8-8fd0-49b8-a635-d006bd10ed27,19HL,,0,1,1599755059546,0,0
plugin_ios_activity_recognition,,0,2,0,4ae192f8-8fd0-49b8-a635-d006bd10ed27,19HL,,0,0,1599755077755,0,0
plugin_ios_activity_recognition,"[""stationary""]",0,2,0,4ae192f8-8fd0-49b8-a635-d006bd10ed27,19HL,,0,1,1599755082190,0,0
plugin_ios_activity_recognition,,0,2,0,4ae192f8-8fd0-49b8-a635-d006bd10ed27,19HL,,0,0,1599755082504,0,0
plugin_ios_activity_recognition,"[""stationary""]",0,2,0,4ae192f8-8fd0-49b8-a635-d006bd10ed27,19HL,,0,1,1599755088569,0,0
plugin_ios_activity_recognition,,0,2,0,4ae192f8-8fd0-49b8-a635-d006bd10ed27,19HL,,0,0,1599755104549,0,0
plugin_ios_activity_recognition,"[""stationary""]",0,2,0,4ae192f8-8fd0-49b8-a635-d006bd10ed27,19HL,,0,1,1599755108707,0,0
plugin_ios_activity_recognition,,0,2,0,4ae192f8-8fd0-49b8-a635-d006bd10ed27,19HL,,0,0,1599755109661,0,0
plugin_ios_activity_recognition,"[""stationary""]",0,2,0,4ae192f8-8fd0-49b8-a635-d006bd10ed27,19HL,,0,1,1599755114124,0,0
plugin_ios_activity_recognition,,0,2,0,4ae192f8-8fd0-49b8-a635-d006bd10ed27,19HL,,0,0,1599755117627,0,0
plugin_ios_activity_recognition,"[""walking""]",0,1,0,4ae192f8-8fd0-49b8-a635-d006bd10ed27,19HL,,0,0,1599755123749,0,1
plugin_ios_activity_recognition,"[""walking""]",0,2,0,4ae192f8-8fd0-49b8-a635-d006bd10ed27,19HL,,0,0,1599755126313,0,1
plugin_ios_activity_recognition,"[""stationary""]",0,2,0,4ae192f8-8fd0-49b8-a635-d006bd10ed27,19HL,,0,1,1599755168556,0,0
plugin_ios_activity_recognition,,0,2,0,4ae192f8-8fd0-49b8-a635-d006bd10ed27,19HL,,0,0,1599755237842,0,0
plugin_ios_activity_recognition,"[""stationary""]",0,2,0,4ae192f8-8fd0-49b8-a635-d006bd10ed27,19HL,,0,1,1599755247122,0,0
plugin_ios_activity_recognition,"[""stationary""]",0,2,0,4ae192f8-8fd0-49b8-a635-d006bd10ed27,19HL,supplement,0,1,1599755427122,0,0
plugin_ios_activity_recognition,"[""stationary""]",0,2,0,4ae192f8-8fd0-49b8-a635-d006bd10ed27,19HL,supplement,0,1,1599755607122,0,0
plugin_ios_activity_recognition,"[""stationary""]",0,2,0,4ae192f8-8fd0-49b8-a635-d006bd10ed27,19HL,supplement,0,1,1599755787122,0,0
plugin_ios_activity_recognition,,0,2,0,4ae192f8-8fd0-49b8-a635-d006bd10ed27,19HL,,0,0,1599755817067,0,0
plugin_ios_activity_recognition,"[""stationary""]",0,2,0,4ae192f8-8fd0-49b8-a635-d006bd10ed27,19HL,,0,1,1599755827951,0,0
plugin_ios_activity_recognition,"[""stationary""]",0,2,0,4ae192f8-8fd0-49b8-a635-d006bd10ed27,19HL,supplement,0,1,1599755967122,0,0
plugin_ios_activity_recognition,"[""stationary""]",0,2,0,4ae192f8-8fd0-49b8-a635-d006bd10ed27,19HL,supplement,0,1,1599756007951,0,0
plugin_ios_activity_recognition,,0,2,0,4ae192f8-8fd0-49b8-a635-d006bd10ed27,19HL,,0,0,1599756067922,0,0
plugin_ios_activity_recognition,"[""stationary""]",0,2,0,4ae192f8-8fd0-49b8-a635-d006bd10ed27,19HL,,0,1,1599756074315,0,0
plugin_ios_activity_recognition,"[""stationary""]",0,2,0,4ae192f8-8fd0-49b8-a635-d006bd10ed27,19HL,supplement,0,1,1599756187951,0,0
plugin_ios_activity_recognition,"[""stationary""]",0,2,0,4ae192f8-8fd0-49b8-a635-d006bd10ed27,19HL,supplement,0,1,1599756254315,0,0
plugin_ios_activity_recognition,"[""stationary""]",0,2,0,4ae192f8-8fd0-49b8-a635-d006bd10ed27,19HL,supplement,0,1,1599756434315,0,0
plugin_ios_activity_recognition,"[""stationary""]",0,2,0,4ae192f8-8fd0-49b8-a635-d006bd10ed27,19HL,supplement,0,1,1599756614315,0,0
plugin_ios_activity_recognition,"[""stationary""]",0,2,0,4ae192f8-8fd0-49b8-a635-d006bd10ed27,19HL,supplement,0,1,1599756794315,0,0
plugin_ios_activity_recognition,"[""stationary""]",0,2,0,4ae192f8-8fd0-49b8-a635-d006bd10ed27,19HL,supplement,0,1,1599756974315,0,0
plugin_ios_activity_recognition,"[""stationary""]",0,2,0,4ae192f8-8fd0-49b8-a635-d006bd10ed27,19HL,supplement,0,1,1599757154315,0,0
plugin_ios_activity_recognition,"[""stationary""]",0,2,0,4ae192f8-8fd0-49b8-a635-d006bd10ed27,19HL,supplement,0,1,1599757334315,0,0
plugin_ios_activity_recognition,,0,2,0,4ae192f8-8fd0-49b8-a635-d006bd10ed27,19HL,,0,0,1599757467910,0,0
plugin_ios_activity_recognition,"[""stationary""]",0,2,0,4ae192f8-8fd0-49b8-a635-d006bd10ed27,19HL,,0,1,1599757473945,0,0
plugin_ios_activity_recognition,,0,2,0,4ae192f8-8fd0-49b8-a635-d006bd10ed27,19HL,,0,0,1599757484825,0,0
plugin_ios_activity_recognition,"[""stationary""]",0,2,0,4ae192f8-8fd0-49b8-a635-d006bd10ed27,19HL,,0,1,1599757512368,0,0
plugin_ios_activity_recognition,"[""stationary""]",0,2,0,4ae192f8-8fd0-49b8-a635-d006bd10ed27,19HL,supplement,0,1,1599757514315,0,0
plugin_ios_activity_recognition,,0,2,0,4ae192f8-8fd0-49b8-a635-d006bd10ed27,19HL,,0,0,1599757542085,0,0
plugin_ios_activity_recognition,"[""stationary""]",0,2,0,4ae192f8-8fd0-49b8-a635-d006bd10ed27,19HL,,0,1,1599757547802,0,0
plugin_ios_activity_recognition,"[""stationary""]",0,2,0,4ae192f8-8fd0-49b8-a635-d006bd10ed27,19HL,supplement,0,1,1599757727802,0,0
plugin_ios_activity_recognition,"[""stationary""]",0,2,0,4ae192f8-8fd0-49b8-a635-d006bd10ed27,19HL,supplement,0,1,1599757907802,0,0
plugin_ios_activity_recognition,"[""stationary""]",0,2,0,4ae192f8-8fd0-49b8-a635-d006bd10ed27,19HL,supplement,0,1,1599758087802,0,0
plugin_ios_activity_recognition,,0,2,0,4ae192f8-8fd0-49b8-a635-d006bd10ed27,19HL,,0,0,1599758244753,0,0
plugin_ios_activity_recognition,"[""stationary""]",0,2,0,4ae192f8-8fd0-49b8-a635-d006bd10ed27,19HL,supplement,0,1,1599758267802,0,0
plugin_ios_activity_recognition,,0,2,0,4ae192f8-8fd0-49b8-a635-d006bd10ed27,19HL,supplement,0,0,1599758424753,0,0
plugin_ios_activity_recognition,"[""stationary""]",0,2,0,4ae192f8-8fd0-49b8-a635-d006bd10ed27,19HL,,0,1,1599758572742,0,0
plugin_ios_activity_recognition,,0,2,0,4ae192f8-8fd0-49b8-a635-d006bd10ed27,19HL,supplement,0,0,1599758604753,0,0
plugin_ios_activity_recognition,,0,2,0,4ae192f8-8fd0-49b8-a635-d006bd10ed27,19HL,,0,0,1599758735814,0,0
plugin_ios_activity_recognition,"[""stationary""]",0,2,0,4ae192f8-8fd0-49b8-a635-d006bd10ed27,19HL,,0,1,1599758739968,0,0
plugin_ios_activity_recognition,"[""stationary""]",0,2,0,4ae192f8-8fd0-49b8-a635-d006bd10ed27,19HL,supplement,0,1,1599758919968,0,0
plugin_ios_activity_recognition,,0,2,0,4ae192f8-8fd0-49b8-a635-d006bd10ed27,19HL,,0,0,1599758954162,0,0
plugin_ios_activity_recognition,"[""stationary""]",0,2,0,4ae192f8-8fd0-49b8-a635-d006bd10ed27,19HL,,0,1,1599758960239,0,0
plugin_ios_activity_recognition,"[""stationary""]",0,2,0,4ae192f8-8fd0-49b8-a635-d006bd10ed27,19HL,supplement,0,1,1599759099968,0,0
plugin_ios_activity_recognition,"[""stationary""]",0,2,0,4ae192f8-8fd0-49b8-a635-d006bd10ed27,19HL,supplement,0,1,1599759140239,0,0
plugin_ios_activity_recognition,"[""stationary""]",0,2,0,4ae192f8-8fd0-49b8-a635-d006bd10ed27,19HL,supplement,0,1,1599759320239,0,0
plugin_ios_activity_recognition,"[""stationary""]",0,2,0,4ae192f8-8fd0-49b8-a635-d006bd10ed27,19HL,supplement,0,1,1599759500239,0,0
plugin_ios_activity_recognition,,0,2,0,4ae192f8-8fd0-49b8-a635-d006bd10ed27,19HL,,0,0,1599759618943,0,0
plugin_ios_activity_recognition,"[""stationary""]",0,2,0,4ae192f8-8fd0-49b8-a635-d006bd10ed27,19HL,,0,1,1599759623729,0,0
plugin_ios_activity_recognition,"[""stationary""]",0,2,0,4ae192f8-8fd0-49b8-a635-d006bd10ed27,19HL,supplement,0,1,1599759680239,0,0
plugin_ios_activity_recognition,,0,2,0,4ae192f8-8fd0-49b8-a635-d006bd10ed27,19HL,,0,0,1599759699381,0,0
plugin_ios_activity_recognition,"[""stationary""]",0,2,0,4ae192f8-8fd0-49b8-a635-d006bd10ed27,19HL,,0,1,1599759761916,0,0
plugin_ios_activity_recognition,,0,2,0,4ae192f8-8fd0-49b8-a635-d006bd10ed27,19HL,,0,0,1599759839454,0,0
plugin_ios_activity_recognition,"[""stationary""]",0,2,0,4ae192f8-8fd0-49b8-a635-d006bd10ed27,19HL,,0,1,1599759870480,0,0
plugin_ios_activity_recognition,"[""stationary""]",0,2,0,4ae192f8-8fd0-49b8-a635-d006bd10ed27,19HL,supplement,0,1,1599760050480,0,0
plugin_ios_activity_recognition,"[""stationary""]",0,2,0,4ae192f8-8fd0-49b8-a635-d006bd10ed27,19HL,supplement,0,1,1599760230480,0,0
plugin_ios_activity_recognition,"[""stationary""]",0,2,0,4ae192f8-8fd0-49b8-a635-d006bd10ed27,19HL,supplement,0,1,1599760410480,0,0
plugin_ios_activity_recognition,"[""stationary""]",0,2,0,4ae192f8-8fd0-49b8-a635-d006bd10ed27,19HL,supplement,0,1,1599760590480,0,0
plugin_ios_activity_recognition,"[""stationary""]",0,2,0,4ae192f8-8fd0-49b8-a635-d006bd10ed27,19HL,supplement,0,1,1599760770480,0,0
plugin_ios_activity_recognition,"[""stationary""]",0,2,0,4ae192f8-8fd0-49b8-a635-d006bd10ed27,19HL,supplement,0,1,1599760950480,0,0
plugin_ios_activity_recognition,"[""stationary""]",0,2,0,4ae192f8-8fd0-49b8-a635-d006bd10ed27,19HL,supplement,0,1,1599761130480,0,0
plugin_ios_activity_recognition,"[""stationary""]",0,2,0,4ae192f8-8fd0-49b8-a635-d006bd10ed27,19HL,supplement,0,1,1599761310480,0,0
plugin_ios_activity_recognition,"[""stationary""]",0,2,0,4ae192f8-8fd0-49b8-a635-d006bd10ed27,19HL,supplement,0,1,1599761490480,0,0
plugin_ios_activity_recognition,"[""stationary""]",0,2,0,4ae192f8-8fd0-49b8-a635-d006bd10ed27,19HL,supplement,0,1,1599761670480,0,0
plugin_ios_activity_recognition,,0,2,0,4ae192f8-8fd0-49b8-a635-d006bd10ed27,19HL,,0,0,1599761776106,0,0
plugin_ios_activity_recognition,"[""stationary""]",0,2,0,4ae192f8-8fd0-49b8-a635-d006bd10ed27,19HL,,0,1,1599761789562,0,0
plugin_ios_activity_recognition,,0,2,0,4ae192f8-8fd0-49b8-a635-d006bd10ed27,19HL,,0,0,1599761795334,0,0
plugin_ios_activity_recognition,"[""stationary""]",0,2,0,4ae192f8-8fd0-49b8-a635-d006bd10ed27,19HL,,0,1,1599761800735,0,0
plugin_ios_activity_recognition,,0,2,0,4ae192f8-8fd0-49b8-a635-d006bd10ed27,19HL,,0,0,1599761806485,0,0
plugin_ios_activity_recognition,"[""walking""]",0,1,0,4ae192f8-8fd0-49b8-a635-d006bd10ed27,19HL,,0,0,1599761810693,0,1
plugin_ios_activity_recognition,"[""walking""]",0,2,0,4ae192f8-8fd0-49b8-a635-d006bd10ed27,19HL,,0,0,1599761815820,0,1
plugin_ios_activity_recognition,"[""stationary""]",0,2,0,4ae192f8-8fd0-49b8-a635-d006bd10ed27,19HL,supplement,0,1,1599761850480,0,0
plugin_ios_activity_recognition,"[""stationary""]",0,2,0,4ae192f8-8fd0-49b8-a635-d006bd10ed27,19HL,,0,1,1599761853239,0,0
plugin_ios_activity_recognition,"[""walking""]",0,2,0,4ae192f8-8fd0-49b8-a635-d006bd10ed27,19HL,,0,0,1599761871128,0,1
plugin_ios_activity_recognition,,0,2,0,4ae192f8-8fd0-49b8-a635-d006bd10ed27,19HL,,0,0,1599761874681,0,0
plugin_ios_activity_recognition,"[""stationary""]",0,2,0,4ae192f8-8fd0-49b8-a635-d006bd10ed27,19HL,,0,1,1599761878475,0,0
plugin_ios_activity_recognition,,0,2,0,4ae192f8-8fd0-49b8-a635-d006bd10ed27,19HL,,0,0,1599761925411,0,0
plugin_ios_activity_recognition,"[""stationary""]",0,2,0,4ae192f8-8fd0-49b8-a635-d006bd10ed27,19HL,,0,1,1599761930894,0,0
plugin_ios_activity_recognition,,0,2,0,4ae192f8-8fd0-49b8-a635-d006bd10ed27,19HL,,0,0,1599761957994,0,0
plugin_ios_activity_recognition,"[""stationary""]",0,2,0,4ae192f8-8fd0-49b8-a635-d006bd10ed27,19HL,,0,1,1599761963437,0,0
plugin_ios_activity_recognition,,0,2,0,4ae192f8-8fd0-49b8-a635-d006bd10ed27,19HL,,0,0,1599762125258,0,0
plugin_ios_activity_recognition,"[""stationary""]",0,2,0,4ae192f8-8fd0-49b8-a635-d006bd10ed27,19HL,,0,1,1599762140347,0,0
plugin_ios_activity_recognition,,0,2,0,4ae192f8-8fd0-49b8-a635-d006bd10ed27,19HL,,0,0,1599762199655,0,0
plugin_ios_activity_recognition,"[""stationary""]",0,2,0,4ae192f8-8fd0-49b8-a635-d006bd10ed27,19HL,,0,1,1599762203820,0,0
plugin_ios_activity_recognition,,0,2,0,4ae192f8-8fd0-49b8-a635-d006bd10ed27,19HL,,0,0,1599762212423,0,0
plugin_ios_activity_recognition,,0,2,0,4ae192f8-8fd0-49b8-a635-d006bd10ed27,19HL,supplement,0,0,1599762392423,0,0
plugin_ios_activity_recognition,"[""stationary""]",0,2,0,4ae192f8-8fd0-49b8-a635-d006bd10ed27,19HL,,0,1,1599762420829,0,0
plugin_ios_activity_recognition,,0,2,0,4ae192f8-8fd0-49b8-a635-d006bd10ed27,19HL,,0,0,1599762455319,0,0
plugin_ios_activity_recognition,"[""stationary""]",0,2,0,4ae192f8-8fd0-49b8-a635-d006bd10ed27,19HL,,0,1,1599762462684,0,0
plugin_ios_activity_recognition,,0,2,0,4ae192f8-8fd0-49b8-a635-d006bd10ed27,19HL,supplement,0,0,1599762572423,0,0
plugin_ios_activity_recognition,"[""stationary""]",0,2,0,4ae192f8-8fd0-49b8-a635-d006bd10ed27,19HL,supplement,0,1,1599762642684,0,0
plugin_ios_activity_recognition,,0,2,0,4ae192f8-8fd0-49b8-a635-d006bd10ed27,19HL,,0,0,1599762657363,0,0
plugin_ios_activity_recognition,"[""stationary""]",0,2,0,4ae192f8-8fd0-49b8-a635-d006bd10ed27,19HL,,0,1,1599762665998,0,0
plugin_ios_activity_recognition,,0,2,0,4ae192f8-8fd0-49b8-a635-d006bd10ed27,19HL,,0,0,1599762819192,0,0
plugin_ios_activity_recognition,"[""stationary""]",0,2,0,4ae192f8-8fd0-49b8-a635-d006bd10ed27,19HL,supplement,0,1,1599762822684,0,0
plugin_ios_activity_recognition,"[""stationary""]",0,2,0,4ae192f8-8fd0-49b8-a635-d006bd10ed27,19HL,,0,1,1599762833590,0,0
plugin_ios_activity_recognition,,0,2,0,4ae192f8-8fd0-49b8-a635-d006bd10ed27,19HL,,0,0,1599762902178,0,0
plugin_ios_activity_recognition,"[""stationary""]",0,2,0,4ae192f8-8fd0-49b8-a635-d006bd10ed27,19HL,,0,1,1599762914068,0,0
plugin_ios_activity_recognition,,0,2,0,4ae192f8-8fd0-49b8-a635-d006bd10ed27,19HL,,0,0,1599762918827,0,0
plugin_ios_activity_recognition,"[""stationary""]",0,2,0,4ae192f8-8fd0-49b8-a635-d006bd10ed27,19HL,,0,1,1599762934534,0,0
plugin_ios_activity_recognition,,0,2,0,4ae192f8-8fd0-49b8-a635-d006bd10ed27,19HL,,0,0,1599763052559,0,0
plugin_ios_activity_recognition,"[""stationary""]",0,2,0,4ae192f8-8fd0-49b8-a635-d006bd10ed27,19HL,,0,1,1599763060540,0,0
plugin_ios_activity_recognition,,0,2,0,4ae192f8-8fd0-49b8-a635-d006bd10ed27,19HL,,0,0,1599763204448,0,0
plugin_ios_activity_recognition,"[""stationary""]",0,2,0,4ae192f8-8fd0-49b8-a635-d006bd10ed27,19HL,,0,1,1599763209243,0,0
plugin_ios_activity_recognition,,0,2,0,4ae192f8-8fd0-49b8-a635-d006bd10ed27,19HL,,0,0,1599763209884,0,0
plugin_ios_activity_recognition,"[""stationary""]",0,2,0,4ae192f8-8fd0-49b8-a635-d006bd10ed27,19HL,,0,1,1599763218535,0,0
plugin_ios_activity_recognition,,0,2,0,4ae192f8-8fd0-49b8-a635-d006bd10ed27,19HL,,0,0,1599763221386,0,0
plugin_ios_activity_recognition,"[""stationary""]",0,2,0,4ae192f8-8fd0-49b8-a635-d006bd10ed27,19HL,,0,1,1599763225591,0,0
plugin_ios_activity_recognition,,0,2,0,4ae192f8-8fd0-49b8-a635-d006bd10ed27,19HL,,0,0,1599763271820,0,0
plugin_ios_activity_recognition,"[""walking""]",0,1,0,4ae192f8-8fd0-49b8-a635-d006bd10ed27,19HL,,0,0,1599763289490,0,1
plugin_ios_activity_recognition,"[""walking""]",0,2,0,4ae192f8-8fd0-49b8-a635-d006bd10ed27,19HL,,0,0,1599763294615,0,1
plugin_ios_activity_recognition,"[""stationary""]",0,2,0,4ae192f8-8fd0-49b8-a635-d006bd10ed27,19HL,,0,1,1599763313787,0,0
plugin_ios_activity_recognition,"[""walking""]",0,2,0,4ae192f8-8fd0-49b8-a635-d006bd10ed27,19HL,,0,0,1599763322109,0,1
plugin_ios_activity_recognition,"[""stationary""]",0,2,0,4ae192f8-8fd0-49b8-a635-d006bd10ed27,19HL,,0,1,1599763333053,0,0
plugin_ios_activity_recognition,"[""walking""]",0,2,0,4ae192f8-8fd0-49b8-a635-d006bd10ed27,19HL,,0,0,1599763335602,0,1
plugin_ios_activity_recognition,"[""stationary""]",0,2,0,4ae192f8-8fd0-49b8-a635-d006bd10ed27,19HL,,0,1,1599763342285,0,0
plugin_ios_activity_recognition,,0,2,0,4ae192f8-8fd0-49b8-a635-d006bd10ed27,19HL,,0,0,1599763363342,0,0
plugin_ios_activity_recognition,"[""stationary""]",0,2,0,4ae192f8-8fd0-49b8-a635-d006bd10ed27,19HL,,0,1,1599763368827,0,0
plugin_ios_activity_recognition,,0,2,0,4ae192f8-8fd0-49b8-a635-d006bd10ed27,19HL,,0,0,1599763370051,0,0
plugin_ios_activity_recognition,"[""stationary""]",0,2,0,4ae192f8-8fd0-49b8-a635-d006bd10ed27,19HL,,0,1,1599763374847,0,0
plugin_ios_activity_recognition,,0,2,0,4ae192f8-8fd0-49b8-a635-d006bd10ed27,19HL,,0,0,1599763386975,0,0
plugin_ios_activity_recognition,"[""stationary""]",0,2,0,4ae192f8-8fd0-49b8-a635-d006bd10ed27,19HL,,0,1,1599763390488,0,0
plugin_ios_activity_recognition,"[""stationary""]",0,2,0,4ae192f8-8fd0-49b8-a635-d006bd10ed27,19HL,supplement,0,1,1599763570488,0,0
plugin_ios_activity_recognition,,0,2,0,4ae192f8-8fd0-49b8-a635-d006bd10ed27,19HL,,0,0,1599763730057,0,0
plugin_ios_activity_recognition,"[""walking""]",0,1,0,4ae192f8-8fd0-49b8-a635-d006bd10ed27,19HL,,0,0,1599763733953,0,1
plugin_ios_activity_recognition,"[""walking""]",0,2,0,4ae192f8-8fd0-49b8-a635-d006bd10ed27,19HL,,0,0,1599763741642,0,1
plugin_ios_activity_recognition,"[""stationary""]",0,2,0,4ae192f8-8fd0-49b8-a635-d006bd10ed27,19HL,supplement,0,1,1599763750488,0,0
plugin_ios_activity_recognition,"[""stationary""]",0,2,0,4ae192f8-8fd0-49b8-a635-d006bd10ed27,19HL,,0,1,1599763768500,0,0
plugin_ios_activity_recognition,"[""walking""]",0,2,0,4ae192f8-8fd0-49b8-a635-d006bd10ed27,19HL,,0,0,1599763776823,0,1
plugin_ios_activity_recognition,,0,2,0,4ae192f8-8fd0-49b8-a635-d006bd10ed27,19HL,,0,0,1599763795405,0,0
plugin_ios_activity_recognition,"[""walking""]",0,1,0,4ae192f8-8fd0-49b8-a635-d006bd10ed27,19HL,,0,0,1599763823589,0,1
plugin_ios_activity_recognition,"[""walking""]",0,2,0,4ae192f8-8fd0-49b8-a635-d006bd10ed27,19HL,,0,0,1599763826157,0,1
plugin_ios_activity_recognition,,0,2,0,4ae192f8-8fd0-49b8-a635-d006bd10ed27,19HL,,0,0,1599763877402,0,0
plugin_ios_activity_recognition,"[""stationary""]",0,2,0,4ae192f8-8fd0-49b8-a635-d006bd10ed27,19HL,,0,1,1599764017727,0,0
plugin_ios_activity_recognition,,0,2,0,4ae192f8-8fd0-49b8-a635-d006bd10ed27,19HL,,0,0,1599764023784,0,0
plugin_ios_activity_recognition,"[""stationary""]",0,2,0,4ae192f8-8fd0-49b8-a635-d006bd10ed27,19HL,,0,1,1599764067846,0,0
plugin_ios_activity_recognition,,0,2,0,4ae192f8-8fd0-49b8-a635-d006bd10ed27,19HL,,0,0,1599764071020,0,0
plugin_ios_activity_recognition,"[""stationary""]",0,2,0,4ae192f8-8fd0-49b8-a635-d006bd10ed27,19HL,,0,1,1599764075483,0,0
plugin_ios_activity_recognition,,0,2,0,4ae192f8-8fd0-49b8-a635-d006bd10ed27,19HL,,0,0,1599764080912,0,0
plugin_ios_activity_recognition,"[""stationary""]",0,2,0,4ae192f8-8fd0-49b8-a635-d006bd10ed27,19HL,,0,1,1599764095293,0,0
plugin_ios_activity_recognition,,0,2,0,4ae192f8-8fd0-49b8-a635-d006bd10ed27,19HL,,0,0,1599764097253,0,0
plugin_ios_activity_recognition,"[""stationary""]",0,2,0,4ae192f8-8fd0-49b8-a635-d006bd10ed27,19HL,,0,1,1599764157633,0,0
plugin_ios_activity_recognition,,0,2,0,4ae192f8-8fd0-49b8-a635-d006bd10ed27,19HL,,0,0,1599764159556,0,0
plugin_ios_activity_recognition,"[""stationary""]",0,2,0,4ae192f8-8fd0-49b8-a635-d006bd10ed27,19HL,,0,1,1599764188914,0,0
plugin_ios_activity_recognition,,0,2,0,4ae192f8-8fd0-49b8-a635-d006bd10ed27,19HL,,0,0,1599764191447,0,0
plugin_ios_activity_recognition,,0,2,0,4ae192f8-8fd0-49b8-a635-d006bd10ed27,19HL,supplement,0,0,1599764371447,0,0
plugin_ios_activity_recognition,"[""stationary""]",0,2,0,4ae192f8-8fd0-49b8-a635-d006bd10ed27,19HL,,0,1,1599764389058,0,0
plugin_ios_activity_recognition,,0,2,0,4ae192f8-8fd0-49b8-a635-d006bd10ed27,19HL,,0,0,1599764390966,0,0
plugin_ios_activity_recognition,"[""stationary""]",0,2,0,4ae192f8-8fd0-49b8-a635-d006bd10ed27,19HL,,0,1,1599764479068,0,0
plugin_ios_activity_recognition,,0,2,0,4ae192f8-8fd0-49b8-a635-d006bd10ed27,19HL,,0,0,1599764479389,0,0
plugin_ios_activity_recognition,"[""stationary""]",0,2,0,4ae192f8-8fd0-49b8-a635-d006bd10ed27,19HL,,0,1,1599764494732,0,0
plugin_ios_activity_recognition,,0,2,0,4ae192f8-8fd0-49b8-a635-d006bd10ed27,19HL,,0,0,1599764497921,0,0
plugin_ios_activity_recognition,,0,2,0,4ae192f8-8fd0-49b8-a635-d006bd10ed27,19HL,supplement,0,0,1599764551447,0,0
plugin_ios_activity_recognition,"[""walking""]",0,1,0,4ae192f8-8fd0-49b8-a635-d006bd10ed27,19HL,,0,0,1599764552247,0,1
plugin_ios_activity_recognition,"[""walking""]",0,2,0,4ae192f8-8fd0-49b8-a635-d006bd10ed27,19HL,,0,0,1599764554811,0,1
plugin_ios_activity_recognition,,0,2,0,4ae192f8-8fd0-49b8-a635-d006bd10ed27,19HL,,0,0,1599764605926,0,0
plugin_ios_activity_recognition,"[""stationary""]",0,2,0,4ae192f8-8fd0-49b8-a635-d006bd10ed27,19HL,,0,1,1599764707334,0,0
plugin_ios_activity_recognition,,0,2,0,4ae192f8-8fd0-49b8-a635-d006bd10ed27,19HL,,0,0,1599764715009,0,0
plugin_ios_activity_recognition,"[""stationary""]",0,2,0,4ae192f8-8fd0-49b8-a635-d006bd10ed27,19HL,,0,1,1599764774980,0,0
plugin_ios_activity_recognition,,0,2,0,4ae192f8-8fd0-49b8-a635-d006bd10ed27,19HL,,0,0,1599764776848,0,0
plugin_ios_activity_recognition,"[""stationary""]",0,2,0,4ae192f8-8fd0-49b8-a635-d006bd10ed27,19HL,,0,1,1599764781640,0,0
plugin_ios_activity_recognition,,0,2,0,4ae192f8-8fd0-49b8-a635-d006bd10ed27,19HL,,0,0,1599764785194,0,0
plugin_ios_activity_recognition,"[""stationary""]",0,2,0,4ae192f8-8fd0-49b8-a635-d006bd10ed27,19HL,,0,1,1599764792490,0,0
plugin_ios_activity_recognition,,0,2,0,4ae192f8-8fd0-49b8-a635-d006bd10ed27,19HL,,0,0,1599764798549,0,0
plugin_ios_activity_recognition,"[""stationary""]",0,2,0,4ae192f8-8fd0-49b8-a635-d006bd10ed27,19HL,,0,1,1599764808780,0,0
plugin_ios_activity_recognition,,0,2,0,4ae192f8-8fd0-49b8-a635-d006bd10ed27,19HL,,0,0,1599764810740,0,0
plugin_ios_activity_recognition,"[""stationary""]",0,2,0,4ae192f8-8fd0-49b8-a635-d006bd10ed27,19HL,,0,1,1599764820985,0,0
plugin_ios_activity_recognition,,0,2,0,4ae192f8-8fd0-49b8-a635-d006bd10ed27,19HL,,0,0,1599764829847,0,0
plugin_ios_activity_recognition,"[""stationary""]",0,2,0,4ae192f8-8fd0-49b8-a635-d006bd10ed27,19HL,,0,1,1599764837492,0,0
plugin_ios_activity_recognition,,0,2,0,4ae192f8-8fd0-49b8-a635-d006bd10ed27,19HL,,0,0,1599764839399,0,0
plugin_ios_activity_recognition,"[""stationary""]",0,2,0,4ae192f8-8fd0-49b8-a635-d006bd10ed27,19HL,,0,1,1599764845465,0,0
plugin_ios_activity_recognition,,0,2,0,4ae192f8-8fd0-49b8-a635-d006bd10ed27,19HL,,0,0,1599764851575,0,0
plugin_ios_activity_recognition,"[""stationary""]",0,2,0,4ae192f8-8fd0-49b8-a635-d006bd10ed27,19HL,,0,1,1599764855048,0,0
plugin_ios_activity_recognition,,0,2,0,4ae192f8-8fd0-49b8-a635-d006bd10ed27,19HL,,0,0,1599764863997,0,0
plugin_ios_activity_recognition,"[""stationary""]",0,2,0,4ae192f8-8fd0-49b8-a635-d006bd10ed27,19HL,,0,1,1599764869480,0,0
plugin_ios_activity_recognition,,0,2,0,4ae192f8-8fd0-49b8-a635-d006bd10ed27,19HL,,0,0,1599764894302,0,0
plugin_ios_activity_recognition,"[""stationary""]",0,2,0,4ae192f8-8fd0-49b8-a635-d006bd10ed27,19HL,,0,1,1599764897827,0,0
plugin_ios_activity_recognition,,0,2,0,4ae192f8-8fd0-49b8-a635-d006bd10ed27,19HL,,0,0,1599764898460,0,0
plugin_ios_activity_recognition,"[""stationary""]",0,2,0,4ae192f8-8fd0-49b8-a635-d006bd10ed27,19HL,,0,1,1599764902661,0,0
plugin_ios_activity_recognition,,0,2,0,4ae192f8-8fd0-49b8-a635-d006bd10ed27,19HL,,0,0,1599764917281,0,0
plugin_ios_activity_recognition,"[""stationary""]",0,2,0,4ae192f8-8fd0-49b8-a635-d006bd10ed27,19HL,,0,1,1599764921439,0,0
plugin_ios_activity_recognition,,0,2,0,4ae192f8-8fd0-49b8-a635-d006bd10ed27,19HL,,0,0,1599764958164,0,0
plugin_ios_activity_recognition,"[""stationary""]",0,2,0,4ae192f8-8fd0-49b8-a635-d006bd10ed27,19HL,,0,1,1599764961666,0,0
plugin_ios_activity_recognition,,0,2,0,4ae192f8-8fd0-49b8-a635-d006bd10ed27,19HL,,0,0,1599765003754,0,0
plugin_ios_activity_recognition,"[""stationary""]",0,2,0,4ae192f8-8fd0-49b8-a635-d006bd10ed27,19HL,,0,1,1599765036688,0,0
plugin_ios_activity_recognition,,0,2,0,4ae192f8-8fd0-49b8-a635-d006bd10ed27,19HL,,0,0,1599765042121,0,0
plugin_ios_activity_recognition,"[""stationary""]",0,2,0,4ae192f8-8fd0-49b8-a635-d006bd10ed27,19HL,,0,1,1599765155744,0,0
plugin_ios_activity_recognition,,0,2,0,4ae192f8-8fd0-49b8-a635-d006bd10ed27,19HL,,0,0,1599765157616,0,0
plugin_ios_activity_recognition,"[""stationary""]",0,2,0,4ae192f8-8fd0-49b8-a635-d006bd10ed27,19HL,,0,1,1599765220935,0,0
plugin_ios_activity_recognition,,0,2,0,4ae192f8-8fd0-49b8-a635-d006bd10ed27,19HL,,0,0,1599765221889,0,0
plugin_ios_activity_recognition,,0,2,0,4ae192f8-8fd0-49b8-a635-d006bd10ed27,19HL,supplement,0,0,1599765401889,0,0
plugin_ios_activity_recognition,"[""stationary""]",0,2,0,4ae192f8-8fd0-49b8-a635-d006bd10ed27,19HL,,0,1,1599765501799,0,0
plugin_ios_activity_recognition,,0,2,0,4ae192f8-8fd0-49b8-a635-d006bd10ed27,19HL,,0,0,1599765503066,0,0
plugin_ios_activity_recognition,,0,2,0,4ae192f8-8fd0-49b8-a635-d006bd10ed27,19HL,supplement,0,0,1599765581889,0,0
plugin_ios_activity_recognition,"[""stationary""]",0,2,0,4ae192f8-8fd0-49b8-a635-d006bd10ed27,19HL,,0,1,1599765600702,0,0
plugin_ios_activity_recognition,,0,2,0,4ae192f8-8fd0-49b8-a635-d006bd10ed27,19HL,,0,0,1599765601656,0,0
plugin_ios_activity_recognition,"[""stationary""]",0,2,0,4ae192f8-8fd0-49b8-a635-d006bd10ed27,19HL,,0,1,1599765620503,0,0
plugin_ios_activity_recognition,,0,2,0,4ae192f8-8fd0-49b8-a635-d006bd10ed27,19HL,,0,0,1599765624061,0,0
plugin_ios_activity_recognition,"[""stationary""]",0,2,0,4ae192f8-8fd0-49b8-a635-d006bd10ed27,19HL,,0,1,1599765630075,0,0
plugin_ios_activity_recognition,,0,2,0,4ae192f8-8fd0-49b8-a635-d006bd10ed27,19HL,,0,0,1599765644748,0,0
plugin_ios_activity_recognition,"[""stationary""]",0,2,0,4ae192f8-8fd0-49b8-a635-d006bd10ed27,19HL,,0,1,1599765661998,0,0
plugin_ios_activity_recognition,,0,2,0,4ae192f8-8fd0-49b8-a635-d006bd10ed27,19HL,,0,0,1599765665515,0,0
plugin_ios_activity_recognition,"[""stationary""]",0,2,0,4ae192f8-8fd0-49b8-a635-d006bd10ed27,19HL,,0,1,1599765669032,0,0
plugin_ios_activity_recognition,,0,2,0,4ae192f8-8fd0-49b8-a635-d006bd10ed27,19HL,,0,0,1599765678638,0,0
plugin_ios_activity_recognition,"[""stationary""]",0,2,0,4ae192f8-8fd0-49b8-a635-d006bd10ed27,19HL,,0,1,1599765682155,0,0
plugin_ios_activity_recognition,,0,2,0,4ae192f8-8fd0-49b8-a635-d006bd10ed27,19HL,,0,0,1599765777863,0,0
plugin_ios_activity_recognition,"[""stationary""]",0,2,0,4ae192f8-8fd0-49b8-a635-d006bd10ed27,19HL,,0,1,1599765781373,0,0
plugin_ios_activity_recognition,,0,2,0,4ae192f8-8fd0-49b8-a635-d006bd10ed27,19HL,,0,0,1599765781693,0,0
plugin_ios_activity_recognition,"[""stationary""]",0,2,0,4ae192f8-8fd0-49b8-a635-d006bd10ed27,19HL,,0,1,1599765796366,0,0
plugin_ios_activity_recognition,,0,2,0,4ae192f8-8fd0-49b8-a635-d006bd10ed27,19HL,,0,0,1599765815141,0,0
plugin_ios_activity_recognition,"[""stationary""]",0,2,0,4ae192f8-8fd0-49b8-a635-d006bd10ed27,19HL,,0,1,1599765820886,0,0
plugin_ios_activity_recognition,,0,2,0,4ae192f8-8fd0-49b8-a635-d006bd10ed27,19HL,,0,0,1599765842252,0,0
plugin_ios_activity_recognition,"[""stationary""]",0,2,0,4ae192f8-8fd0-49b8-a635-d006bd10ed27,19HL,,0,1,1599765845769,0,0
plugin_ios_activity_recognition,,0,2,0,4ae192f8-8fd0-49b8-a635-d006bd10ed27,19HL,,0,0,1599765861723,0,0
plugin_ios_activity_recognition,"[""stationary""]",0,2,0,4ae192f8-8fd0-49b8-a635-d006bd10ed27,19HL,,0,1,1599765865881,0,0
plugin_ios_activity_recognition,,0,2,0,4ae192f8-8fd0-49b8-a635-d006bd10ed27,19HL,,0,0,1599765882782,0,0
plugin_ios_activity_recognition,"[""stationary""]",0,2,0,4ae192f8-8fd0-49b8-a635-d006bd10ed27,19HL,,0,1,1599765889516,0,0
plugin_ios_activity_recognition,,0,2,0,4ae192f8-8fd0-49b8-a635-d006bd10ed27,19HL,,0,0,1599765893616,0,0
plugin_ios_activity_recognition,"[""stationary""]",0,2,0,4ae192f8-8fd0-49b8-a635-d006bd10ed27,19HL,,0,1,1599765900308,0,0
plugin_ios_activity_recognition,,0,2,0,4ae192f8-8fd0-49b8-a635-d006bd10ed27,19HL,,0,0,1599765905412,0,0
plugin_ios_activity_recognition,"[""stationary""]",0,2,0,4ae192f8-8fd0-49b8-a635-d006bd10ed27,19HL,,0,1,1599765911470,0,0
plugin_ios_activity_recognition,,0,2,0,4ae192f8-8fd0-49b8-a635-d006bd10ed27,19HL,,0,0,1599765914660,0,0
plugin_ios_activity_recognition,"[""stationary""]",0,2,0,4ae192f8-8fd0-49b8-a635-d006bd10ed27,19HL,,0,1,1599765919138,0,0
plugin_ios_activity_recognition,,0,2,0,4ae192f8-8fd0-49b8-a635-d006bd10ed27,19HL,,0,0,1599765923922,0,0
plugin_ios_activity_recognition,"[""stationary""]",0,2,0,4ae192f8-8fd0-49b8-a635-d006bd10ed27,19HL,,0,1,1599765932238,0,0
plugin_ios_activity_recognition,,0,2,0,4ae192f8-8fd0-49b8-a635-d006bd10ed27,19HL,,0,0,1599765934787,0,0
plugin_ios_activity_recognition,"[""stationary""]",0,2,0,4ae192f8-8fd0-49b8-a635-d006bd10ed27,19HL,,0,1,1599765956842,0,0
plugin_ios_activity_recognition,,0,2,0,4ae192f8-8fd0-49b8-a635-d006bd10ed27,19HL,,0,0,1599765960031,0,0
plugin_ios_activity_recognition,"[""walking""]",0,1,0,4ae192f8-8fd0-49b8-a635-d006bd10ed27,19HL,,0,0,1599765991701,0,1
plugin_ios_activity_recognition,"[""walking""]",0,2,0,4ae192f8-8fd0-49b8-a635-d006bd10ed27,19HL,,0,0,1599765994258,0,1
plugin_ios_activity_recognition,,0,2,0,4ae192f8-8fd0-49b8-a635-d006bd10ed27,19HL,,0,0,1599766045314,0,0
plugin_ios_activity_recognition,"[""stationary""]",0,2,0,4ae192f8-8fd0-49b8-a635-d006bd10ed27,19HL,,0,1,1599766121992,0,0
plugin_ios_activity_recognition,,0,2,0,4ae192f8-8fd0-49b8-a635-d006bd10ed27,19HL,,0,0,1599766125147,0,0
plugin_ios_activity_recognition,"[""stationary""]",0,2,0,4ae192f8-8fd0-49b8-a635-d006bd10ed27,19HL,,0,1,1599766131548,0,0
plugin_ios_activity_recognition,,0,2,0,4ae192f8-8fd0-49b8-a635-d006bd10ed27,19HL,,0,0,1599766133143,0,0
plugin_ios_activity_recognition,"[""stationary""]",0,2,0,4ae192f8-8fd0-49b8-a635-d006bd10ed27,19HL,,0,1,1599766140796,0,0
plugin_ios_activity_recognition,,0,2,0,4ae192f8-8fd0-49b8-a635-d006bd10ed27,19HL,,0,0,1599766152685,0,0
plugin_ios_activity_recognition,"[""stationary""]",0,2,0,4ae192f8-8fd0-49b8-a635-d006bd10ed27,19HL,,0,1,1599766156478,0,0
plugin_ios_activity_recognition,,0,2,0,4ae192f8-8fd0-49b8-a635-d006bd10ed27,19HL,,0,0,1599766212338,0,0
plugin_ios_activity_recognition,"[""stationary""]",0,2,0,4ae192f8-8fd0-49b8-a635-d006bd10ed27,19HL,,0,1,1599766216539,0,0
plugin_ios_activity_recognition,,0,2,0,4ae192f8-8fd0-49b8-a635-d006bd10ed27,19HL,,0,0,1599766224208,0,0
plugin_ios_activity_recognition,"[""stationary""]",0,2,0,4ae192f8-8fd0-49b8-a635-d006bd10ed27,19HL,,0,1,1599766228323,0,0
plugin_ios_activity_recognition,,0,2,0,4ae192f8-8fd0-49b8-a635-d006bd10ed27,19HL,,0,0,1599766271076,0,0
plugin_ios_activity_recognition,"[""stationary""]",0,2,0,4ae192f8-8fd0-49b8-a635-d006bd10ed27,19HL,,0,1,1599766274578,0,0
plugin_ios_activity_recognition,,0,2,0,4ae192f8-8fd0-49b8-a635-d006bd10ed27,19HL,,0,0,1599766317650,0,0
plugin_ios_activity_recognition,"[""stationary""]",0,2,0,4ae192f8-8fd0-49b8-a635-d006bd10ed27,19HL,,0,1,1599766321210,0,0
plugin_ios_activity_recognition,,0,2,0,4ae192f8-8fd0-49b8-a635-d006bd10ed27,19HL,,0,0,1599766331445,0,0
plugin_ios_activity_recognition,"[""stationary""]",0,2,0,4ae192f8-8fd0-49b8-a635-d006bd10ed27,19HL,,0,1,1599766335880,0,0
plugin_ios_activity_recognition,,0,2,0,4ae192f8-8fd0-49b8-a635-d006bd10ed27,19HL,,0,0,1599766394032,0,0
plugin_ios_activity_recognition,"[""stationary""]",0,2,0,4ae192f8-8fd0-49b8-a635-d006bd10ed27,19HL,,0,1,1599766431427,0,0
plugin_ios_activity_recognition,,0,2,0,4ae192f8-8fd0-49b8-a635-d006bd10ed27,19HL,,0,0,1599766433030,0,0
plugin_ios_activity_recognition,"[""stationary""]",0,2,0,4ae192f8-8fd0-49b8-a635-d006bd10ed27,19HL,,0,1,1599766476471,0,0
plugin_ios_activity_recognition,,0,2,0,4ae192f8-8fd0-49b8-a635-d006bd10ed27,19HL,,0,0,1599766487971,0,0
plugin_ios_activity_recognition,"[""stationary""]",0,2,0,4ae192f8-8fd0-49b8-a635-d006bd10ed27,19HL,,0,1,1599766492492,0,0
plugin_ios_activity_recognition,,0,2,0,4ae192f8-8fd0-49b8-a635-d006bd10ed27,19HL,,0,0,1599766494365,0,0
plugin_ios_activity_recognition,"[""stationary""]",0,2,0,4ae192f8-8fd0-49b8-a635-d006bd10ed27,19HL,,0,1,1599766498518,0,0
plugin_ios_activity_recognition,,0,2,0,4ae192f8-8fd0-49b8-a635-d006bd10ed27,19HL,,0,0,1599766500164,0,0
plugin_ios_activity_recognition,"[""stationary""]",0,2,0,4ae192f8-8fd0-49b8-a635-d006bd10ed27,19HL,,0,1,1599766526650,0,0
plugin_ios_activity_recognition,,0,2,0,4ae192f8-8fd0-49b8-a635-d006bd10ed27,19HL,,0,0,1599766531755,0,0
plugin_ios_activity_recognition,"[""stationary""]",0,2,0,4ae192f8-8fd0-49b8-a635-d006bd10ed27,19HL,,0,1,1599766541068,0,0
plugin_ios_activity_recognition,,0,2,0,4ae192f8-8fd0-49b8-a635-d006bd10ed27,19HL,,0,0,1599766543626,0,0
plugin_ios_activity_recognition,"[""stationary""]",0,2,0,4ae192f8-8fd0-49b8-a635-d006bd10ed27,19HL,,0,1,1599766547739,0,0
plugin_ios_activity_recognition,,0,2,0,4ae192f8-8fd0-49b8-a635-d006bd10ed27,19HL,,0,0,1599766568136,0,0
plugin_ios_activity_recognition,"[""stationary""]",0,2,0,4ae192f8-8fd0-49b8-a635-d006bd10ed27,19HL,,0,1,1599766573248,0,0
plugin_ios_activity_recognition,,0,2,0,4ae192f8-8fd0-49b8-a635-d006bd10ed27,19HL,,0,0,1599766573568,0,0
plugin_ios_activity_recognition,"[""stationary""]",0,2,0,4ae192f8-8fd0-49b8-a635-d006bd10ed27,19HL,,0,1,1599766580275,0,0
plugin_ios_activity_recognition,,0,2,0,4ae192f8-8fd0-49b8-a635-d006bd10ed27,19HL,,0,0,1599766591148,0,0
plugin_ios_activity_recognition,"[""stationary""]",0,2,0,4ae192f8-8fd0-49b8-a635-d006bd10ed27,19HL,,0,1,1599766607767,0,0
plugin_ios_activity_recognition,,0,2,0,4ae192f8-8fd0-49b8-a635-d006bd10ed27,19HL,,0,0,1599766625026,0,0
plugin_ios_activity_recognition,"[""stationary""]",0,2,0,4ae192f8-8fd0-49b8-a635-d006bd10ed27,19HL,,0,1,1599766667853,0,0
plugin_ios_activity_recognition,,0,2,0,4ae192f8-8fd0-49b8-a635-d006bd10ed27,19HL,,0,0,1599766671676,0,0
plugin_ios_activity_recognition,"[""stationary""]",0,2,0,4ae192f8-8fd0-49b8-a635-d006bd10ed27,19HL,,0,1,1599766694040,0,0
plugin_ios_activity_recognition,,0,2,0,4ae192f8-8fd0-49b8-a635-d006bd10ed27,19HL,,0,0,1599766699142,0,0
plugin_ios_activity_recognition,"[""stationary""]",0,2,0,4ae192f8-8fd0-49b8-a635-d006bd10ed27,19HL,,0,1,1599766762468,0,0
plugin_ios_activity_recognition,,0,2,0,4ae192f8-8fd0-49b8-a635-d006bd10ed27,19HL,,0,0,1599766764704,0,0
plugin_ios_activity_recognition,"[""stationary""]",0,2,0,4ae192f8-8fd0-49b8-a635-d006bd10ed27,19HL,,0,1,1599766790587,0,0
plugin_ios_activity_recognition,,0,2,0,4ae192f8-8fd0-49b8-a635-d006bd10ed27,19HL,,0,0,1599766793151,0,0
plugin_ios_activity_recognition,"[""stationary""]",0,2,0,4ae192f8-8fd0-49b8-a635-d006bd10ed27,19HL,,0,1,1599766805917,0,0
plugin_ios_activity_recognition,,0,2,0,4ae192f8-8fd0-49b8-a635-d006bd10ed27,19HL,,0,0,1599766806551,0,0
plugin_ios_activity_recognition,"[""walking""]",0,1,0,4ae192f8-8fd0-49b8-a635-d006bd10ed27,19HL,,0,0,1599766812045,0,1
plugin_ios_activity_recognition,"[""walking""]",0,2,0,4ae192f8-8fd0-49b8-a635-d006bd10ed27,19HL,,0,0,1599766817446,0,1
plugin_ios_activity_recognition,"[""stationary""]",0,2,0,4ae192f8-8fd0-49b8-a635-d006bd10ed27,19HL,,0,1,1599766843062,0,0
plugin_ios_activity_recognition,"[""walking""]",0,2,0,4ae192f8-8fd0-49b8-a635-d006bd10ed27,19HL,,0,0,1599766843375,0,1
plugin_ios_activity_recognition,"[""stationary""]",0,2,0,4ae192f8-8fd0-49b8-a635-d006bd10ed27,19HL,,0,1,1599766853017,0,0
plugin_ios_activity_recognition,"[""walking""]",0,2,0,4ae192f8-8fd0-49b8-a635-d006bd10ed27,19HL,,0,0,1599766857766,0,1
plugin_ios_activity_recognition,,0,2,0,4ae192f8-8fd0-49b8-a635-d006bd10ed27,19HL,,0,0,1599766868388,0,0
plugin_ios_activity_recognition,"[""stationary""]",0,2,0,4ae192f8-8fd0-49b8-a635-d006bd10ed27,19HL,,0,1,1599766972953,0,0
plugin_ios_activity_recognition,,0,2,0,4ae192f8-8fd0-49b8-a635-d006bd10ed27,19HL,,0,0,1599766975881,0,0
plugin_ios_activity_recognition,"[""stationary""]",0,2,0,4ae192f8-8fd0-49b8-a635-d006bd10ed27,19HL,,0,1,1599767115797,0,0
plugin_ios_activity_recognition,,0,2,0,4ae192f8-8fd0-49b8-a635-d006bd10ed27,19HL,,0,0,1599767117384,0,0
plugin_ios_activity_recognition,"[""walking""]",0,1,0,4ae192f8-8fd0-49b8-a635-d006bd10ed27,19HL,,0,0,1599767239793,0,1
plugin_ios_activity_recognition,,0,2,0,4ae192f8-8fd0-49b8-a635-d006bd10ed27,19HL,,0,0,1599767244919,0,0
plugin_ios_activity_recognition,"[""walking""]",0,1,0,4ae192f8-8fd0-49b8-a635-d006bd10ed27,19HL,,0,0,1599767247485,0,1
plugin_ios_activity_recognition,"[""walking""]",0,2,0,4ae192f8-8fd0-49b8-a635-d006bd10ed27,19HL,,0,0,1599767252609,0,1
plugin_ios_activity_recognition,"[""stationary""]",0,2,0,4ae192f8-8fd0-49b8-a635-d006bd10ed27,19HL,,0,1,1599767293244,0,0
plugin_ios_activity_recognition,"[""walking""]",0,2,0,4ae192f8-8fd0-49b8-a635-d006bd10ed27,19HL,,0,0,1599767301860,0,1
plugin_ios_activity_recognition,,0,2,0,4ae192f8-8fd0-49b8-a635-d006bd10ed27,19HL,,0,0,1599767316648,0,0
plugin_ios_activity_recognition,,0,2,0,4ae192f8-8fd0-49b8-a635-d006bd10ed27,19HL,supplement,0,0,1599767496648,0,0
plugin_ios_activity_recognition,"[""stationary""]",0,2,0,4ae192f8-8fd0-49b8-a635-d006bd10ed27,19HL,,0,1,1599767638034,0,0
plugin_ios_activity_recognition,,0,2,0,4ae192f8-8fd0-49b8-a635-d006bd10ed27,19HL,,0,0,1599767642193,0,0
plugin_ios_activity_recognition,,0,2,0,4ae192f8-8fd0-49b8-a635-d006bd10ed27,19HL,supplement,0,0,1599767676648,0,0
plugin_ios_activity_recognition,"[""stationary""]",0,2,0,4ae192f8-8fd0-49b8-a635-d006bd10ed27,19HL,,0,1,1599767731733,0,0
plugin_ios_activity_recognition,,0,2,0,4ae192f8-8fd0-49b8-a635-d006bd10ed27,19HL,,0,0,1599767736202,0,0
plugin_ios_activity_recognition,,0,2,0,4ae192f8-8fd0-49b8-a635-d006bd10ed27,19HL,supplement,0,0,1599767916202,0,0
plugin_ios_activity_recognition,,0,2,0,4ae192f8-8fd0-49b8-a635-d006bd10ed27,19HL,supplement,0,0,1599768096202,0,0
plugin_ios_activity_recognition,"[""stationary""]",0,2,0,4ae192f8-8fd0-49b8-a635-d006bd10ed27,19HL,,0,1,1599768155060,0,0
plugin_ios_activity_recognition,,0,2,0,4ae192f8-8fd0-49b8-a635-d006bd10ed27,19HL,,0,0,1599768157612,0,0
plugin_ios_activity_recognition,"[""stationary""]",0,2,0,4ae192f8-8fd0-49b8-a635-d006bd10ed27,19HL,,0,1,1599768186009,0,0
plugin_ios_activity_recognition,,0,2,0,4ae192f8-8fd0-49b8-a635-d006bd10ed27,19HL,,0,0,1599768192090,0,0
plugin_ios_activity_recognition,"[""stationary""]",0,2,0,4ae192f8-8fd0-49b8-a635-d006bd10ed27,19HL,,0,1,1599768200414,0,0
plugin_ios_activity_recognition,,0,2,0,4ae192f8-8fd0-49b8-a635-d006bd10ed27,19HL,,0,0,1599768205534,0,0
plugin_ios_activity_recognition,"[""stationary""]",0,2,0,4ae192f8-8fd0-49b8-a635-d006bd10ed27,19HL,,0,1,1599768209051,0,0
plugin_ios_activity_recognition,,0,2,0,4ae192f8-8fd0-49b8-a635-d006bd10ed27,19HL,,0,0,1599768210967,0,0
plugin_ios_activity_recognition,"[""stationary""]",0,2,0,4ae192f8-8fd0-49b8-a635-d006bd10ed27,19HL,,0,1,1599768261577,0,0
plugin_ios_activity_recognition,,0,2,0,4ae192f8-8fd0-49b8-a635-d006bd10ed27,19HL,,0,0,1599768268911,0,0
plugin_ios_activity_recognition,,0,2,0,4ae192f8-8fd0-49b8-a635-d006bd10ed27,19HL,supplement,0,0,1599768276202,0,0
plugin_ios_activity_recognition,"[""stationary""]",0,2,0,4ae192f8-8fd0-49b8-a635-d006bd10ed27,19HL,,0,1,1599768292218,0,0
plugin_ios_activity_recognition,,0,2,0,4ae192f8-8fd0-49b8-a635-d006bd10ed27,19HL,,0,0,1599768294178,0,0
plugin_ios_activity_recognition,"[""stationary""]",0,2,0,4ae192f8-8fd0-49b8-a635-d006bd10ed27,19HL,,0,1,1599768337871,0,0
plugin_ios_activity_recognition,,0,2,0,4ae192f8-8fd0-49b8-a635-d006bd10ed27,19HL,,0,0,1599768339138,0,0
plugin_ios_activity_recognition,"[""stationary""]",0,2,0,4ae192f8-8fd0-49b8-a635-d006bd10ed27,19HL,,0,1,1599768371118,0,0
plugin_ios_activity_recognition,,0,2,0,4ae192f8-8fd0-49b8-a635-d006bd10ed27,19HL,,0,0,1599768373033,0,0
plugin_ios_activity_recognition,"[""stationary""]",0,2,0,4ae192f8-8fd0-49b8-a635-d006bd10ed27,19HL,,0,1,1599768528332,0,0
plugin_ios_activity_recognition,,0,2,0,4ae192f8-8fd0-49b8-a635-d006bd10ed27,19HL,,0,0,1599768529934,0,0
plugin_ios_activity_recognition,"[""stationary""]",0,2,0,4ae192f8-8fd0-49b8-a635-d006bd10ed27,19HL,,0,1,1599768555517,0,0
plugin_ios_activity_recognition,,0,2,0,4ae192f8-8fd0-49b8-a635-d006bd10ed27,19HL,,0,0,1599768555830,0,0
plugin_ios_activity_recognition,"[""stationary""]",0,2,0,4ae192f8-8fd0-49b8-a635-d006bd10ed27,19HL,,0,1,1599768721310,0,0
plugin_ios_activity_recognition,,0,2,0,4ae192f8-8fd0-49b8-a635-d006bd10ed27,19HL,,0,0,1599768724129,0,0
plugin_ios_activity_recognition,"[""stationary""]",0,2,0,4ae192f8-8fd0-49b8-a635-d006bd10ed27,19HL,,0,1,1599768811806,0,0
plugin_ios_activity_recognition,,0,2,0,4ae192f8-8fd0-49b8-a635-d006bd10ed27,19HL,,0,0,1599768816002,0,0
plugin_ios_activity_recognition,"[""stationary""]",0,2,0,4ae192f8-8fd0-49b8-a635-d006bd10ed27,19HL,,0,1,1599768849308,0,0
plugin_ios_activity_recognition,"[""stationary""]",0,2,0,4ae192f8-8fd0-49b8-a635-d006bd10ed27,19HL,supplement,0,1,1599769029308,0,0
plugin_ios_activity_recognition,"[""stationary""]",0,2,0,4ae192f8-8fd0-49b8-a635-d006bd10ed27,19HL,supplement,0,1,1599769209308,0,0
plugin_ios_activity_recognition,,0,2,0,4ae192f8-8fd0-49b8-a635-d006bd10ed27,19HL,,0,0,1599769239724,0,0
plugin_ios_activity_recognition,"[""stationary""]",0,2,0,4ae192f8-8fd0-49b8-a635-d006bd10ed27,19HL,,0,1,1599769248049,0,0
plugin_ios_activity_recognition,,0,2,0,4ae192f8-8fd0-49b8-a635-d006bd10ed27,19HL,,0,0,1599769258595,0,0
plugin_ios_activity_recognition,"[""walking""]",0,1,0,4ae192f8-8fd0-49b8-a635-d006bd10ed27,19HL,,0,0,1599769327121,0,1
plugin_ios_activity_recognition,"[""walking""]",0,2,0,4ae192f8-8fd0-49b8-a635-d006bd10ed27,19HL,,0,0,1599769332827,0,1
plugin_ios_activity_recognition,,0,2,0,4ae192f8-8fd0-49b8-a635-d006bd10ed27,19HL,,0,0,1599769362953,0,0
plugin_ios_activity_recognition,"[""stationary""]",0,2,0,4ae192f8-8fd0-49b8-a635-d006bd10ed27,19HL,supplement,0,1,1599769389308,0,0
plugin_ios_activity_recognition,"[""stationary""]",0,2,0,4ae192f8-8fd0-49b8-a635-d006bd10ed27,19HL,,0,1,1599769542199,0,0
plugin_ios_activity_recognition,,0,2,0,4ae192f8-8fd0-49b8-a635-d006bd10ed27,19HL,,0,0,1599769557242,0,0
plugin_ios_activity_recognition,"[""stationary""]",0,2,0,4ae192f8-8fd0-49b8-a635-d006bd10ed27,19HL,,0,1,1599769574437,0,0
plugin_ios_activity_recognition,,0,2,0,4ae192f8-8fd0-49b8-a635-d006bd10ed27,19HL,,0,0,1599769576032,0,0
plugin_ios_activity_recognition,"[""stationary""]",0,2,0,4ae192f8-8fd0-49b8-a635-d006bd10ed27,19HL,,0,1,1599769663361,0,0
plugin_ios_activity_recognition,,0,2,0,4ae192f8-8fd0-49b8-a635-d006bd10ed27,19HL,,0,0,1599769664002,0,0
plugin_ios_activity_recognition,"[""stationary""]",0,2,0,4ae192f8-8fd0-49b8-a635-d006bd10ed27,19HL,,0,1,1599769681574,0,0
plugin_ios_activity_recognition,,0,2,0,4ae192f8-8fd0-49b8-a635-d006bd10ed27,19HL,,0,0,1599769691470,0,0
plugin_ios_activity_recognition,"[""stationary""]",0,2,0,4ae192f8-8fd0-49b8-a635-d006bd10ed27,19HL,,0,1,1599769715137,0,0
plugin_ios_activity_recognition,,0,2,0,4ae192f8-8fd0-49b8-a635-d006bd10ed27,19HL,,0,0,1599769727284,0,0
plugin_ios_activity_recognition,"[""walking""]",0,1,0,4ae192f8-8fd0-49b8-a635-d006bd10ed27,19HL,,0,0,1599769756753,0,1
plugin_ios_activity_recognition,"[""walking""]",0,2,0,4ae192f8-8fd0-49b8-a635-d006bd10ed27,19HL,,0,0,1599769760219,0,1
plugin_ios_activity_recognition,"[""stationary""]",0,2,0,4ae192f8-8fd0-49b8-a635-d006bd10ed27,19HL,,0,1,1599769776866,0,0
plugin_ios_activity_recognition,"[""walking""]",0,2,0,4ae192f8-8fd0-49b8-a635-d006bd10ed27,19HL,,0,0,1599769778464,0,1
plugin_ios_activity_recognition,"[""walking""]",0,2,0,4ae192f8-8fd0-49b8-a635-d006bd10ed27,19HL,supplement,0,0,1599769958464,0,1
plugin_ios_activity_recognition,"[""stationary""]",0,2,0,4ae192f8-8fd0-49b8-a635-d006bd10ed27,19HL,,0,1,1599770008826,0,0
plugin_ios_activity_recognition,,0,2,0,4ae192f8-8fd0-49b8-a635-d006bd10ed27,19HL,,0,0,1599770063087,0,0
plugin_ios_activity_recognition,"[""walking""]",0,1,0,4ae192f8-8fd0-49b8-a635-d006bd10ed27,19HL,,0,0,1599770069223,0,1
plugin_ios_activity_recognition,"[""walking""]",0,2,0,4ae192f8-8fd0-49b8-a635-d006bd10ed27,19HL,,0,0,1599770074349,0,1
plugin_ios_activity_recognition,"[""stationary""]",0,2,0,4ae192f8-8fd0-49b8-a635-d006bd10ed27,19HL,,0,1,1599770083266,0,0
plugin_ios_activity_recognition,"[""walking""]",0,2,0,4ae192f8-8fd0-49b8-a635-d006bd10ed27,19HL,,0,0,1599770121913,0,1
plugin_ios_activity_recognition,,0,2,0,4ae192f8-8fd0-49b8-a635-d006bd10ed27,19HL,,0,0,1599770133174,0,0
plugin_ios_activity_recognition,"[""walking""]",0,2,0,4ae192f8-8fd0-49b8-a635-d006bd10ed27,19HL,supplement,0,0,1599770138464,0,1
plugin_ios_activity_recognition,,0,2,0,4ae192f8-8fd0-49b8-a635-d006bd10ed27,19HL,supplement,0,0,1599770313174,0,0
plugin_ios_activity_recognition,"[""stationary""]",0,2,0,4ae192f8-8fd0-49b8-a635-d006bd10ed27,19HL,,0,1,1599770331354,0,0
plugin_ios_activity_recognition,,0,2,0,4ae192f8-8fd0-49b8-a635-d006bd10ed27,19HL,,0,0,1599770341252,0,0
plugin_ios_activity_recognition,"[""stationary""]",0,2,0,4ae192f8-8fd0-49b8-a635-d006bd10ed27,19HL,,0,1,1599770361375,0,0
plugin_ios_activity_recognition,,0,2,0,4ae192f8-8fd0-49b8-a635-d006bd10ed27,19HL,,0,0,1599770374777,0,0
plugin_ios_activity_recognition,"[""stationary""]",0,2,0,4ae192f8-8fd0-49b8-a635-d006bd10ed27,19HL,,0,1,1599770422728,0,0
plugin_ios_activity_recognition,,0,2,0,4ae192f8-8fd0-49b8-a635-d006bd10ed27,19HL,,0,0,1599770424003,0,0
plugin_ios_activity_recognition,"[""stationary""]",0,2,0,4ae192f8-8fd0-49b8-a635-d006bd10ed27,19HL,,0,1,1599770429427,0,0
plugin_ios_activity_recognition,,0,2,0,4ae192f8-8fd0-49b8-a635-d006bd10ed27,19HL,,0,0,1599770434547,0,0
plugin_ios_activity_recognition,"[""stationary""]",0,2,0,4ae192f8-8fd0-49b8-a635-d006bd10ed27,19HL,,0,1,1599770475132,0,0
plugin_ios_activity_recognition,,0,2,0,4ae192f8-8fd0-49b8-a635-d006bd10ed27,19HL,,0,0,1599770476407,0,0
plugin_ios_activity_recognition,"[""stationary""]",0,2,0,4ae192f8-8fd0-49b8-a635-d006bd10ed27,19HL,,0,1,1599770482457,0,0
plugin_ios_activity_recognition,,0,2,0,4ae192f8-8fd0-49b8-a635-d006bd10ed27,19HL,,0,0,1599770488843,0,0
plugin_ios_activity_recognition,,0,2,0,4ae192f8-8fd0-49b8-a635-d006bd10ed27,19HL,supplement,0,0,1599770493174,0,0
plugin_ios_activity_recognition,,0,2,0,4ae192f8-8fd0-49b8-a635-d006bd10ed27,19HL,supplement,0,0,1599770668843,0,0
plugin_ios_activity_recognition,"[""stationary""]",0,2,0,4ae192f8-8fd0-49b8-a635-d006bd10ed27,19HL,,0,1,1599770733790,0,0
plugin_ios_activity_recognition,,0,2,0,4ae192f8-8fd0-49b8-a635-d006bd10ed27,19HL,,0,0,1599770736987,0,0
plugin_ios_activity_recognition,"[""stationary""]",0,2,0,4ae192f8-8fd0-49b8-a635-d006bd10ed27,19HL,,0,1,1599770755215,0,0
plugin_ios_activity_recognition,,0,2,0,4ae192f8-8fd0-49b8-a635-d006bd10ed27,19HL,,0,0,1599770761936,0,0
plugin_ios_activity_recognition,"[""stationary""]",0,2,0,4ae192f8-8fd0-49b8-a635-d006bd10ed27,19HL,,0,1,1599770775677,0,0
plugin_ios_activity_recognition,,0,2,0,4ae192f8-8fd0-49b8-a635-d006bd10ed27,19HL,,0,0,1599770780185,0,0
plugin_ios_activity_recognition,,0,2,0,4ae192f8-8fd0-49b8-a635-d006bd10ed27,19HL,supplement,0,0,1599770848843,0,0
plugin_ios_activity_recognition,"[""stationary""]",0,2,0,4ae192f8-8fd0-49b8-a635-d006bd10ed27,19HL,,0,1,1599770851125,0,0
plugin_ios_activity_recognition,,0,2,0,4ae192f8-8fd0-49b8-a635-d006bd10ed27,19HL,,0,0,1599770851810,0,0
plugin_ios_activity_recognition,"[""stationary""]",0,2,0,4ae192f8-8fd0-49b8-a635-d006bd10ed27,19HL,,0,1,1599770898673,0,0
plugin_ios_activity_recognition,,0,2,0,4ae192f8-8fd0-49b8-a635-d006bd10ed27,19HL,,0,0,1599770901230,0,0
plugin_ios_activity_recognition,"[""stationary""]",0,2,0,4ae192f8-8fd0-49b8-a635-d006bd10ed27,19HL,,0,1,1599770914986,0,0
plugin_ios_activity_recognition,,0,2,0,4ae192f8-8fd0-49b8-a635-d006bd10ed27,19HL,,0,0,1599770920776,0,0
plugin_ios_activity_recognition,"[""stationary""]",0,2,0,4ae192f8-8fd0-49b8-a635-d006bd10ed27,19HL,,0,1,1599770932223,0,0
plugin_ios_activity_recognition,,0,2,0,4ae192f8-8fd0-49b8-a635-d006bd10ed27,19HL,,0,0,1599770932543,0,0
plugin_ios_activity_recognition,"[""stationary""]",0,2,0,4ae192f8-8fd0-49b8-a635-d006bd10ed27,19HL,,0,1,1599770942104,0,0
plugin_ios_activity_recognition,,0,2,0,4ae192f8-8fd0-49b8-a635-d006bd10ed27,19HL,,0,0,1599770947217,0,0
plugin_ios_activity_recognition,"[""stationary""]",0,2,0,4ae192f8-8fd0-49b8-a635-d006bd10ed27,19HL,,0,1,1599770962531,0,0
plugin_ios_activity_recognition,,0,2,0,4ae192f8-8fd0-49b8-a635-d006bd10ed27,19HL,,0,0,1599770966718,0,0
plugin_ios_activity_recognition,"[""stationary""]",0,2,0,4ae192f8-8fd0-49b8-a635-d006bd10ed27,19HL,,0,1,1599770990918,0,0
plugin_ios_activity_recognition,,0,2,0,4ae192f8-8fd0-49b8-a635-d006bd10ed27,19HL,,0,0,1599770995717,0,0
plugin_ios_activity_recognition,"[""stationary""]",0,2,0,4ae192f8-8fd0-49b8-a635-d006bd10ed27,19HL,,0,1,1599771005620,0,0
plugin_ios_activity_recognition,,0,2,0,4ae192f8-8fd0-49b8-a635-d006bd10ed27,19HL,,0,0,1599771006261,0,0
plugin_ios_activity_recognition,"[""stationary""]",0,2,0,4ae192f8-8fd0-49b8-a635-d006bd10ed27,19HL,,0,1,1599771022231,0,0
plugin_ios_activity_recognition,,0,2,0,4ae192f8-8fd0-49b8-a635-d006bd10ed27,19HL,,0,0,1599771035687,0,0
plugin_ios_activity_recognition,"[""stationary""]",0,2,0,4ae192f8-8fd0-49b8-a635-d006bd10ed27,19HL,,0,1,1599771071741,0,0
plugin_ios_activity_recognition,,0,2,0,4ae192f8-8fd0-49b8-a635-d006bd10ed27,19HL,,0,0,1599771074617,0,0
plugin_ios_activity_recognition,"[""stationary""]",0,2,0,4ae192f8-8fd0-49b8-a635-d006bd10ed27,19HL,,0,1,1599771121314,0,0
plugin_ios_activity_recognition,,0,2,0,4ae192f8-8fd0-49b8-a635-d006bd10ed27,19HL,,0,0,1599771122639,0,0
plugin_ios_activity_recognition,"[""stationary""]",0,2,0,4ae192f8-8fd0-49b8-a635-d006bd10ed27,19HL,,0,1,1599771169263,0,0
plugin_ios_activity_recognition,,0,2,0,4ae192f8-8fd0-49b8-a635-d006bd10ed27,19HL,,0,0,1599771172452,0,0
plugin_ios_activity_recognition,"[""stationary""]",0,2,0,4ae192f8-8fd0-49b8-a635-d006bd10ed27,19HL,,0,1,1599771223262,0,0
plugin_ios_activity_recognition,,0,2,0,4ae192f8-8fd0-49b8-a635-d006bd10ed27,19HL,,0,0,1599771225498,0,0
plugin_ios_activity_recognition,"[""stationary""]",0,2,0,4ae192f8-8fd0-49b8-a635-d006bd10ed27,19HL,,0,1,1599771264444,0,0
plugin_ios_activity_recognition,,0,2,0,4ae192f8-8fd0-49b8-a635-d006bd10ed27,19HL,,0,0,1599771270182,0,0
plugin_ios_activity_recognition,"[""stationary""]",0,2,0,4ae192f8-8fd0-49b8-a635-d006bd10ed27,19HL,,0,1,1599771277195,0,0
plugin_ios_activity_recognition,,0,2,0,4ae192f8-8fd0-49b8-a635-d006bd10ed27,19HL,,0,0,1599771280392,0,0
plugin_ios_activity_recognition,"[""stationary""]",0,2,0,4ae192f8-8fd0-49b8-a635-d006bd10ed27,19HL,,0,1,1599771332238,0,0
plugin_ios_activity_recognition,,0,2,0,4ae192f8-8fd0-49b8-a635-d006bd10ed27,19HL,,0,0,1599771336980,0,0
plugin_ios_activity_recognition,"[""stationary""]",0,2,0,4ae192f8-8fd0-49b8-a635-d006bd10ed27,19HL,,0,1,1599771400318,0,0
plugin_ios_activity_recognition,,0,2,0,4ae192f8-8fd0-49b8-a635-d006bd10ed27,19HL,,0,0,1599771400952,0,0
plugin_ios_activity_recognition,"[""stationary""]",0,2,0,4ae192f8-8fd0-49b8-a635-d006bd10ed27,19HL,,0,1,1599771412771,0,0
plugin_ios_activity_recognition,,0,2,0,4ae192f8-8fd0-49b8-a635-d006bd10ed27,19HL,,0,0,1599771413412,0,0
plugin_ios_activity_recognition,"[""stationary""]",0,2,0,4ae192f8-8fd0-49b8-a635-d006bd10ed27,19HL,,0,1,1599771458446,0,0
plugin_ios_activity_recognition,,0,2,0,4ae192f8-8fd0-49b8-a635-d006bd10ed27,19HL,,0,0,1599771462285,0,0
plugin_ios_activity_recognition,"[""stationary""]",0,2,0,4ae192f8-8fd0-49b8-a635-d006bd10ed27,19HL,,0,1,1599771511185,0,0
plugin_ios_activity_recognition,,0,2,0,4ae192f8-8fd0-49b8-a635-d006bd10ed27,19HL,,0,0,1599771519145,0,0
plugin_ios_activity_recognition,"[""stationary""]",0,2,0,4ae192f8-8fd0-49b8-a635-d006bd10ed27,19HL,,0,1,1599771560736,0,0
plugin_ios_activity_recognition,,0,2,0,4ae192f8-8fd0-49b8-a635-d006bd10ed27,19HL,,0,0,1599771563292,0,0
plugin_ios_activity_recognition,"[""stationary""]",0,2,0,4ae192f8-8fd0-49b8-a635-d006bd10ed27,19HL,,0,1,1599771605875,0,0
plugin_ios_activity_recognition,,0,2,0,4ae192f8-8fd0-49b8-a635-d006bd10ed27,19HL,,0,0,1599771607109,0,0
plugin_ios_activity_recognition,"[""stationary""]",0,2,0,4ae192f8-8fd0-49b8-a635-d006bd10ed27,19HL,,0,1,1599771637165,0,0
plugin_ios_activity_recognition,,0,2,0,4ae192f8-8fd0-49b8-a635-d006bd10ed27,19HL,,0,0,1599771640682,0,0
plugin_ios_activity_recognition,"[""stationary""]",0,2,0,4ae192f8-8fd0-49b8-a635-d006bd10ed27,19HL,,0,1,1599771672362,0,0
plugin_ios_activity_recognition,,0,2,0,4ae192f8-8fd0-49b8-a635-d006bd10ed27,19HL,,0,0,1599771675829,0,0
plugin_ios_activity_recognition,"[""stationary""]",0,2,0,4ae192f8-8fd0-49b8-a635-d006bd10ed27,19HL,,0,1,1599771679652,0,0
plugin_ios_activity_recognition,,0,2,0,4ae192f8-8fd0-49b8-a635-d006bd10ed27,19HL,,0,0,1599771699468,0,0
plugin_ios_activity_recognition,"[""stationary""]",0,2,0,4ae192f8-8fd0-49b8-a635-d006bd10ed27,19HL,,0,1,1599771704267,0,0
plugin_ios_activity_recognition,,0,2,0,4ae192f8-8fd0-49b8-a635-d006bd10ed27,19HL,,0,0,1599771704901,0,0
plugin_ios_activity_recognition,"[""stationary""]",0,2,0,4ae192f8-8fd0-49b8-a635-d006bd10ed27,19HL,,0,1,1599771716109,0,0
plugin_ios_activity_recognition,,0,2,0,4ae192f8-8fd0-49b8-a635-d006bd10ed27,19HL,,0,0,1599771718665,0,0
plugin_ios_activity_recognition,,0,2,0,4ae192f8-8fd0-49b8-a635-d006bd10ed27,19HL,supplement,0,0,1599771898665,0,0
plugin_ios_activity_recognition,"[""stationary""]",0,2,0,4ae192f8-8fd0-49b8-a635-d006bd10ed27,19HL,,0,1,1599771925570,0,0
plugin_ios_activity_recognition,,0,2,0,4ae192f8-8fd0-49b8-a635-d006bd10ed27,19HL,,0,0,1599771929036,0,0
plugin_ios_activity_recognition,"[""stationary""]",0,2,0,4ae192f8-8fd0-49b8-a635-d006bd10ed27,19HL,,0,1,1599771954941,0,0
plugin_ios_activity_recognition,,0,2,0,4ae192f8-8fd0-49b8-a635-d006bd10ed27,19HL,,0,0,1599771957497,0,0
plugin_ios_activity_recognition,"[""stationary""]",0,2,0,4ae192f8-8fd0-49b8-a635-d006bd10ed27,19HL,,0,1,1599771977291,0,0
plugin_ios_activity_recognition,,0,2,0,4ae192f8-8fd0-49b8-a635-d006bd10ed27,19HL,,0,0,1599771980801,0,0
plugin_ios_activity_recognition,"[""stationary""]",0,2,0,4ae192f8-8fd0-49b8-a635-d006bd10ed27,19HL,,0,1,1599772053700,0,0
plugin_ios_activity_recognition,,0,2,0,4ae192f8-8fd0-49b8-a635-d006bd10ed27,19HL,,0,0,1599772065187,0,0
plugin_ios_activity_recognition,,0,2,0,4ae192f8-8fd0-49b8-a635-d006bd10ed27,19HL,supplement,0,0,1599772078665,0,0
plugin_ios_activity_recognition,"[""stationary""]",0,2,0,4ae192f8-8fd0-49b8-a635-d006bd10ed27,19HL,,0,1,1599772100376,0,0
plugin_ios_activity_recognition,,0,2,0,4ae192f8-8fd0-49b8-a635-d006bd10ed27,19HL,,0,0,1599772123653,0,0
plugin_ios_activity_recognition,"[""stationary""]",0,2,0,4ae192f8-8fd0-49b8-a635-d006bd10ed27,19HL,,0,1,1599772136770,0,0
plugin_ios_activity_recognition,,0,2,0,4ae192f8-8fd0-49b8-a635-d006bd10ed27,19HL,,0,0,1599772185318,0,0
plugin_ios_activity_recognition,"[""stationary""]",0,2,0,4ae192f8-8fd0-49b8-a635-d006bd10ed27,19HL,,0,1,1599772193641,0,0
plugin_ios_activity_recognition,,0,2,0,4ae192f8-8fd0-49b8-a635-d006bd10ed27,19HL,,0,0,1599772241830,0,0
plugin_ios_activity_recognition,"[""stationary""]",0,2,0,4ae192f8-8fd0-49b8-a635-d006bd10ed27,19HL,,0,1,1599772248872,0,0
plugin_ios_activity_recognition,,0,2,0,4ae192f8-8fd0-49b8-a635-d006bd10ed27,19HL,,0,0,1599772252390,0,0
plugin_ios_activity_recognition,"[""stationary""]",0,2,0,4ae192f8-8fd0-49b8-a635-d006bd10ed27,19HL,,0,1,1599772262622,0,0
plugin_ios_activity_recognition,,0,2,0,4ae192f8-8fd0-49b8-a635-d006bd10ed27,19HL,,0,0,1599772311849,0,0
plugin_ios_activity_recognition,"[""walking""]",0,1,0,4ae192f8-8fd0-49b8-a635-d006bd10ed27,19HL,,0,0,1599772316705,0,1
plugin_ios_activity_recognition,"[""stationary""]",0,2,0,4ae192f8-8fd0-49b8-a635-d006bd10ed27,19HL,,0,1,1599772324967,0,0
plugin_ios_activity_recognition,"[""walking""]",0,2,0,4ae192f8-8fd0-49b8-a635-d006bd10ed27,19HL,,0,0,1599772367787,0,1
plugin_ios_activity_recognition,,0,2,0,4ae192f8-8fd0-49b8-a635-d006bd10ed27,19HL,,0,0,1599772372917,0,0
plugin_ios_activity_recognition,"[""stationary""]",0,2,0,4ae192f8-8fd0-49b8-a635-d006bd10ed27,19HL,,0,1,1599772381500,0,0
plugin_ios_activity_recognition,,0,2,0,4ae192f8-8fd0-49b8-a635-d006bd10ed27,19HL,,0,0,1599772401025,0,0
plugin_ios_activity_recognition,"[""stationary""]",0,2,0,4ae192f8-8fd0-49b8-a635-d006bd10ed27,19HL,,0,1,1599772415364,0,0
plugin_ios_activity_recognition,,0,2,0,4ae192f8-8fd0-49b8-a635-d006bd10ed27,19HL,,0,0,1599772423023,0,0
plugin_ios_activity_recognition,"[""stationary""]",0,2,0,4ae192f8-8fd0-49b8-a635-d006bd10ed27,19HL,,0,1,1599772434259,0,0
plugin_ios_activity_recognition,,0,2,0,4ae192f8-8fd0-49b8-a635-d006bd10ed27,19HL,,0,0,1599772471243,0,0
plugin_ios_activity_recognition,"[""walking""]",0,1,0,4ae192f8-8fd0-49b8-a635-d006bd10ed27,19HL,,0,0,1599772477682,0,1
plugin_ios_activity_recognition,"[""walking""]",0,2,0,4ae192f8-8fd0-49b8-a635-d006bd10ed27,19HL,,0,0,1599772480248,0,1
plugin_ios_activity_recognition,,0,2,0,4ae192f8-8fd0-49b8-a635-d006bd10ed27,19HL,,0,0,1599772539142,0,0
plugin_ios_activity_recognition,"[""stationary""]",0,2,0,4ae192f8-8fd0-49b8-a635-d006bd10ed27,19HL,,0,1,1599772641978,0,0
plugin_ios_activity_recognition,,0,2,0,4ae192f8-8fd0-49b8-a635-d006bd10ed27,19HL,,0,0,1599772647403,0,0
plugin_ios_activity_recognition,"[""stationary""]",0,2,0,4ae192f8-8fd0-49b8-a635-d006bd10ed27,19HL,,0,1,1599772662087,0,0
plugin_ios_activity_recognition,,0,2,0,4ae192f8-8fd0-49b8-a635-d006bd10ed27,19HL,,0,0,1599772678657,0,0
plugin_ios_activity_recognition,"[""stationary""]",0,2,0,4ae192f8-8fd0-49b8-a635-d006bd10ed27,19HL,,0,1,1599772701365,0,0
plugin_ios_activity_recognition,,0,2,0,4ae192f8-8fd0-49b8-a635-d006bd10ed27,19HL,,0,0,1599772705836,0,0
plugin_ios_activity_recognition,"[""stationary""]",0,2,0,4ae192f8-8fd0-49b8-a635-d006bd10ed27,19HL,,0,1,1599772711895,0,0
plugin_ios_activity_recognition,,0,2,0,4ae192f8-8fd0-49b8-a635-d006bd10ed27,19HL,,0,0,1599772717007,0,0
plugin_ios_activity_recognition,"[""stationary""]",0,2,0,4ae192f8-8fd0-49b8-a635-d006bd10ed27,19HL,,0,1,1599772730781,0,0
plugin_ios_activity_recognition,,0,2,0,4ae192f8-8fd0-49b8-a635-d006bd10ed27,19HL,,0,0,1599772740642,0,0
plugin_ios_activity_recognition,"[""walking""]",0,1,0,4ae192f8-8fd0-49b8-a635-d006bd10ed27,19HL,,0,0,1599772771697,0,1
plugin_ios_activity_recognition,"[""walking""]",0,2,0,4ae192f8-8fd0-49b8-a635-d006bd10ed27,19HL,,0,0,1599772787354,0,1
plugin_ios_activity_recognition,,0,2,0,4ae192f8-8fd0-49b8-a635-d006bd10ed27,19HL,,0,0,1599772838258,0,0
plugin_ios_activity_recognition,"[""stationary""]",0,2,0,4ae192f8-8fd0-49b8-a635-d006bd10ed27,19HL,,0,1,1599772843623,0,0
plugin_ios_activity_recognition,,0,2,0,4ae192f8-8fd0-49b8-a635-d006bd10ed27,19HL,,0,0,1599772851028,0,0
plugin_ios_activity_recognition,"[""stationary""]",0,2,0,4ae192f8-8fd0-49b8-a635-d006bd10ed27,19HL,,0,1,1599772855784,0,0
plugin_ios_activity_recognition,,0,2,0,4ae192f8-8fd0-49b8-a635-d006bd10ed27,19HL,,0,0,1599772860263,0,0
plugin_ios_activity_recognition,"[""stationary""]",0,2,0,4ae192f8-8fd0-49b8-a635-d006bd10ed27,19HL,,0,1,1599772864742,0,0
plugin_ios_activity_recognition,,0,2,0,4ae192f8-8fd0-49b8-a635-d006bd10ed27,19HL,,0,0,1599772868929,0,0
plugin_ios_activity_recognition,"[""stationary""]",0,2,0,4ae192f8-8fd0-49b8-a635-d006bd10ed27,19HL,,0,1,1599772874966,0,0
plugin_ios_activity_recognition,,0,2,0,4ae192f8-8fd0-49b8-a635-d006bd10ed27,19HL,,0,0,1599772875920,0,0
plugin_ios_activity_recognition,"[""stationary""]",0,2,0,4ae192f8-8fd0-49b8-a635-d006bd10ed27,19HL,,0,1,1599772904038,0,0
plugin_ios_activity_recognition,,0,2,0,4ae192f8-8fd0-49b8-a635-d006bd10ed27,19HL,,0,0,1599772910105,0,0
plugin_ios_activity_recognition,"[""stationary""]",0,2,0,4ae192f8-8fd0-49b8-a635-d006bd10ed27,19HL,,0,1,1599772932210,0,0
plugin_ios_activity_recognition,,0,2,0,4ae192f8-8fd0-49b8-a635-d006bd10ed27,19HL,,0,0,1599772940840,0,0
plugin_ios_activity_recognition,"[""stationary""]",0,2,0,4ae192f8-8fd0-49b8-a635-d006bd10ed27,19HL,,0,1,1599772995787,0,0
plugin_ios_activity_recognition,,0,2,0,4ae192f8-8fd0-49b8-a635-d006bd10ed27,19HL,,0,0,1599773001900,0,0
plugin_ios_activity_recognition,"[""stationary""]",0,2,0,4ae192f8-8fd0-49b8-a635-d006bd10ed27,19HL,,0,1,1599773010150,0,0
plugin_ios_activity_recognition,,0,2,0,4ae192f8-8fd0-49b8-a635-d006bd10ed27,19HL,,0,0,1599773013026,0,0
plugin_ios_activity_recognition,"[""stationary""]",0,2,0,4ae192f8-8fd0-49b8-a635-d006bd10ed27,19HL,,0,1,1599773090775,0,0
plugin_ios_activity_recognition,,0,2,0,4ae192f8-8fd0-49b8-a635-d006bd10ed27,19HL,,0,0,1599773091729,0,0
plugin_ios_activity_recognition,"[""stationary""]",0,2,0,4ae192f8-8fd0-49b8-a635-d006bd10ed27,19HL,,0,1,1599773175799,0,0
plugin_ios_activity_recognition,,0,2,0,4ae192f8-8fd0-49b8-a635-d006bd10ed27,19HL,,0,0,1599773187590,0,0
plugin_ios_activity_recognition,"[""stationary""]",0,2,0,4ae192f8-8fd0-49b8-a635-d006bd10ed27,19HL,,0,1,1599773219891,0,0
plugin_ios_activity_recognition,,0,2,0,4ae192f8-8fd0-49b8-a635-d006bd10ed27,19HL,,0,0,1599773223728,0,0
plugin_ios_activity_recognition,"[""stationary""]",0,2,0,4ae192f8-8fd0-49b8-a635-d006bd10ed27,19HL,,0,1,1599773256990,0,0
plugin_ios_activity_recognition,,0,2,0,4ae192f8-8fd0-49b8-a635-d006bd10ed27,19HL,,0,0,1599773259868,0,0
plugin_ios_activity_recognition,"[""stationary""]",0,2,0,4ae192f8-8fd0-49b8-a635-d006bd10ed27,19HL,,0,1,1599773316061,0,0
plugin_ios_activity_recognition,,0,2,0,4ae192f8-8fd0-49b8-a635-d006bd10ed27,19HL,,0,0,1599773327844,0,0
plugin_ios_activity_recognition,"[""stationary""]",0,2,0,4ae192f8-8fd0-49b8-a635-d006bd10ed27,19HL,,0,1,1599773338077,0,0
plugin_ios_activity_recognition,,0,2,0,4ae192f8-8fd0-49b8-a635-d006bd10ed27,19HL,,0,0,1599773347961,0,0
plugin_ios_activity_recognition,"[""stationary""]",0,2,0,4ae192f8-8fd0-49b8-a635-d006bd10ed27,19HL,,0,1,1599773356271,0,0
plugin_ios_activity_recognition,,0,2,0,4ae192f8-8fd0-49b8-a635-d006bd10ed27,19HL,,0,0,1599773368742,0,0
plugin_ios_activity_recognition,"[""stationary""]",0,2,0,4ae192f8-8fd0-49b8-a635-d006bd10ed27,19HL,,0,1,1599773379937,0,0
plugin_ios_activity_recognition,,0,2,0,4ae192f8-8fd0-49b8-a635-d006bd10ed27,19HL,,0,0,1599773380891,0,0
plugin_ios_activity_recognition,"[""walking""]",0,1,0,4ae192f8-8fd0-49b8-a635-d006bd10ed27,19HL,,0,0,1599773436616,0,1
plugin_ios_activity_recognition,"[""walking""]",0,2,0,4ae192f8-8fd0-49b8-a635-d006bd10ed27,19HL,,0,0,1599773439176,0,1
plugin_ios_activity_recognition,"[""stationary""]",0,2,0,4ae192f8-8fd0-49b8-a635-d006bd10ed27,19HL,,0,1,1599773482021,0,0
plugin_ios_activity_recognition,"[""walking""]",0,2,0,4ae192f8-8fd0-49b8-a635-d006bd10ed27,19HL,,0,0,1599773483296,0,1
plugin_ios_activity_recognition,,0,2,0,4ae192f8-8fd0-49b8-a635-d006bd10ed27,19HL,,0,0,1599773495474,0,0
plugin_ios_activity_recognition,"[""stationary""]",0,2,0,4ae192f8-8fd0-49b8-a635-d006bd10ed27,19HL,,0,1,1599773521324,0,0
plugin_ios_activity_recognition,,0,2,0,4ae192f8-8fd0-49b8-a635-d006bd10ed27,19HL,,0,0,1599773530252,0,0
plugin_ios_activity_recognition,"[""stationary""]",0,2,0,4ae192f8-8fd0-49b8-a635-d006bd10ed27,19HL,,0,1,1599773549764,0,0
plugin_ios_activity_recognition,,0,2,0,4ae192f8-8fd0-49b8-a635-d006bd10ed27,19HL,,0,0,1599773553588,0,0
plugin_ios_activity_recognition,"[""stationary""]",0,2,0,4ae192f8-8fd0-49b8-a635-d006bd10ed27,19HL,,0,1,1599773560936,0,0
plugin_ios_activity_recognition,,0,2,0,4ae192f8-8fd0-49b8-a635-d006bd10ed27,19HL,,0,0,1599773567967,0,0
plugin_ios_activity_recognition,"[""stationary""]",0,2,0,4ae192f8-8fd0-49b8-a635-d006bd10ed27,19HL,,0,1,1599773580421,0,0
plugin_ios_activity_recognition,,0,2,0,4ae192f8-8fd0-49b8-a635-d006bd10ed27,19HL,,0,0,1599773584237,0,0
plugin_ios_activity_recognition,"[""stationary""]",0,2,0,4ae192f8-8fd0-49b8-a635-d006bd10ed27,19HL,,0,1,1599773597718,0,0
plugin_ios_activity_recognition,,0,2,0,4ae192f8-8fd0-49b8-a635-d006bd10ed27,19HL,,0,0,1599773610103,0,0
plugin_ios_activity_recognition,"[""stationary""]",0,2,0,4ae192f8-8fd0-49b8-a635-d006bd10ed27,19HL,,0,1,1599773613620,0,0
plugin_ios_activity_recognition,,0,2,0,4ae192f8-8fd0-49b8-a635-d006bd10ed27,19HL,,0,0,1599773615215,0,0
plugin_ios_activity_recognition,"[""stationary""]",0,2,0,4ae192f8-8fd0-49b8-a635-d006bd10ed27,19HL,,0,1,1599773630578,0,0
plugin_ios_activity_recognition,,0,2,0,4ae192f8-8fd0-49b8-a635-d006bd10ed27,19HL,,0,0,1599773637599,0,0
plugin_ios_activity_recognition,"[""stationary""]",0,2,0,4ae192f8-8fd0-49b8-a635-d006bd10ed27,19HL,,0,1,1599773678552,0,0
plugin_ios_activity_recognition,,0,2,0,4ae192f8-8fd0-49b8-a635-d006bd10ed27,19HL,,0,0,1599773680147,0,0
plugin_ios_activity_recognition,"[""walking""]",0,1,0,4ae192f8-8fd0-49b8-a635-d006bd10ed27,19HL,,0,0,1599773684679,0,1
plugin_ios_activity_recognition,"[""walking""]",0,2,0,4ae192f8-8fd0-49b8-a635-d006bd10ed27,19HL,,0,0,1599773689808,0,1
plugin_ios_activity_recognition,"[""stationary""]",0,2,0,4ae192f8-8fd0-49b8-a635-d006bd10ed27,19HL,,0,1,1599773727452,0,0
plugin_ios_activity_recognition,"[""walking""]",0,2,0,4ae192f8-8fd0-49b8-a635-d006bd10ed27,19HL,,0,0,1599773733234,0,1
plugin_ios_activity_recognition,,0,2,0,4ae192f8-8fd0-49b8-a635-d006bd10ed27,19HL,,0,0,1599773743451,0,0
plugin_ios_activity_recognition,"[""stationary""]",0,2,0,4ae192f8-8fd0-49b8-a635-d006bd10ed27,19HL,,0,1,1599773749467,0,0
plugin_ios_activity_recognition,,0,2,0,4ae192f8-8fd0-49b8-a635-d006bd10ed27,19HL,,0,0,1599773751688,0,0
plugin_ios_activity_recognition,"[""stationary""]",0,2,0,4ae192f8-8fd0-49b8-a635-d006bd10ed27,19HL,,0,1,1599773769582,0,0
plugin_ios_activity_recognition,,0,2,0,4ae192f8-8fd0-49b8-a635-d006bd10ed27,19HL,,0,0,1599773777236,0,0
plugin_ios_activity_recognition,"[""stationary""]",0,2,0,4ae192f8-8fd0-49b8-a635-d006bd10ed27,19HL,,0,1,1599773790993,0,0
plugin_ios_activity_recognition,,0,2,0,4ae192f8-8fd0-49b8-a635-d006bd10ed27,19HL,,0,0,1599773793230,0,0
plugin_ios_activity_recognition,"[""stationary""]",0,2,0,4ae192f8-8fd0-49b8-a635-d006bd10ed27,19HL,,0,1,1599773836060,0,0
plugin_ios_activity_recognition,,0,2,0,4ae192f8-8fd0-49b8-a635-d006bd10ed27,19HL,,0,0,1599773841165,0,0
plugin_ios_activity_recognition,"[""stationary""]",0,2,0,4ae192f8-8fd0-49b8-a635-d006bd10ed27,19HL,,0,1,1599773875656,0,0
plugin_ios_activity_recognition,,0,2,0,4ae192f8-8fd0-49b8-a635-d006bd10ed27,19HL,,0,0,1599773879790,0,0
plugin_ios_activity_recognition,"[""stationary""]",0,2,0,4ae192f8-8fd0-49b8-a635-d006bd10ed27,19HL,,0,1,1599773887474,0,0
plugin_ios_activity_recognition,,0,2,0,4ae192f8-8fd0-49b8-a635-d006bd10ed27,19HL,,0,0,1599773911471,0,0
plugin_ios_activity_recognition,"[""stationary""]",0,2,0,4ae192f8-8fd0-49b8-a635-d006bd10ed27,19HL,,0,1,1599773914989,0,0
plugin_ios_activity_recognition,,0,2,0,4ae192f8-8fd0-49b8-a635-d006bd10ed27,19HL,,0,0,1599773919148,0,0
plugin_ios_activity_recognition,"[""stationary""]",0,2,0,4ae192f8-8fd0-49b8-a635-d006bd10ed27,19HL,,0,1,1599773923626,0,0
plugin_ios_activity_recognition,,0,2,0,4ae192f8-8fd0-49b8-a635-d006bd10ed27,19HL,,0,0,1599773928747,0,0
plugin_ios_activity_recognition,"[""stationary""]",0,2,0,4ae192f8-8fd0-49b8-a635-d006bd10ed27,19HL,,0,1,1599773935454,0,0
plugin_ios_activity_recognition,,0,2,0,4ae192f8-8fd0-49b8-a635-d006bd10ed27,19HL,,0,0,1599773959417,0,0
plugin_ios_activity_recognition,"[""stationary""]",0,2,0,4ae192f8-8fd0-49b8-a635-d006bd10ed27,19HL,,0,1,1599773994615,0,0
plugin_ios_activity_recognition,,0,2,0,4ae192f8-8fd0-49b8-a635-d006bd10ed27,19HL,,0,0,1599774001331,0,0
plugin_ios_activity_recognition,"[""stationary""]",0,2,0,4ae192f8-8fd0-49b8-a635-d006bd10ed27,19HL,,0,1,1599774018599,0,0
plugin_ios_activity_recognition,,0,2,0,4ae192f8-8fd0-49b8-a635-d006bd10ed27,19HL,,0,0,1599774025001,0,0
plugin_ios_activity_recognition,"[""stationary""]",0,2,0,4ae192f8-8fd0-49b8-a635-d006bd10ed27,19HL,,0,1,1599774029480,0,0
plugin_ios_activity_recognition,,0,2,0,4ae192f8-8fd0-49b8-a635-d006bd10ed27,19HL,,0,0,1599774032662,0,0
plugin_ios_activity_recognition,"[""stationary""]",0,2,0,4ae192f8-8fd0-49b8-a635-d006bd10ed27,19HL,,0,1,1599774038423,0,0
plugin_ios_activity_recognition,,0,2,0,4ae192f8-8fd0-49b8-a635-d006bd10ed27,19HL,,0,0,1599774044490,0,0
plugin_ios_activity_recognition,"[""stationary""]",0,2,0,4ae192f8-8fd0-49b8-a635-d006bd10ed27,19HL,,0,1,1599774083580,0,0
plugin_ios_activity_recognition,,0,2,0,4ae192f8-8fd0-49b8-a635-d006bd10ed27,19HL,,0,0,1599774090580,0,0
plugin_ios_activity_recognition,"[""stationary""]",0,2,0,4ae192f8-8fd0-49b8-a635-d006bd10ed27,19HL,,0,1,1599774108825,0,0
plugin_ios_activity_recognition,,0,2,0,4ae192f8-8fd0-49b8-a635-d006bd10ed27,19HL,,0,0,1599774110420,0,0
plugin_ios_activity_recognition,"[""stationary""]",0,2,0,4ae192f8-8fd0-49b8-a635-d006bd10ed27,19HL,,0,1,1599774119413,0,0
plugin_ios_activity_recognition,,0,2,0,4ae192f8-8fd0-49b8-a635-d006bd10ed27,19HL,,0,0,1599774120325,0,0
plugin_ios_activity_recognition,"[""stationary""]",0,2,0,4ae192f8-8fd0-49b8-a635-d006bd10ed27,19HL,,0,1,1599774142736,0,0
plugin_ios_activity_recognition,,0,2,0,4ae192f8-8fd0-49b8-a635-d006bd10ed27,19HL,,0,0,1599774148497,0,0
plugin_ios_activity_recognition,"[""stationary""]",0,2,0,4ae192f8-8fd0-49b8-a635-d006bd10ed27,19HL,,0,1,1599774174724,0,0
plugin_ios_activity_recognition,,0,2,0,4ae192f8-8fd0-49b8-a635-d006bd10ed27,19HL,,0,0,1599774180471,0,0
plugin_ios_activity_recognition,"[""stationary""]",0,2,0,4ae192f8-8fd0-49b8-a635-d006bd10ed27,19HL,,0,1,1599774189734,0,0
plugin_ios_activity_recognition,,0,2,0,4ae192f8-8fd0-49b8-a635-d006bd10ed27,19HL,,0,0,1599774190375,0,0
plugin_ios_activity_recognition,"[""stationary""]",0,2,0,4ae192f8-8fd0-49b8-a635-d006bd10ed27,19HL,,0,1,1599774199341,0,0
plugin_ios_activity_recognition,,0,2,0,4ae192f8-8fd0-49b8-a635-d006bd10ed27,19HL,,0,0,1599774210215,0,0
plugin_ios_activity_recognition,"[""stationary""]",0,2,0,4ae192f8-8fd0-49b8-a635-d006bd10ed27,19HL,,0,1,1599774222363,0,0
plugin_ios_activity_recognition,,0,2,0,4ae192f8-8fd0-49b8-a635-d006bd10ed27,19HL,,0,0,1599774260064,0,0
plugin_ios_activity_recognition,"[""stationary""]",0,2,0,4ae192f8-8fd0-49b8-a635-d006bd10ed27,19HL,,0,1,1599774265766,0,0
plugin_ios_activity_recognition,,0,2,0,4ae192f8-8fd0-49b8-a635-d006bd10ed27,19HL,,0,0,1599774268628,0,0
plugin_ios_activity_recognition,"[""stationary""]",0,2,0,4ae192f8-8fd0-49b8-a635-d006bd10ed27,19HL,,0,1,1599774285256,0,0
plugin_ios_activity_recognition,,0,2,0,4ae192f8-8fd0-49b8-a635-d006bd10ed27,19HL,,0,0,1599774307316,0,0
plugin_ios_activity_recognition,"[""stationary""]",0,2,0,4ae192f8-8fd0-49b8-a635-d006bd10ed27,19HL,,0,1,1599774407402,0,0
plugin_ios_activity_recognition,,0,2,0,4ae192f8-8fd0-49b8-a635-d006bd10ed27,19HL,,0,0,1599774410949,0,0
plugin_ios_activity_recognition,"[""stationary""]",0,2,0,4ae192f8-8fd0-49b8-a635-d006bd10ed27,19HL,,0,1,1599774432937,0,0
plugin_ios_activity_recognition,,0,2,0,4ae192f8-8fd0-49b8-a635-d006bd10ed27,19HL,,0,0,1599774435173,0,0
plugin_ios_activity_recognition,"[""stationary""]",0,2,0,4ae192f8-8fd0-49b8-a635-d006bd10ed27,19HL,,0,1,1599774438690,0,0
plugin_ios_activity_recognition,,0,2,0,4ae192f8-8fd0-49b8-a635-d006bd10ed27,19HL,,0,0,1599774440606,0,0
plugin_ios_activity_recognition,"[""stationary""]",0,2,0,4ae192f8-8fd0-49b8-a635-d006bd10ed27,19HL,,0,1,1599774445406,0,0
plugin_ios_activity_recognition,,0,2,0,4ae192f8-8fd0-49b8-a635-d006bd10ed27,19HL,,0,0,1599774460409,0,0
plugin_ios_activity_recognition,"[""stationary""]",0,2,0,4ae192f8-8fd0-49b8-a635-d006bd10ed27,19HL,,0,1,1599774491748,0,0
plugin_ios_activity_recognition,,0,2,0,4ae192f8-8fd0-49b8-a635-d006bd10ed27,19HL,,0,0,1599774507396,0,0
plugin_ios_activity_recognition,"[""stationary""]",0,2,0,4ae192f8-8fd0-49b8-a635-d006bd10ed27,19HL,,0,1,1599774516980,0,0
plugin_ios_activity_recognition,,0,2,0,4ae192f8-8fd0-49b8-a635-d006bd10ed27,19HL,,0,0,1599774522063,0,0
plugin_ios_activity_recognition,"[""stationary""]",0,2,0,4ae192f8-8fd0-49b8-a635-d006bd10ed27,19HL,,0,1,1599774561041,0,0
plugin_ios_activity_recognition,,0,2,0,4ae192f8-8fd0-49b8-a635-d006bd10ed27,19HL,,0,0,1599774561362,0,0
plugin_ios_activity_recognition,"[""stationary""]",0,2,0,4ae192f8-8fd0-49b8-a635-d006bd10ed27,19HL,,0,1,1599774571958,0,0
plugin_ios_activity_recognition,,0,2,0,4ae192f8-8fd0-49b8-a635-d006bd10ed27,19HL,,0,0,1599774579280,0,0
plugin_ios_activity_recognition,"[""stationary""]",0,2,0,4ae192f8-8fd0-49b8-a635-d006bd10ed27,19HL,,0,1,1599774601682,0,0
plugin_ios_activity_recognition,,0,2,0,4ae192f8-8fd0-49b8-a635-d006bd10ed27,19HL,,0,0,1599774605506,0,0
plugin_ios_activity_recognition,"[""stationary""]",0,2,0,4ae192f8-8fd0-49b8-a635-d006bd10ed27,19HL,,0,1,1599774731863,0,0
plugin_ios_activity_recognition,,0,2,0,4ae192f8-8fd0-49b8-a635-d006bd10ed27,19HL,,0,0,1599774745251,0,0
plugin_ios_activity_recognition,"[""stationary""]",0,2,0,4ae192f8-8fd0-49b8-a635-d006bd10ed27,19HL,,0,1,1599774802476,0,0
plugin_ios_activity_recognition,,0,2,0,4ae192f8-8fd0-49b8-a635-d006bd10ed27,19HL,,0,0,1599774803751,0,0
plugin_ios_activity_recognition,"[""stationary""]",0,2,0,4ae192f8-8fd0-49b8-a635-d006bd10ed27,19HL,,0,1,1599774841799,0,0
plugin_ios_activity_recognition,,0,2,0,4ae192f8-8fd0-49b8-a635-d006bd10ed27,19HL,,0,0,1599774842760,0,0
plugin_ios_activity_recognition,"[""stationary""]",0,2,0,4ae192f8-8fd0-49b8-a635-d006bd10ed27,19HL,,0,1,1599774885259,0,0
plugin_ios_activity_recognition,,0,2,0,4ae192f8-8fd0-49b8-a635-d006bd10ed27,19HL,,0,0,1599774891690,0,0
plugin_ios_activity_recognition,"[""stationary""]",0,2,0,4ae192f8-8fd0-49b8-a635-d006bd10ed27,19HL,,0,1,1599774906351,0,0
plugin_ios_activity_recognition,,0,2,0,4ae192f8-8fd0-49b8-a635-d006bd10ed27,19HL,,0,0,1599774907305,0,0
plugin_ios_activity_recognition,"[""stationary""]",0,2,0,4ae192f8-8fd0-49b8-a635-d006bd10ed27,19HL,,0,1,1599774921368,0,0
plugin_ios_activity_recognition,,0,2,0,4ae192f8-8fd0-49b8-a635-d006bd10ed27,19HL,,0,0,1599774928091,0,0
plugin_ios_activity_recognition,"[""stationary""]",0,2,0,4ae192f8-8fd0-49b8-a635-d006bd10ed27,19HL,,0,1,1599774941513,0,0
plugin_ios_activity_recognition,,0,2,0,4ae192f8-8fd0-49b8-a635-d006bd10ed27,19HL,,0,0,1599774947958,0,0
plugin_ios_activity_recognition,"[""walking""]",0,1,0,4ae192f8-8fd0-49b8-a635-d006bd10ed27,19HL,,0,0,1599775011907,0,1
plugin_ios_activity_recognition,"[""walking""]",0,2,0,4ae192f8-8fd0-49b8-a635-d006bd10ed27,19HL,,0,0,1599775017036,0,1
plugin_ios_activity_recognition,"[""stationary""]",0,2,0,4ae192f8-8fd0-49b8-a635-d006bd10ed27,19HL,,0,1,1599775051904,0,0
plugin_ios_activity_recognition,"[""walking""]",0,2,0,4ae192f8-8fd0-49b8-a635-d006bd10ed27,19HL,,0,0,1599775071661,0,1
plugin_ios_activity_recognition,,0,2,0,4ae192f8-8fd0-49b8-a635-d006bd10ed27,19HL,,0,0,1599775087042,0,0
plugin_ios_activity_recognition,"[""stationary""]",0,2,0,4ae192f8-8fd0-49b8-a635-d006bd10ed27,19HL,,0,1,1599775090545,0,0
plugin_ios_activity_recognition,,0,2,0,4ae192f8-8fd0-49b8-a635-d006bd10ed27,19HL,,0,0,1599775099170,0,0
plugin_ios_activity_recognition,"[""stationary""]",0,2,0,4ae192f8-8fd0-49b8-a635-d006bd10ed27,19HL,,0,1,1599775110993,0,0
plugin_ios_activity_recognition,,0,2,0,4ae192f8-8fd0-49b8-a635-d006bd10ed27,19HL,,0,0,1599775111677,0,0
plugin_ios_activity_recognition,"[""stationary""]",0,2,0,4ae192f8-8fd0-49b8-a635-d006bd10ed27,19HL,,0,1,1599775124456,0,0
plugin_ios_activity_recognition,,0,2,0,4ae192f8-8fd0-49b8-a635-d006bd10ed27,19HL,,0,0,1599775127932,0,0
plugin_ios_activity_recognition,"[""stationary""]",0,2,0,4ae192f8-8fd0-49b8-a635-d006bd10ed27,19HL,,0,1,1599775144565,0,0
plugin_ios_activity_recognition,,0,2,0,4ae192f8-8fd0-49b8-a635-d006bd10ed27,19HL,,0,0,1599775149340,0,0
plugin_ios_activity_recognition,"[""stationary""]",0,2,0,4ae192f8-8fd0-49b8-a635-d006bd10ed27,19HL,,0,1,1599775176818,0,0
plugin_ios_activity_recognition,,0,2,0,4ae192f8-8fd0-49b8-a635-d006bd10ed27,19HL,,0,0,1599775181283,0,0
plugin_ios_activity_recognition,"[""stationary""]",0,2,0,4ae192f8-8fd0-49b8-a635-d006bd10ed27,19HL,,0,1,1599775192489,0,0
plugin_ios_activity_recognition,,0,2,0,4ae192f8-8fd0-49b8-a635-d006bd10ed27,19HL,,0,0,1599775200179,0,0
plugin_ios_activity_recognition,"[""stationary""]",0,2,0,4ae192f8-8fd0-49b8-a635-d006bd10ed27,19HL,,0,1,1599775212348,0,0
plugin_ios_activity_recognition,,0,2,0,4ae192f8-8fd0-49b8-a635-d006bd10ed27,19HL,,0,0,1599775223537,0,0
plugin_ios_activity_recognition,"[""stationary""]",0,2,0,4ae192f8-8fd0-49b8-a635-d006bd10ed27,19HL,,0,1,1599775227693,0,0
plugin_ios_activity_recognition,,0,2,0,4ae192f8-8fd0-49b8-a635-d006bd10ed27,19HL,,0,0,1599775253297,0,0
plugin_ios_activity_recognition,"[""stationary""]",0,2,0,4ae192f8-8fd0-49b8-a635-d006bd10ed27,19HL,,0,1,1599775275721,0,0
plugin_ios_activity_recognition,,0,2,0,4ae192f8-8fd0-49b8-a635-d006bd10ed27,19HL,,0,0,1599775278605,0,0
plugin_ios_activity_recognition,"[""stationary""]",0,2,0,4ae192f8-8fd0-49b8-a635-d006bd10ed27,19HL,,0,1,1599775286913,0,0
plugin_ios_activity_recognition,,0,2,0,4ae192f8-8fd0-49b8-a635-d006bd10ed27,19HL,,0,0,1599775292022,0,0
plugin_ios_activity_recognition,"[""stationary""]",0,2,0,4ae192f8-8fd0-49b8-a635-d006bd10ed27,19HL,,0,1,1599775298734,0,0
plugin_ios_activity_recognition,,0,2,0,4ae192f8-8fd0-49b8-a635-d006bd10ed27,19HL,,0,0,1599775303211,0,0
plugin_ios_activity_recognition,"[""stationary""]",0,2,0,4ae192f8-8fd0-49b8-a635-d006bd10ed27,19HL,,0,1,1599775355093,0,0
plugin_ios_activity_recognition,,0,2,0,4ae192f8-8fd0-49b8-a635-d006bd10ed27,19HL,,0,0,1599775355397,0,0
plugin_ios_activity_recognition,"[""stationary""]",0,2,0,4ae192f8-8fd0-49b8-a635-d006bd10ed27,19HL,,0,1,1599775377478,0,0
plugin_ios_activity_recognition,,0,2,0,4ae192f8-8fd0-49b8-a635-d006bd10ed27,19HL,,0,0,1599775383560,0,0
plugin_ios_activity_recognition,"[""walking""]",0,1,0,4ae192f8-8fd0-49b8-a635-d006bd10ed27,19HL,,0,0,1599775395751,0,1
plugin_ios_activity_recognition,"[""walking""]",0,2,0,4ae192f8-8fd0-49b8-a635-d006bd10ed27,19HL,,0,0,1599775409466,0,1
plugin_ios_activity_recognition,,0,2,0,4ae192f8-8fd0-49b8-a635-d006bd10ed27,19HL,,0,0,1599775411115,0,0
plugin_ios_activity_recognition,"[""stationary""]",0,2,0,4ae192f8-8fd0-49b8-a635-d006bd10ed27,19HL,,0,1,1599775538093,0,0
plugin_ios_activity_recognition,,0,2,0,4ae192f8-8fd0-49b8-a635-d006bd10ed27,19HL,,0,0,1599775545411,0,0
plugin_ios_activity_recognition,"[""stationary""]",0,2,0,4ae192f8-8fd0-49b8-a635-d006bd10ed27,19HL,,0,1,1599775564930,0,0
plugin_ios_activity_recognition,,0,2,0,4ae192f8-8fd0-49b8-a635-d006bd10ed27,19HL,,0,0,1599775572596,0,0
plugin_ios_activity_recognition,"[""stationary""]",0,2,0,4ae192f8-8fd0-49b8-a635-d006bd10ed27,19HL,,0,1,1599775631389,0,0
plugin_ios_activity_recognition,,0,2,0,4ae192f8-8fd0-49b8-a635-d006bd10ed27,19HL,,0,0,1599775644171,0,0
plugin_ios_activity_recognition,"[""stationary""]",0,2,0,4ae192f8-8fd0-49b8-a635-d006bd10ed27,19HL,,0,1,1599775655998,0,0
plugin_ios_activity_recognition,,0,2,0,4ae192f8-8fd0-49b8-a635-d006bd10ed27,19HL,,0,0,1599775672907,0,0
plugin_ios_activity_recognition,"[""stationary""]",0,2,0,4ae192f8-8fd0-49b8-a635-d006bd10ed27,19HL,,0,1,1599775685684,0,0
plugin_ios_activity_recognition,,0,2,0,4ae192f8-8fd0-49b8-a635-d006bd10ed27,19HL,,0,0,1599775693009,0,0
plugin_ios_activity_recognition,,0,2,0,4ae192f8-8fd0-49b8-a635-d006bd10ed27,19HL,supplement,0,0,1599775873009,0,0
plugin_ios_activity_recognition,"[""stationary""]",0,2,0,4ae192f8-8fd0-49b8-a635-d006bd10ed27,19HL,,0,1,1599775988987,0,0
plugin_ios_activity_recognition,,0,2,0,4ae192f8-8fd0-49b8-a635-d006bd10ed27,19HL,,0,0,1599775990539,0,0
plugin_ios_activity_recognition,"[""stationary""]",0,2,0,4ae192f8-8fd0-49b8-a635-d006bd10ed27,19HL,,0,1,1599776016431,0,0
plugin_ios_activity_recognition,,0,2,0,4ae192f8-8fd0-49b8-a635-d006bd10ed27,19HL,,0,0,1599776017109,0,0
plugin_ios_activity_recognition,"[""stationary""]",0,2,0,4ae192f8-8fd0-49b8-a635-d006bd10ed27,19HL,,0,1,1599776039111,0,0
plugin_ios_activity_recognition,,0,2,0,4ae192f8-8fd0-49b8-a635-d006bd10ed27,19HL,,0,0,1599776044534,0,0
plugin_ios_activity_recognition,,0,2,0,4ae192f8-8fd0-49b8-a635-d006bd10ed27,19HL,supplement,0,0,1599776053009,0,0
plugin_ios_activity_recognition,"[""stationary""]",0,2,0,4ae192f8-8fd0-49b8-a635-d006bd10ed27,19HL,,0,1,1599776143843,0,0
plugin_ios_activity_recognition,,0,2,0,4ae192f8-8fd0-49b8-a635-d006bd10ed27,19HL,,0,0,1599776144484,0,0
plugin_ios_activity_recognition,"[""stationary""]",0,2,0,4ae192f8-8fd0-49b8-a635-d006bd10ed27,19HL,,0,1,1599776198883,0,0
plugin_ios_activity_recognition,,0,2,0,4ae192f8-8fd0-49b8-a635-d006bd10ed27,19HL,,0,0,1599776200480,0,0
plugin_ios_activity_recognition,"[""stationary""]",0,2,0,4ae192f8-8fd0-49b8-a635-d006bd10ed27,19HL,,0,1,1599776303381,0,0
plugin_ios_activity_recognition,,0,2,0,4ae192f8-8fd0-49b8-a635-d006bd10ed27,19HL,,0,0,1599776304292,0,0
plugin_ios_activity_recognition,"[""stationary""]",0,2,0,4ae192f8-8fd0-49b8-a635-d006bd10ed27,19HL,,0,1,1599776408902,0,0
plugin_ios_activity_recognition,,0,2,0,4ae192f8-8fd0-49b8-a635-d006bd10ed27,19HL,,0,0,1599776419779,0,0
plugin_ios_activity_recognition,"[""stationary""]",0,2,0,4ae192f8-8fd0-49b8-a635-d006bd10ed27,19HL,,0,1,1599776443472,0,0
plugin_ios_activity_recognition,,0,2,0,4ae192f8-8fd0-49b8-a635-d006bd10ed27,19HL,,0,0,1599776458802,0,0
plugin_ios_activity_recognition,"[""stationary""]",0,2,0,4ae192f8-8fd0-49b8-a635-d006bd10ed27,19HL,,0,1,1599776462319,0,0
plugin_ios_activity_recognition,,0,2,0,4ae192f8-8fd0-49b8-a635-d006bd10ed27,19HL,,0,0,1599776477650,0,0
plugin_ios_activity_recognition,"[""stationary""]",0,2,0,4ae192f8-8fd0-49b8-a635-d006bd10ed27,19HL,,0,1,1599776521211,0,0
plugin_ios_activity_recognition,,0,2,0,4ae192f8-8fd0-49b8-a635-d006bd10ed27,19HL,,0,0,1599776539717,0,0
plugin_ios_activity_recognition,"[""stationary""]",0,2,0,4ae192f8-8fd0-49b8-a635-d006bd10ed27,19HL,,0,1,1599776563700,0,0
plugin_ios_activity_recognition,,0,2,0,4ae192f8-8fd0-49b8-a635-d006bd10ed27,19HL,,0,0,1599776564975,0,0
plugin_ios_activity_recognition,"[""stationary""]",0,2,0,4ae192f8-8fd0-49b8-a635-d006bd10ed27,19HL,,0,1,1599776576792,0,0
plugin_ios_activity_recognition,,0,2,0,4ae192f8-8fd0-49b8-a635-d006bd10ed27,19HL,,0,0,1599776579986,0,0
plugin_ios_activity_recognition,"[""stationary""]",0,2,0,4ae192f8-8fd0-49b8-a635-d006bd10ed27,19HL,,0,1,1599776585402,0,0
plugin_ios_activity_recognition,,0,2,0,4ae192f8-8fd0-49b8-a635-d006bd10ed27,19HL,,0,0,1599776615128,0,0
plugin_ios_activity_recognition,"[""stationary""]",0,2,0,4ae192f8-8fd0-49b8-a635-d006bd10ed27,19HL,,0,1,1599776634318,0,0
plugin_ios_activity_recognition,,0,2,0,4ae192f8-8fd0-49b8-a635-d006bd10ed27,19HL,,0,0,1599776636554,0,0
plugin_ios_activity_recognition,"[""stationary""]",0,2,0,4ae192f8-8fd0-49b8-a635-d006bd10ed27,19HL,,0,1,1599776645489,0,0
plugin_ios_activity_recognition,,0,2,0,4ae192f8-8fd0-49b8-a635-d006bd10ed27,19HL,,0,0,1599776657630,0,0
plugin_ios_activity_recognition,"[""stationary""]",0,2,0,4ae192f8-8fd0-49b8-a635-d006bd10ed27,19HL,,0,1,1599776661132,0,0
plugin_ios_activity_recognition,,0,2,0,4ae192f8-8fd0-49b8-a635-d006bd10ed27,19HL,,0,0,1599776663368,0,0
plugin_ios_activity_recognition,"[""stationary""]",0,2,0,4ae192f8-8fd0-49b8-a635-d006bd10ed27,19HL,,0,1,1599776680926,0,0
plugin_ios_activity_recognition,,0,2,0,4ae192f8-8fd0-49b8-a635-d006bd10ed27,19HL,,0,0,1599776682521,0,0
plugin_ios_activity_recognition,"[""stationary""]",0,2,0,4ae192f8-8fd0-49b8-a635-d006bd10ed27,19HL,,0,1,1599776703924,0,0
plugin_ios_activity_recognition,,0,2,0,4ae192f8-8fd0-49b8-a635-d006bd10ed27,19HL,,0,0,1599776706786,0,0
plugin_ios_activity_recognition,"[""stationary""]",0,2,0,4ae192f8-8fd0-49b8-a635-d006bd10ed27,19HL,,0,1,1599776716377,0,0
plugin_ios_activity_recognition,,0,2,0,4ae192f8-8fd0-49b8-a635-d006bd10ed27,19HL,,0,0,1599776726900,0,0
plugin_ios_activity_recognition,"[""stationary""]",0,2,0,4ae192f8-8fd0-49b8-a635-d006bd10ed27,19HL,,0,1,1599776747068,0,0
plugin_ios_activity_recognition,,0,2,0,4ae192f8-8fd0-49b8-a635-d006bd10ed27,19HL,,0,0,1599776787293,0,0
plugin_ios_activity_recognition,"[""stationary""]",0,2,0,4ae192f8-8fd0-49b8-a635-d006bd10ed27,19HL,,0,1,1599776793374,0,0
plugin_ios_activity_recognition,,0,2,0,4ae192f8-8fd0-49b8-a635-d006bd10ed27,19HL,,0,0,1599776828865,0,0
plugin_ios_activity_recognition,"[""stationary""]",0,2,0,4ae192f8-8fd0-49b8-a635-d006bd10ed27,19HL,,0,1,1599776843240,0,0
plugin_ios_activity_recognition,,0,2,0,4ae192f8-8fd0-49b8-a635-d006bd10ed27,19HL,,0,0,1599776847391,0,0
plugin_ios_activity_recognition,"[""stationary""]",0,2,0,4ae192f8-8fd0-49b8-a635-d006bd10ed27,19HL,,0,1,1599776926663,0,0
plugin_ios_activity_recognition,,0,2,0,4ae192f8-8fd0-49b8-a635-d006bd10ed27,19HL,,0,0,1599776932104,0,0
plugin_ios_activity_recognition,"[""stationary""]",0,2,0,4ae192f8-8fd0-49b8-a635-d006bd10ed27,19HL,,0,1,1599776981035,0,0
plugin_ios_activity_recognition,,0,2,0,4ae192f8-8fd0-49b8-a635-d006bd10ed27,19HL,,0,0,1599776981632,0,0
plugin_ios_activity_recognition,"[""stationary""]",0,2,0,4ae192f8-8fd0-49b8-a635-d006bd10ed27,19HL,,0,1,1599777005619,0,0
plugin_ios_activity_recognition,,0,2,0,4ae192f8-8fd0-49b8-a635-d006bd10ed27,19HL,,0,0,1599777006623,0,0
plugin_ios_activity_recognition,"[""stationary""]",0,2,0,4ae192f8-8fd0-49b8-a635-d006bd10ed27,19HL,,0,1,1599777030877,0,0
plugin_ios_activity_recognition,,0,2,0,4ae192f8-8fd0-49b8-a635-d006bd10ed27,19HL,,0,0,1599777034373,0,0
plugin_ios_activity_recognition,"[""stationary""]",0,2,0,4ae192f8-8fd0-49b8-a635-d006bd10ed27,19HL,,0,1,1599777053520,0,0
plugin_ios_activity_recognition,,0,2,0,4ae192f8-8fd0-49b8-a635-d006bd10ed27,19HL,,0,0,1599777055755,0,0
plugin_ios_activity_recognition,"[""stationary""]",0,2,0,4ae192f8-8fd0-49b8-a635-d006bd10ed27,19HL,,0,1,1599777123145,0,0
plugin_ios_activity_recognition,,0,2,0,4ae192f8-8fd0-49b8-a635-d006bd10ed27,19HL,,0,0,1599777125709,0,0
plugin_ios_activity_recognition,"[""stationary""]",0,2,0,4ae192f8-8fd0-49b8-a635-d006bd10ed27,19HL,,0,1,1599777198644,0,0
plugin_ios_activity_recognition,,0,2,0,4ae192f8-8fd0-49b8-a635-d006bd10ed27,19HL,,0,0,1599777202154,0,0
plugin_ios_activity_recognition,"[""stationary""]",0,2,0,4ae192f8-8fd0-49b8-a635-d006bd10ed27,19HL,,0,1,1599777220705,0,0
plugin_ios_activity_recognition,,0,2,0,4ae192f8-8fd0-49b8-a635-d006bd10ed27,19HL,,0,0,1599777226510,0,0
plugin_ios_activity_recognition,"[""stationary""]",0,2,0,4ae192f8-8fd0-49b8-a635-d006bd10ed27,19HL,,0,1,1599777231614,0,0
plugin_ios_activity_recognition,,0,2,0,4ae192f8-8fd0-49b8-a635-d006bd10ed27,19HL,,0,0,1599777237944,0,0
plugin_ios_activity_recognition,"[""stationary""]",0,2,0,4ae192f8-8fd0-49b8-a635-d006bd10ed27,19HL,,0,1,1599777276365,0,0
plugin_ios_activity_recognition,,0,2,0,4ae192f8-8fd0-49b8-a635-d006bd10ed27,19HL,,0,0,1599777285932,0,0
plugin_ios_activity_recognition,"[""stationary""]",0,2,0,4ae192f8-8fd0-49b8-a635-d006bd10ed27,19HL,,0,1,1599777291991,0,0
plugin_ios_activity_recognition,,0,2,0,4ae192f8-8fd0-49b8-a635-d006bd10ed27,19HL,,0,0,1599777296463,0,0
plugin_ios_activity_recognition,"[""stationary""]",0,2,0,4ae192f8-8fd0-49b8-a635-d006bd10ed27,19HL,,0,1,1599777305761,0,0
plugin_ios_activity_recognition,,0,2,0,4ae192f8-8fd0-49b8-a635-d006bd10ed27,19HL,,0,0,1599777306353,0,0
plugin_ios_activity_recognition,"[""stationary""]",0,2,0,4ae192f8-8fd0-49b8-a635-d006bd10ed27,19HL,,0,1,1599777316891,0,0
plugin_ios_activity_recognition,,0,2,0,4ae192f8-8fd0-49b8-a635-d006bd10ed27,19HL,,0,0,1599777318529,0,0
plugin_ios_activity_recognition,"[""stationary""]",0,2,0,4ae192f8-8fd0-49b8-a635-d006bd10ed27,19HL,,0,1,1599777340807,0,0
plugin_ios_activity_recognition,,0,2,0,4ae192f8-8fd0-49b8-a635-d006bd10ed27,19HL,,0,0,1599777367887,0,0
plugin_ios_activity_recognition,"[""walking""]",0,2,0,4ae192f8-8fd0-49b8-a635-d006bd10ed27,19HL,,0,0,1599777377203,0,1
plugin_ios_activity_recognition,"[""stationary""]",0,2,0,4ae192f8-8fd0-49b8-a635-d006bd10ed27,19HL,,0,1,1599777381617,0,0
plugin_ios_activity_recognition,"[""walking""]",0,2,0,4ae192f8-8fd0-49b8-a635-d006bd10ed27,19HL,,0,0,1599777384173,0,1
plugin_ios_activity_recognition,"[""stationary""]",0,2,0,4ae192f8-8fd0-49b8-a635-d006bd10ed27,19HL,,0,1,1599777393430,0,0
plugin_ios_activity_recognition,"[""walking""]",0,2,0,4ae192f8-8fd0-49b8-a635-d006bd10ed27,19HL,,0,0,1599777404610,0,1
plugin_ios_activity_recognition,,0,2,0,4ae192f8-8fd0-49b8-a635-d006bd10ed27,19HL,,0,0,1599777428311,0,0
plugin_ios_activity_recognition,"[""stationary""]",0,2,0,4ae192f8-8fd0-49b8-a635-d006bd10ed27,19HL,,0,1,1599777438539,0,0
plugin_ios_activity_recognition,,0,2,0,4ae192f8-8fd0-49b8-a635-d006bd10ed27,19HL,,0,0,1599777442013,0,0
plugin_ios_activity_recognition,"[""stationary""]",0,2,0,4ae192f8-8fd0-49b8-a635-d006bd10ed27,19HL,,0,1,1599777448400,0,0
plugin_ios_activity_recognition,,0,2,0,4ae192f8-8fd0-49b8-a635-d006bd10ed27,19HL,,0,0,1599777452879,0,0
plugin_ios_activity_recognition,"[""stationary""]",0,2,0,4ae192f8-8fd0-49b8-a635-d006bd10ed27,19HL,,0,1,1599777465370,0,0
plugin_ios_activity_recognition,,0,2,0,4ae192f8-8fd0-49b8-a635-d006bd10ed27,19HL,,0,0,1599777471437,0,0
plugin_ios_activity_recognition,"[""stationary""]",0,2,0,4ae192f8-8fd0-49b8-a635-d006bd10ed27,19HL,,0,1,1599777482631,0,0
plugin_ios_activity_recognition,,0,2,0,4ae192f8-8fd0-49b8-a635-d006bd10ed27,19HL,,0,0,1599777488712,0,0
plugin_ios_activity_recognition,"[""stationary""]",0,2,0,4ae192f8-8fd0-49b8-a635-d006bd10ed27,19HL,,0,1,1599777525492,0,0
plugin_ios_activity_recognition,,0,2,0,4ae192f8-8fd0-49b8-a635-d006bd10ed27,19HL,,0,0,1599777540845,0,0
plugin_ios_activity_recognition,"[""stationary""]",0,2,0,4ae192f8-8fd0-49b8-a635-d006bd10ed27,19HL,,0,1,1599777565731,0,0
plugin_ios_activity_recognition,,0,2,0,4ae192f8-8fd0-49b8-a635-d006bd10ed27,19HL,,0,0,1599777567326,0,0
plugin_ios_activity_recognition,"[""stationary""]",0,2,0,4ae192f8-8fd0-49b8-a635-d006bd10ed27,19HL,,0,1,1599777577566,0,0
plugin_ios_activity_recognition,,0,2,0,4ae192f8-8fd0-49b8-a635-d006bd10ed27,19HL,,0,0,1599777587166,0,0
plugin_ios_activity_recognition,"[""stationary""]",0,2,0,4ae192f8-8fd0-49b8-a635-d006bd10ed27,19HL,,0,1,1599777595162,0,0
plugin_ios_activity_recognition,,0,2,0,4ae192f8-8fd0-49b8-a635-d006bd10ed27,19HL,,0,0,1599777598994,0,0
plugin_ios_activity_recognition,"[""stationary""]",0,2,0,4ae192f8-8fd0-49b8-a635-d006bd10ed27,19HL,,0,1,1599777654674,0,0
plugin_ios_activity_recognition,,0,2,0,4ae192f8-8fd0-49b8-a635-d006bd10ed27,19HL,,0,0,1599777656902,0,0
plugin_ios_activity_recognition,"[""stationary""]",0,2,0,4ae192f8-8fd0-49b8-a635-d006bd10ed27,19HL,,0,1,1599777688867,0,0
plugin_ios_activity_recognition,,0,2,0,4ae192f8-8fd0-49b8-a635-d006bd10ed27,19HL,,0,0,1599777689822,0,0
plugin_ios_activity_recognition,"[""stationary""]",0,2,0,4ae192f8-8fd0-49b8-a635-d006bd10ed27,19HL,,0,1,1599777704839,0,0
plugin_ios_activity_recognition,,0,2,0,4ae192f8-8fd0-49b8-a635-d006bd10ed27,19HL,,0,0,1599777722666,0,0
plugin_ios_activity_recognition,"[""stationary""]",0,2,0,4ae192f8-8fd0-49b8-a635-d006bd10ed27,19HL,,0,1,1599777733539,0,0
plugin_ios_activity_recognition,,0,2,0,4ae192f8-8fd0-49b8-a635-d006bd10ed27,19HL,,0,0,1599777736721,0,0
plugin_ios_activity_recognition,"[""walking""]",0,1,0,4ae192f8-8fd0-49b8-a635-d006bd10ed27,19HL,,0,0,1599777753096,0,1
plugin_ios_activity_recognition,"[""walking""]",0,2,0,4ae192f8-8fd0-49b8-a635-d006bd10ed27,19HL,,0,0,1599777773819,0,1
plugin_ios_activity_recognition,"[""stationary""]",0,2,0,4ae192f8-8fd0-49b8-a635-d006bd10ed27,19HL,,0,1,1599777783091,0,0
plugin_ios_activity_recognition,"[""walking""]",0,2,0,4ae192f8-8fd0-49b8-a635-d006bd10ed27,19HL,,0,0,1599777786608,0,1
plugin_ios_activity_recognition,,0,2,0,4ae192f8-8fd0-49b8-a635-d006bd10ed27,19HL,,0,0,1599777823676,0,0
plugin_ios_activity_recognition,"[""stationary""]",0,2,0,4ae192f8-8fd0-49b8-a635-d006bd10ed27,19HL,,0,1,1599777836465,0,0
plugin_ios_activity_recognition,,0,2,0,4ae192f8-8fd0-49b8-a635-d006bd10ed27,19HL,,0,0,1599777840027,0,0
plugin_ios_activity_recognition,"[""stationary""]",0,2,0,4ae192f8-8fd0-49b8-a635-d006bd10ed27,19HL,,0,1,1599777870012,0,0
plugin_ios_activity_recognition,,0,2,0,4ae192f8-8fd0-49b8-a635-d006bd10ed27,19HL,,0,0,1599777871920,0,0
plugin_ios_activity_recognition,"[""stationary""]",0,2,0,4ae192f8-8fd0-49b8-a635-d006bd10ed27,19HL,,0,1,1599777875801,0,0
plugin_ios_activity_recognition,,0,2,0,4ae192f8-8fd0-49b8-a635-d006bd10ed27,19HL,,0,0,1599777880558,0,0
plugin_ios_activity_recognition,"[""stationary""]",0,2,0,4ae192f8-8fd0-49b8-a635-d006bd10ed27,19HL,,0,1,1599777886041,0,0
plugin_ios_activity_recognition,,0,2,0,4ae192f8-8fd0-49b8-a635-d006bd10ed27,19HL,,0,0,1599777899735,0,0
plugin_ios_activity_recognition,"[""stationary""]",0,2,0,4ae192f8-8fd0-49b8-a635-d006bd10ed27,19HL,,0,1,1599777914732,0,0
plugin_ios_activity_recognition,,0,2,0,4ae192f8-8fd0-49b8-a635-d006bd10ed27,19HL,,0,0,1599777918257,0,0
plugin_ios_activity_recognition,"[""stationary""]",0,2,0,4ae192f8-8fd0-49b8-a635-d006bd10ed27,19HL,,0,1,1599777924366,0,0
plugin_ios_activity_recognition,,0,2,0,4ae192f8-8fd0-49b8-a635-d006bd10ed27,19HL,,0,0,1599777927827,0,0
plugin_ios_activity_recognition,"[""walking""]",0,1,0,4ae192f8-8fd0-49b8-a635-d006bd10ed27,19HL,,0,0,1599777960076,0,1
plugin_ios_activity_recognition,"[""walking""]",0,2,0,4ae192f8-8fd0-49b8-a635-d006bd10ed27,19HL,,0,0,1599777962626,0,1
plugin_ios_activity_recognition,"[""stationary""]",0,2,0,4ae192f8-8fd0-49b8-a635-d006bd10ed27,19HL,,0,1,1599777998993,0,0
plugin_ios_activity_recognition,"[""walking""]",0,2,0,4ae192f8-8fd0-49b8-a635-d006bd10ed27,19HL,,0,0,1599778003152,0,1
plugin_ios_activity_recognition,"[""stationary""]",0,2,0,4ae192f8-8fd0-49b8-a635-d006bd10ed27,19HL,,0,1,1599778014651,0,0
plugin_ios_activity_recognition,,0,2,0,4ae192f8-8fd0-49b8-a635-d006bd10ed27,19HL,,0,0,1599778022014,0,0
plugin_ios_activity_recognition,"[""stationary""]",0,2,0,4ae192f8-8fd0-49b8-a635-d006bd10ed27,19HL,,0,1,1599778030309,0,0
plugin_ios_activity_recognition,,0,2,0,4ae192f8-8fd0-49b8-a635-d006bd10ed27,19HL,,0,0,1599778033186,0,0
plugin_ios_activity_recognition,"[""stationary""]",0,2,0,4ae192f8-8fd0-49b8-a635-d006bd10ed27,19HL,,0,1,1599778042442,0,0
plugin_ios_activity_recognition,,0,2,0,4ae192f8-8fd0-49b8-a635-d006bd10ed27,19HL,,0,0,1599778048516,0,0
plugin_ios_activity_recognition,"[""stationary""]",0,2,0,4ae192f8-8fd0-49b8-a635-d006bd10ed27,19HL,,0,1,1599778052069,0,0
plugin_ios_activity_recognition,,0,2,0,4ae192f8-8fd0-49b8-a635-d006bd10ed27,19HL,,0,0,1599778055223,0,0
plugin_ios_activity_recognition,"[""stationary""]",0,2,0,4ae192f8-8fd0-49b8-a635-d006bd10ed27,19HL,,0,1,1599778091004,0,0
plugin_ios_activity_recognition,,0,2,0,4ae192f8-8fd0-49b8-a635-d006bd10ed27,19HL,,0,0,1599778091637,0,0
plugin_ios_activity_recognition,"[""walking""]",0,1,0,4ae192f8-8fd0-49b8-a635-d006bd10ed27,19HL,,0,0,1599778115949,0,1
plugin_ios_activity_recognition,"[""walking""]",0,2,0,4ae192f8-8fd0-49b8-a635-d006bd10ed27,19HL,,0,0,1599778118515,0,1
plugin_ios_activity_recognition,,0,2,0,4ae192f8-8fd0-49b8-a635-d006bd10ed27,19HL,,0,0,1599778198586,0,0
plugin_ios_activity_recognition,"[""walking""]",0,1,0,4ae192f8-8fd0-49b8-a635-d006bd10ed27,19HL,,0,0,1599778210820,0,1
plugin_ios_activity_recognition,"[""walking""]",0,2,0,4ae192f8-8fd0-49b8-a635-d006bd10ed27,19HL,,0,0,1599778226191,0,1
plugin_ios_activity_recognition,,0,2,0,4ae192f8-8fd0-49b8-a635-d006bd10ed27,19HL,,0,0,1599778277951,0,0
plugin_ios_activity_recognition,"[""stationary""]",0,2,0,4ae192f8-8fd0-49b8-a635-d006bd10ed27,19HL,,0,1,1599778338316,0,0
plugin_ios_activity_recognition,,0,2,0,4ae192f8-8fd0-49b8-a635-d006bd10ed27,19HL,,0,0,1599778394181,0,0
plugin_ios_activity_recognition,"[""stationary""]",0,2,0,4ae192f8-8fd0-49b8-a635-d006bd10ed27,19HL,,0,1,1599778399301,0,0
plugin_ios_activity_recognition,,0,2,0,4ae192f8-8fd0-49b8-a635-d006bd10ed27,19HL,,0,0,1599778406969,0,0
plugin_ios_activity_recognition,"[""stationary""]",0,2,0,4ae192f8-8fd0-49b8-a635-d006bd10ed27,19HL,,0,1,1599778419102,0,0
plugin_ios_activity_recognition,,0,2,0,4ae192f8-8fd0-49b8-a635-d006bd10ed27,19HL,,0,0,1599778424856,0,0
plugin_ios_activity_recognition,"[""stationary""]",0,2,0,4ae192f8-8fd0-49b8-a635-d006bd10ed27,19HL,,0,1,1599778482813,0,0
plugin_ios_activity_recognition,,0,2,0,4ae192f8-8fd0-49b8-a635-d006bd10ed27,19HL,,0,0,1599778485675,0,0
plugin_ios_activity_recognition,"[""stationary""]",0,2,0,4ae192f8-8fd0-49b8-a635-d006bd10ed27,19HL,,0,1,1599778493679,0,0
plugin_ios_activity_recognition,,0,2,0,4ae192f8-8fd0-49b8-a635-d006bd10ed27,19HL,,0,0,1599778545039,0,0
plugin_ios_activity_recognition,"[""stationary""]",0,2,0,4ae192f8-8fd0-49b8-a635-d006bd10ed27,19HL,,0,1,1599778548550,0,0
plugin_ios_activity_recognition,,0,2,0,4ae192f8-8fd0-49b8-a635-d006bd10ed27,19HL,,0,0,1599778583348,0,0
plugin_ios_activity_recognition,"[""stationary""]",0,2,0,4ae192f8-8fd0-49b8-a635-d006bd10ed27,19HL,,0,1,1599778591032,0,0
plugin_ios_activity_recognition,,0,2,0,4ae192f8-8fd0-49b8-a635-d006bd10ed27,19HL,,0,0,1599778618513,0,0
plugin_ios_activity_recognition,"[""stationary""]",0,2,0,4ae192f8-8fd0-49b8-a635-d006bd10ed27,19HL,,0,1,1599778749570,0,0
plugin_ios_activity_recognition,,0,2,0,4ae192f8-8fd0-49b8-a635-d006bd10ed27,19HL,,0,0,1599778751806,0,0
plugin_ios_activity_recognition,"[""stationary""]",0,2,0,4ae192f8-8fd0-49b8-a635-d006bd10ed27,19HL,,0,1,1599778776127,0,0
plugin_ios_activity_recognition,,0,2,0,4ae192f8-8fd0-49b8-a635-d006bd10ed27,19HL,,0,0,1599778777081,0,0
plugin_ios_activity_recognition,"[""stationary""]",0,2,0,4ae192f8-8fd0-49b8-a635-d006bd10ed27,19HL,,0,1,1599778811621,0,0
plugin_ios_activity_recognition,,0,2,0,4ae192f8-8fd0-49b8-a635-d006bd10ed27,19HL,,0,0,1599778812533,0,0
plugin_ios_activity_recognition,"[""stationary""]",0,2,0,4ae192f8-8fd0-49b8-a635-d006bd10ed27,19HL,,0,1,1599778856570,0,0
plugin_ios_activity_recognition,,0,2,0,4ae192f8-8fd0-49b8-a635-d006bd10ed27,19HL,,0,0,1599778859126,0,0
plugin_ios_activity_recognition,"[""walking""]",0,1,0,4ae192f8-8fd0-49b8-a635-d006bd10ed27,19HL,,0,0,1599778862697,0,1
plugin_ios_activity_recognition,"[""walking""]",0,2,0,4ae192f8-8fd0-49b8-a635-d006bd10ed27,19HL,,0,0,1599778870664,0,1
plugin_ios_activity_recognition,"[""stationary""]",0,2,0,4ae192f8-8fd0-49b8-a635-d006bd10ed27,19HL,,0,1,1599778914157,0,0
plugin_ios_activity_recognition,"[""walking""]",0,2,0,4ae192f8-8fd0-49b8-a635-d006bd10ed27,19HL,,0,0,1599778915111,0,1
plugin_ios_activity_recognition,,0,2,0,4ae192f8-8fd0-49b8-a635-d006bd10ed27,19HL,,0,0,1599778938491,0,0
plugin_ios_activity_recognition,"[""stationary""]",0,2,0,4ae192f8-8fd0-49b8-a635-d006bd10ed27,19HL,,0,1,1599779067723,0,0
plugin_ios_activity_recognition,,0,2,0,4ae192f8-8fd0-49b8-a635-d006bd10ed27,19HL,,0,0,1599779068677,0,0
plugin_ios_activity_recognition,,0,2,0,4ae192f8-8fd0-49b8-a635-d006bd10ed27,19HL,supplement,0,0,1599779248677,0,0
plugin_ios_activity_recognition,"[""stationary""]",0,2,0,4ae192f8-8fd0-49b8-a635-d006bd10ed27,19HL,,0,1,1599779377275,0,0
plugin_ios_activity_recognition,,0,2,0,4ae192f8-8fd0-49b8-a635-d006bd10ed27,19HL,,0,0,1599779378237,0,0
plugin_ios_activity_recognition,,0,2,0,4ae192f8-8fd0-49b8-a635-d006bd10ed27,19HL,supplement,0,0,1599779428677,0,0
plugin_ios_activity_recognition,,0,2,0,4ae192f8-8fd0-49b8-a635-d006bd10ed27,19HL,supplement,0,0,1599779558237,0,0
plugin_ios_activity_recognition,,0,2,0,4ae192f8-8fd0-49b8-a635-d006bd10ed27,19HL,supplement,0,0,1599779738237,0,0
plugin_ios_activity_recognition,"[""running""]",0,2,0,4ae192f8-8fd0-49b8-a635-d006bd10ed27,19HL,,1,0,1599779789526,0,0
plugin_ios_activity_recognition,"[""walking""]",0,2,0,4ae192f8-8fd0-49b8-a635-d006bd10ed27,19HL,,0,0,1599779792088,0,1
plugin_ios_activity_recognition,,0,2,0,4ae192f8-8fd0-49b8-a635-d006bd10ed27,19HL,supplement,0,0,1599779918237,0,0
plugin_ios_activity_recognition,"[""stationary""]",0,2,0,4ae192f8-8fd0-49b8-a635-d006bd10ed27,19HL,,0,1,1599779921466,0,0
plugin_ios_activity_recognition,"[""walking""]",0,2,0,4ae192f8-8fd0-49b8-a635-d006bd10ed27,19HL,,0,0,1599779924018,0,1
plugin_ios_activity_recognition,"[""stationary""]",0,2,0,4ae192f8-8fd0-49b8-a635-d006bd10ed27,19HL,,0,1,1599779974947,0,0
plugin_ios_activity_recognition,,0,2,0,4ae192f8-8fd0-49b8-a635-d006bd10ed27,19HL,,0,0,1599780003658,0,0
plugin_ios_activity_recognition,"[""walking""]",0,1,0,4ae192f8-8fd0-49b8-a635-d006bd10ed27,19HL,,0,0,1599780007229,0,1
plugin_ios_activity_recognition,"[""walking""]",0,2,0,4ae192f8-8fd0-49b8-a635-d006bd10ed27,19HL,,0,0,1599780014919,0,1
plugin_ios_activity_recognition,,0,2,0,4ae192f8-8fd0-49b8-a635-d006bd10ed27,19HL,,0,0,1599780094353,0,0
plugin_ios_activity_recognition,"[""stationary""]",0,2,0,4ae192f8-8fd0-49b8-a635-d006bd10ed27,19HL,,0,1,1599780110324,0,0
plugin_ios_activity_recognition,,0,2,0,4ae192f8-8fd0-49b8-a635-d006bd10ed27,19HL,,0,0,1599780148645,0,0
plugin_ios_activity_recognition,"[""walking""]",0,1,0,4ae192f8-8fd0-49b8-a635-d006bd10ed27,19HL,,0,0,1599780171115,0,1
plugin_ios_activity_recognition,"[""walking""]",0,2,0,4ae192f8-8fd0-49b8-a635-d006bd10ed27,19HL,,0,0,1599780173683,0,1
plugin_ios_activity_recognition,,0,2,0,4ae192f8-8fd0-49b8-a635-d006bd10ed27,19HL,,0,0,1599780283868,0,0
plugin_ios_activity_recognition,"[""walking""]",0,1,0,4ae192f8-8fd0-49b8-a635-d006bd10ed27,19HL,,0,0,1599780332567,0,1
plugin_ios_activity_recognition,"[""walking""]",0,2,0,4ae192f8-8fd0-49b8-a635-d006bd10ed27,19HL,,0,0,1599780336682,0,1
plugin_ios_activity_recognition,,0,2,0,4ae192f8-8fd0-49b8-a635-d006bd10ed27,19HL,,0,0,1599780386365,0,0
plugin_ios_activity_recognition,"[""stationary""]",0,2,0,4ae192f8-8fd0-49b8-a635-d006bd10ed27,19HL,,0,1,1599780446854,0,0
plugin_ios_activity_recognition,,0,2,0,4ae192f8-8fd0-49b8-a635-d006bd10ed27,19HL,,0,0,1599780449723,0,0
plugin_ios_activity_recognition,"[""walking""]",0,1,0,4ae192f8-8fd0-49b8-a635-d006bd10ed27,19HL,,0,0,1599780460660,0,1
plugin_ios_activity_recognition,"[""walking""]",0,2,0,4ae192f8-8fd0-49b8-a635-d006bd10ed27,19HL,,0,0,1599780470915,0,1
plugin_ios_activity_recognition,,0,2,0,4ae192f8-8fd0-49b8-a635-d006bd10ed27,19HL,,0,0,1599780522169,0,0
plugin_ios_activity_recognition,"[""walking""]",0,1,0,4ae192f8-8fd0-49b8-a635-d006bd10ed27,19HL,,0,0,1599780537551,0,1
plugin_ios_activity_recognition,"[""walking""]",0,2,0,4ae192f8-8fd0-49b8-a635-d006bd10ed27,19HL,,0,0,1599780547807,0,1
plugin_ios_activity_recognition,"[""stationary""]",0,2,0,4ae192f8-8fd0-49b8-a635-d006bd10ed27,19HL,,0,1,1599780565358,0,0
plugin_ios_activity_recognition,"[""stationary""]",0,2,0,4ae192f8-8fd0-49b8-a635-d006bd10ed27,19HL,supplement,0,1,1599780745358,0,0
plugin_ios_activity_recognition,,0,2,0,4ae192f8-8fd0-49b8-a635-d006bd10ed27,19HL,,0,0,1599780752752,0,0
plugin_ios_activity_recognition,"[""stationary""]",0,2,0,4ae192f8-8fd0-49b8-a635-d006bd10ed27,19HL,,0,1,1599780756909,0,0
plugin_ios_activity_recognition,,0,2,0,4ae192f8-8fd0-49b8-a635-d006bd10ed27,19HL,,0,0,1599780851167,0,0
plugin_ios_activity_recognition,"[""walking""]",0,1,0,4ae192f8-8fd0-49b8-a635-d006bd10ed27,19HL,,0,0,1599780854415,0,1
plugin_ios_activity_recognition,"[""stationary""]",0,2,0,4ae192f8-8fd0-49b8-a635-d006bd10ed27,19HL,,0,1,1599780899223,0,0
plugin_ios_activity_recognition,"[""walking""]",0,2,0,4ae192f8-8fd0-49b8-a635-d006bd10ed27,19HL,,0,0,1599780910100,0,1
plugin_ios_activity_recognition,"[""stationary""]",0,2,0,4ae192f8-8fd0-49b8-a635-d006bd10ed27,19HL,,0,1,1599780914255,0,0
plugin_ios_activity_recognition,"[""stationary""]",0,2,0,4ae192f8-8fd0-49b8-a635-d006bd10ed27,19HL,supplement,0,1,1599780925358,0,0
plugin_ios_activity_recognition,"[""stationary""]",0,2,0,4ae192f8-8fd0-49b8-a635-d006bd10ed27,19HL,supplement,0,1,1599781094255,0,0
plugin_ios_activity_recognition,"[""stationary""]",0,2,0,4ae192f8-8fd0-49b8-a635-d006bd10ed27,19HL,supplement,0,1,1599781274255,0,0
plugin_ios_activity_recognition,,0,2,0,4ae192f8-8fd0-49b8-a635-d006bd10ed27,19HL,,0,0,1599781314440,0,0
plugin_ios_activity_recognition,"[""walking""]",0,1,0,4ae192f8-8fd0-49b8-a635-d006bd10ed27,19HL,,0,0,1599781319294,0,1
plugin_ios_activity_recognition,"[""stationary""]",0,2,0,4ae192f8-8fd0-49b8-a635-d006bd10ed27,19HL,,0,1,1599781330778,0,0
plugin_ios_activity_recognition,"[""stationary""]",0,2,0,4ae192f8-8fd0-49b8-a635-d006bd10ed27,19HL,supplement,0,1,1599781454255,0,0
plugin_ios_activity_recognition,"[""stationary""]",0,2,0,4ae192f8-8fd0-49b8-a635-d006bd10ed27,19HL,supplement,0,1,1599781510778,0,0
plugin_ios_activity_recognition,"[""stationary""]",0,2,0,4ae192f8-8fd0-49b8-a635-d006bd10ed27,19HL,supplement,0,1,1599781690778,0,0
plugin_ios_activity_recognition,"[""stationary""]",0,2,0,4ae192f8-8fd0-49b8-a635-d006bd10ed27,19HL,supplement,0,1,1599781870778,0,0
plugin_ios_activity_recognition,,0,2,0,4ae192f8-8fd0-49b8-a635-d006bd10ed27,19HL,,0,0,1599781970659,0,0
plugin_ios_activity_recognition,"[""walking""]",0,1,0,4ae192f8-8fd0-49b8-a635-d006bd10ed27,19HL,,0,0,1599781980639,0,1
plugin_ios_activity_recognition,,0,2,0,4ae192f8-8fd0-49b8-a635-d006bd10ed27,19HL,,0,0,1599781983200,0,0
plugin_ios_activity_recognition,"[""stationary""]",0,2,0,4ae192f8-8fd0-49b8-a635-d006bd10ed27,19HL,,0,1,1599782023201,0,0
plugin_ios_activity_recognition,"[""stationary""]",0,2,0,4ae192f8-8fd0-49b8-a635-d006bd10ed27,19HL,supplement,0,1,1599782050778,0,0
plugin_ios_activity_recognition,,0,2,0,4ae192f8-8fd0-49b8-a635-d006bd10ed27,19HL,,0,0,1599782071097,0,0
plugin_ios_activity_recognition,"[""stationary""]",0,2,0,4ae192f8-8fd0-49b8-a635-d006bd10ed27,19HL,,0,1,1599782075895,0,0
plugin_ios_activity_recognition,,0,2,0,4ae192f8-8fd0-49b8-a635-d006bd10ed27,19HL,,0,0,1599782201306,0,0
plugin_ios_activity_recognition,"[""walking""]",0,1,0,4ae192f8-8fd0-49b8-a635-d006bd10ed27,19HL,,0,0,1599782205514,0,1
plugin_ios_activity_recognition,"[""walking""]",0,2,0,4ae192f8-8fd0-49b8-a635-d006bd10ed27,19HL,,0,0,1599782223455,0,1
plugin_ios_activity_recognition,"[""stationary""]",0,2,0,4ae192f8-8fd0-49b8-a635-d006bd10ed27,19HL,,0,1,1599782229172,0,0
