name,activities,automotive,confidence,cycling,device_id,device_label,label,running,stationary,timestamp,unknown,walking
plugin_ios_activity_recognition,,0,2,0,33726ebb-721a-4177-a12a-1beec88ce573,203BN,,0,0,1601683202368,0,0
plugin_ios_activity_recognition,,0,2,0,33726ebb-721a-4177-a12a-1beec88ce573,203BN,,0,0,1601683204755,0,0
plugin_ios_activity_recognition,"[""walking""]",0,1,0,33726ebb-721a-4177-a12a-1beec88ce573,203BN,,0,0,1601683235603,0,1
plugin_ios_activity_recognition,"[""walking""]",0,2,0,33726ebb-721a-4177-a12a-1beec88ce573,203BN,,0,0,1601683243276,0,1
plugin_ios_activity_recognition,"[""stationary""]",0,2,0,33726ebb-721a-4177-a12a-1beec88ce573,203BN,,0,1,1601683269753,0,0
plugin_ios_activity_recognition,"[""stationary""]",0,2,0,33726ebb-721a-4177-a12a-1beec88ce573,203BN,,0,1,1601683384755,0,0
plugin_ios_activity_recognition,"[""stationary""]",0,2,0,33726ebb-721a-4177-a12a-1beec88ce573,203BN,supplement,0,1,1601683564755,0,0
plugin_ios_activity_recognition,"[""stationary""]",0,2,0,33726ebb-721a-4177-a12a-1beec88ce573,203BN,,0,1,1601683564756,0,0
plugin_ios_activity_recognition,"[""stationary""]",0,2,0,33726ebb-721a-4177-a12a-1beec88ce573,203BN,supplement,0,1,1601683744755,0,0
plugin_ios_activity_recognition,"[""stationary""]",0,2,0,33726ebb-721a-4177-a12a-1beec88ce573,203BN,supplement,0,1,1601683744756,0,0
plugin_ios_activity_recognition,"[""stationary""]",0,2,0,33726ebb-721a-4177-a12a-1beec88ce573,203BN,,0,1,1601683744788,0,0
plugin_ios_activity_recognition,"[""stationary""]",0,2,0,33726ebb-721a-4177-a12a-1beec88ce573,203BN,supplement,0,1,1601683924756,0,0
plugin_ios_activity_recognition,"[""stationary""]",0,2,0,33726ebb-721a-4177-a12a-1beec88ce573,203BN,,0,1,1601683924758,0,0
plugin_ios_activity_recognition,"[""stationary""]",0,2,0,33726ebb-721a-4177-a12a-1beec88ce573,203BN,supplement,0,1,1601684104758,0,0
plugin_ios_activity_recognition,"[""stationary""]",0,2,0,33726ebb-721a-4177-a12a-1beec88ce573,203BN,,0,1,1601684104759,0,0
plugin_ios_activity_recognition,"[""stationary""]",0,2,0,33726ebb-721a-4177-a12a-1beec88ce573,203BN,supplement,0,1,1601684284758,0,0
plugin_ios_activity_recognition,"[""stationary""]",0,2,0,33726ebb-721a-4177-a12a-1beec88ce573,203BN,supplement,0,1,1601684284759,0,0
plugin_ios_activity_recognition,"[""stationary""]",0,2,0,33726ebb-721a-4177-a12a-1beec88ce573,203BN,,0,1,1601684284760,0,0
plugin_ios_activity_recognition,"[""stationary""]",0,2,0,33726ebb-721a-4177-a12a-1beec88ce573,203BN,supplement,0,1,1601684464759,0,0
plugin_ios_activity_recognition,"[""stationary""]",0,2,0,33726ebb-721a-4177-a12a-1beec88ce573,203BN,supplement,0,1,1601684464760,0,0
plugin_ios_activity_recognition,"[""stationary""]",0,2,0,33726ebb-721a-4177-a12a-1beec88ce573,203BN,,0,1,1601684464843,0,0
plugin_ios_activity_recognition,"[""stationary""]",0,2,0,33726ebb-721a-4177-a12a-1beec88ce573,203BN,supplement,0,1,1601684644760,0,0
plugin_ios_activity_recognition,"[""stationary""]",0,2,0,33726ebb-721a-4177-a12a-1beec88ce573,203BN,,0,1,1601684644762,0,0
plugin_ios_activity_recognition,"[""stationary""]",0,2,0,33726ebb-721a-4177-a12a-1beec88ce573,203BN,supplement,0,1,1601684824762,0,0
plugin_ios_activity_recognition,"[""stationary""]",0,2,0,33726ebb-721a-4177-a12a-1beec88ce573,203BN,,0,1,1601684824763,0,0
plugin_ios_activity_recognition,"[""stationary""]",0,2,0,33726ebb-721a-4177-a12a-1beec88ce573,203BN,supplement,0,1,1601685004762,0,0
plugin_ios_activity_recognition,"[""stationary""]",0,2,0,33726ebb-721a-4177-a12a-1beec88ce573,203BN,supplement,0,1,1601685004763,0,0
plugin_ios_activity_recognition,"[""stationary""]",0,2,0,33726ebb-721a-4177-a12a-1beec88ce573,203BN,,0,1,1601685004767,0,0
plugin_ios_activity_recognition,"[""stationary""]",0,2,0,33726ebb-721a-4177-a12a-1beec88ce573,203BN,supplement,0,1,1601685184763,0,0
plugin_ios_activity_recognition,"[""stationary""]",0,2,0,33726ebb-721a-4177-a12a-1beec88ce573,203BN,supplement,0,1,1601685184767,0,0
plugin_ios_activity_recognition,"[""stationary""]",0,2,0,33726ebb-721a-4177-a12a-1beec88ce573,203BN,,0,1,1601685184780,0,0
plugin_ios_activity_recognition,"[""stationary""]",0,2,0,33726ebb-721a-4177-a12a-1beec88ce573,203BN,supplement,0,1,1601685364767,0,0
plugin_ios_activity_recognition,"[""stationary""]",0,2,0,33726ebb-721a-4177-a12a-1beec88ce573,203BN,,0,1,1601685364769,0,0
plugin_ios_activity_recognition,"[""stationary""]",0,2,0,33726ebb-721a-4177-a12a-1beec88ce573,203BN,,0,1,1601685544769,0,0
plugin_ios_activity_recognition,,0,2,0,33726ebb-721a-4177-a12a-1beec88ce573,203BN,,0,0,1601685633531,0,0
plugin_ios_activity_recognition,"[""walking""]",0,1,0,33726ebb-721a-4177-a12a-1beec88ce573,203BN,,0,0,1601685638351,0,1
plugin_ios_activity_recognition,"[""stationary""]",0,2,0,33726ebb-721a-4177-a12a-1beec88ce573,203BN,,0,1,1601685643091,0,0
plugin_ios_activity_recognition,"[""walking""]",0,2,0,33726ebb-721a-4177-a12a-1beec88ce573,203BN,,0,0,1601685646922,0,1
plugin_ios_activity_recognition,"[""walking""]",0,2,0,33726ebb-721a-4177-a12a-1beec88ce573,203BN,,0,0,1601685724771,0,1
plugin_ios_activity_recognition,"[""walking""]",0,2,0,33726ebb-721a-4177-a12a-1beec88ce573,203BN,supplement,0,0,1601685904771,0,1
plugin_ios_activity_recognition,"[""walking""]",0,2,0,33726ebb-721a-4177-a12a-1beec88ce573,203BN,,0,0,1601685904855,0,1
plugin_ios_activity_recognition,"[""walking""]",0,2,0,33726ebb-721a-4177-a12a-1beec88ce573,203BN,supplement,0,0,1601686084771,0,1
plugin_ios_activity_recognition,"[""walking""]",0,2,0,33726ebb-721a-4177-a12a-1beec88ce573,203BN,,0,0,1601686084774,0,1
plugin_ios_activity_recognition,,0,2,0,33726ebb-721a-4177-a12a-1beec88ce573,203BN,,0,0,1601686185539,0,0
plugin_ios_activity_recognition,"[""walking""]",0,1,0,33726ebb-721a-4177-a12a-1beec88ce573,203BN,,0,0,1601686203442,0,1
plugin_ios_activity_recognition,"[""walking""]",0,2,0,33726ebb-721a-4177-a12a-1beec88ce573,203BN,,0,0,1601686205999,0,1
plugin_ios_activity_recognition,"[""walking""]",0,2,0,33726ebb-721a-4177-a12a-1beec88ce573,203BN,,0,0,1601686264775,0,1
plugin_ios_activity_recognition,,0,2,0,33726ebb-721a-4177-a12a-1beec88ce573,203BN,,0,0,1601686387535,0,0
plugin_ios_activity_recognition,,0,2,0,33726ebb-721a-4177-a12a-1beec88ce573,203BN,,0,0,1601686444776,0,0
plugin_ios_activity_recognition,"[""walking""]",0,1,0,33726ebb-721a-4177-a12a-1beec88ce573,203BN,,0,0,1601686469368,0,1
plugin_ios_activity_recognition,"[""walking""]",0,2,0,33726ebb-721a-4177-a12a-1beec88ce573,203BN,,0,0,1601686477040,0,1
plugin_ios_activity_recognition,,0,2,0,33726ebb-721a-4177-a12a-1beec88ce573,203BN,,0,0,1601686484712,0,0
plugin_ios_activity_recognition,"[""walking""]",0,2,0,33726ebb-721a-4177-a12a-1beec88ce573,203BN,,0,0,1601686492386,0,1
plugin_ios_activity_recognition,"[""walking""]",0,2,0,33726ebb-721a-4177-a12a-1beec88ce573,203BN,,0,0,1601686624779,0,1
plugin_ios_activity_recognition,"[""walking""]",0,2,0,33726ebb-721a-4177-a12a-1beec88ce573,203BN,,0,0,1601686804779,0,1
plugin_ios_activity_recognition,"[""walking""]",0,2,0,33726ebb-721a-4177-a12a-1beec88ce573,203BN,supplement,0,0,1601686984779,0,1
plugin_ios_activity_recognition,"[""walking""]",0,2,0,33726ebb-721a-4177-a12a-1beec88ce573,203BN,,0,0,1601686984780,0,1
plugin_ios_activity_recognition,,0,2,0,33726ebb-721a-4177-a12a-1beec88ce573,203BN,,0,0,1601687080611,0,0
plugin_ios_activity_recognition,"[""walking""]",0,1,0,33726ebb-721a-4177-a12a-1beec88ce573,203BN,,0,0,1601687093395,0,1
plugin_ios_activity_recognition,"[""walking""]",0,2,0,33726ebb-721a-4177-a12a-1beec88ce573,203BN,,0,0,1601687118967,0,1
plugin_ios_activity_recognition,,0,2,0,33726ebb-721a-4177-a12a-1beec88ce573,203BN,,0,0,1601687152211,0,0
plugin_ios_activity_recognition,"[""walking""]",0,2,0,33726ebb-721a-4177-a12a-1beec88ce573,203BN,supplement,0,0,1601687164779,0,1
plugin_ios_activity_recognition,,0,2,0,33726ebb-721a-4177-a12a-1beec88ce573,203BN,,0,0,1601687164780,0,0
plugin_ios_activity_recognition,"[""automotive""]",1,2,0,33726ebb-721a-4177-a12a-1beec88ce573,203BN,,0,0,1601687190573,0,0
plugin_ios_activity_recognition,"[""automotive""]",1,2,0,33726ebb-721a-4177-a12a-1beec88ce573,203BN,,0,0,1601687200807,0,0
plugin_ios_activity_recognition,"[""automotive""]",1,2,0,33726ebb-721a-4177-a12a-1beec88ce573,203BN,,0,0,1601687208479,0,0
plugin_ios_activity_recognition,"[""automotive""]",1,2,0,33726ebb-721a-4177-a12a-1beec88ce573,203BN,,0,0,1601687211037,0,0
plugin_ios_activity_recognition,"[""automotive""]",1,2,0,33726ebb-721a-4177-a12a-1beec88ce573,203BN,,0,0,1601687223827,0,0
plugin_ios_activity_recognition,"[""automotive""]",1,2,0,33726ebb-721a-4177-a12a-1beec88ce573,203BN,,0,0,1601687254517,0,0
plugin_ios_activity_recognition,"[""automotive""]",1,2,0,33726ebb-721a-4177-a12a-1beec88ce573,203BN,,0,0,1601687272419,0,0
plugin_ios_activity_recognition,"[""automotive""]",1,2,0,33726ebb-721a-4177-a12a-1beec88ce573,203BN,,0,0,1601687274976,0,0
plugin_ios_activity_recognition,"[""automotive""]",1,2,0,33726ebb-721a-4177-a12a-1beec88ce573,203BN,,0,0,1601687277531,0,0
plugin_ios_activity_recognition,"[""stationary"",""automotive""]",1,2,0,33726ebb-721a-4177-a12a-1beec88ce573,203BN,,0,1,1601687288042,0,0
plugin_ios_activity_recognition,"[""automotive""]",1,2,0,33726ebb-721a-4177-a12a-1beec88ce573,203BN,,0,0,1601687293797,0,0
plugin_ios_activity_recognition,"[""automotive""]",1,2,0,33726ebb-721a-4177-a12a-1beec88ce573,203BN,,0,0,1601687313339,0,0
plugin_ios_activity_recognition,"[""automotive""]",1,2,0,33726ebb-721a-4177-a12a-1beec88ce573,203BN,,0,0,1601687336355,0,0
plugin_ios_activity_recognition,"[""automotive""]",1,2,0,33726ebb-721a-4177-a12a-1beec88ce573,203BN,,0,0,1601687338913,0,0
plugin_ios_activity_recognition,"[""automotive""]",1,2,0,33726ebb-721a-4177-a12a-1beec88ce573,203BN,,0,0,1601687344844,0,0
plugin_ios_activity_recognition,"[""automotive""]",1,2,0,33726ebb-721a-4177-a12a-1beec88ce573,203BN,,0,0,1601687392619,0,0
plugin_ios_activity_recognition,"[""automotive""]",1,2,0,33726ebb-721a-4177-a12a-1beec88ce573,203BN,,0,0,1601687415637,0,0
plugin_ios_activity_recognition,"[""automotive""]",1,2,0,33726ebb-721a-4177-a12a-1beec88ce573,203BN,,0,0,1601687464231,0,0
plugin_ios_activity_recognition,"[""automotive""]",1,2,0,33726ebb-721a-4177-a12a-1beec88ce573,203BN,,0,0,1601687469346,0,0
plugin_ios_activity_recognition,"[""automotive""]",1,2,0,33726ebb-721a-4177-a12a-1beec88ce573,203BN,,0,0,1601687524783,0,0
plugin_ios_activity_recognition,"[""automotive""]",1,2,0,33726ebb-721a-4177-a12a-1beec88ce573,203BN,,0,0,1601687528165,0,0
plugin_ios_activity_recognition,"[""automotive""]",1,2,0,33726ebb-721a-4177-a12a-1beec88ce573,203BN,,0,0,1601687533280,0,0
plugin_ios_activity_recognition,"[""automotive""]",1,2,0,33726ebb-721a-4177-a12a-1beec88ce573,203BN,,0,0,1601687592105,0,0
plugin_ios_activity_recognition,"[""automotive""]",1,2,0,33726ebb-721a-4177-a12a-1beec88ce573,203BN,,0,0,1601687594663,0,0
plugin_ios_activity_recognition,"[""automotive""]",1,2,0,33726ebb-721a-4177-a12a-1beec88ce573,203BN,,0,0,1601687656050,0,0
plugin_ios_activity_recognition,"[""automotive""]",1,2,0,33726ebb-721a-4177-a12a-1beec88ce573,203BN,,0,0,1601687658607,0,0
plugin_ios_activity_recognition,"[""automotive""]",1,2,0,33726ebb-721a-4177-a12a-1beec88ce573,203BN,,0,0,1601687679072,0,0
plugin_ios_activity_recognition,"[""automotive""]",1,2,0,33726ebb-721a-4177-a12a-1beec88ce573,203BN,,0,0,1601687694425,0,0
plugin_ios_activity_recognition,"[""automotive""]",1,2,0,33726ebb-721a-4177-a12a-1beec88ce573,203BN,,0,0,1601687704798,0,0
plugin_ios_activity_recognition,"[""automotive""]",1,2,0,33726ebb-721a-4177-a12a-1beec88ce573,203BN,,0,0,1601687720008,0,0
plugin_ios_activity_recognition,"[""automotive""]",1,2,0,33726ebb-721a-4177-a12a-1beec88ce573,203BN,,0,0,1601687722566,0,0
plugin_ios_activity_recognition,"[""automotive""]",1,2,0,33726ebb-721a-4177-a12a-1beec88ce573,203BN,,0,0,1601687753263,0,0
plugin_ios_activity_recognition,"[""automotive""]",1,2,0,33726ebb-721a-4177-a12a-1beec88ce573,203BN,,0,0,1601687760937,0,0
plugin_ios_activity_recognition,"[""automotive""]",1,2,0,33726ebb-721a-4177-a12a-1beec88ce573,203BN,,0,0,1601687783959,0,0
plugin_ios_activity_recognition,"[""automotive""]",1,2,0,33726ebb-721a-4177-a12a-1beec88ce573,203BN,,0,0,1601687786517,0,0
plugin_ios_activity_recognition,"[""automotive""]",1,2,0,33726ebb-721a-4177-a12a-1beec88ce573,203BN,,0,0,1601687791633,0,0
plugin_ios_activity_recognition,"[""automotive""]",1,2,0,33726ebb-721a-4177-a12a-1beec88ce573,203BN,,0,0,1601687796750,0,0
plugin_ios_activity_recognition,"[""automotive""]",1,2,0,33726ebb-721a-4177-a12a-1beec88ce573,203BN,,0,0,1601687806982,0,0
plugin_ios_activity_recognition,"[""automotive""]",1,2,0,33726ebb-721a-4177-a12a-1beec88ce573,203BN,,0,0,1601687817214,0,0
plugin_ios_activity_recognition,"[""automotive""]",1,2,0,33726ebb-721a-4177-a12a-1beec88ce573,203BN,,0,0,1601687847910,0,0
plugin_ios_activity_recognition,"[""automotive""]",1,2,0,33726ebb-721a-4177-a12a-1beec88ce573,203BN,,0,0,1601687870934,0,0
plugin_ios_activity_recognition,"[""automotive""]",1,2,0,33726ebb-721a-4177-a12a-1beec88ce573,203BN,,0,0,1601687884787,0,0
plugin_ios_activity_recognition,"[""automotive""]",1,2,0,33726ebb-721a-4177-a12a-1beec88ce573,203BN,,0,0,1601687911866,0,0
plugin_ios_activity_recognition,"[""automotive""]",1,2,0,33726ebb-721a-4177-a12a-1beec88ce573,203BN,,0,0,1601687916984,0,0
plugin_ios_activity_recognition,"[""automotive""]",1,2,0,33726ebb-721a-4177-a12a-1beec88ce573,203BN,,0,0,1601687975828,0,0
plugin_ios_activity_recognition,"[""automotive""]",1,2,0,33726ebb-721a-4177-a12a-1beec88ce573,203BN,,0,0,1601687978382,0,0
plugin_ios_activity_recognition,"[""automotive""]",1,2,0,33726ebb-721a-4177-a12a-1beec88ce573,203BN,,0,0,1601688003969,0,0
plugin_ios_activity_recognition,"[""automotive""]",1,2,0,33726ebb-721a-4177-a12a-1beec88ce573,203BN,,0,0,1601688011641,0,0
plugin_ios_activity_recognition,"[""automotive""]",1,2,0,33726ebb-721a-4177-a12a-1beec88ce573,203BN,,0,0,1601688039787,0,0
plugin_ios_activity_recognition,"[""automotive""]",1,2,0,33726ebb-721a-4177-a12a-1beec88ce573,203BN,,0,0,1601688042345,0,0
plugin_ios_activity_recognition,"[""automotive""]",1,2,0,33726ebb-721a-4177-a12a-1beec88ce573,203BN,,0,0,1601688060254,0,0
plugin_ios_activity_recognition,"[""automotive""]",1,2,0,33726ebb-721a-4177-a12a-1beec88ce573,203BN,,0,0,1601688064881,0,0
plugin_ios_activity_recognition,"[""stationary"",""automotive""]",1,2,0,33726ebb-721a-4177-a12a-1beec88ce573,203BN,,0,1,1601688108500,0,0
plugin_ios_activity_recognition,"[""automotive""]",1,2,0,33726ebb-721a-4177-a12a-1beec88ce573,203BN,,0,0,1601688122570,0,0
plugin_ios_activity_recognition,,0,2,0,33726ebb-721a-4177-a12a-1beec88ce573,203BN,,0,0,1601688147231,0,0
plugin_ios_activity_recognition,"[""stationary""]",0,2,0,33726ebb-721a-4177-a12a-1beec88ce573,203BN,,0,1,1601688172809,0,0
plugin_ios_activity_recognition,,0,2,0,33726ebb-721a-4177-a12a-1beec88ce573,203BN,,0,0,1601688175969,0,0
plugin_ios_activity_recognition,"[""walking""]",0,1,0,33726ebb-721a-4177-a12a-1beec88ce573,203BN,,0,0,1601688183048,0,1
plugin_ios_activity_recognition,"[""walking""]",0,2,0,33726ebb-721a-4177-a12a-1beec88ce573,203BN,,0,0,1601688188162,0,1
plugin_ios_activity_recognition,,0,2,0,33726ebb-721a-4177-a12a-1beec88ce573,203BN,,0,0,1601688239329,0,0
plugin_ios_activity_recognition,,0,2,0,33726ebb-721a-4177-a12a-1beec88ce573,203BN,,0,0,1601688244786,0,0
plugin_ios_activity_recognition,"[""walking""]",0,1,0,33726ebb-721a-4177-a12a-1beec88ce573,203BN,,0,0,1601688259787,0,1
plugin_ios_activity_recognition,"[""walking""]",0,2,0,33726ebb-721a-4177-a12a-1beec88ce573,203BN,,0,0,1601688270019,0,1
plugin_ios_activity_recognition,"[""stationary""]",0,2,0,33726ebb-721a-4177-a12a-1beec88ce573,203BN,,0,1,1601688334240,0,0
plugin_ios_activity_recognition,"[""stationary""]",0,2,0,33726ebb-721a-4177-a12a-1beec88ce573,203BN,,0,1,1601688424790,0,0
plugin_ios_activity_recognition,"[""stationary""]",0,2,0,33726ebb-721a-4177-a12a-1beec88ce573,203BN,supplement,0,1,1601688604790,0,0
plugin_ios_activity_recognition,"[""stationary""]",0,2,0,33726ebb-721a-4177-a12a-1beec88ce573,203BN,,0,1,1601688604791,0,0
plugin_ios_activity_recognition,"[""stationary""]",0,2,0,33726ebb-721a-4177-a12a-1beec88ce573,203BN,supplement,0,1,1601688784790,0,0
plugin_ios_activity_recognition,"[""stationary""]",0,2,0,33726ebb-721a-4177-a12a-1beec88ce573,203BN,supplement,0,1,1601688784791,0,0
plugin_ios_activity_recognition,"[""stationary""]",0,2,0,33726ebb-721a-4177-a12a-1beec88ce573,203BN,,0,1,1601688784834,0,0
plugin_ios_activity_recognition,,0,2,0,33726ebb-721a-4177-a12a-1beec88ce573,203BN,,0,0,1601688920283,0,0
plugin_ios_activity_recognition,"[""walking""]",0,1,0,33726ebb-721a-4177-a12a-1beec88ce573,203BN,,0,0,1601688931193,0,1
plugin_ios_activity_recognition,"[""walking""]",0,2,0,33726ebb-721a-4177-a12a-1beec88ce573,203BN,,0,0,1601688943289,0,1
plugin_ios_activity_recognition,"[""stationary""]",0,2,0,33726ebb-721a-4177-a12a-1beec88ce573,203BN,supplement,0,1,1601688964791,0,0
plugin_ios_activity_recognition,"[""walking""]",0,2,0,33726ebb-721a-4177-a12a-1beec88ce573,203BN,,0,0,1601688964795,0,1
plugin_ios_activity_recognition,"[""stationary""]",0,2,0,33726ebb-721a-4177-a12a-1beec88ce573,203BN,,0,1,1601688985817,0,0
plugin_ios_activity_recognition,"[""walking""]",0,2,0,33726ebb-721a-4177-a12a-1beec88ce573,203BN,,0,0,1601688986137,0,1
plugin_ios_activity_recognition,"[""stationary""]",0,2,0,33726ebb-721a-4177-a12a-1beec88ce573,203BN,,0,1,1601688996998,0,0
plugin_ios_activity_recognition,"[""walking""]",0,2,0,33726ebb-721a-4177-a12a-1beec88ce573,203BN,,0,0,1601688998907,0,1
plugin_ios_activity_recognition,"[""stationary""]",0,2,0,33726ebb-721a-4177-a12a-1beec88ce573,203BN,,0,1,1601689047824,0,0
plugin_ios_activity_recognition,,0,2,0,33726ebb-721a-4177-a12a-1beec88ce573,203BN,,0,0,1601689066725,0,0
plugin_ios_activity_recognition,"[""walking""]",0,1,0,33726ebb-721a-4177-a12a-1beec88ce573,203BN,,0,0,1601689071847,0,1
plugin_ios_activity_recognition,"[""walking""]",0,2,0,33726ebb-721a-4177-a12a-1beec88ce573,203BN,,0,0,1601689079523,0,1
plugin_ios_activity_recognition,"[""walking""]",0,2,0,33726ebb-721a-4177-a12a-1beec88ce573,203BN,,0,0,1601689144794,0,1
plugin_ios_activity_recognition,,0,2,0,33726ebb-721a-4177-a12a-1beec88ce573,203BN,,0,0,1601689175036,0,0
plugin_ios_activity_recognition,,0,2,0,33726ebb-721a-4177-a12a-1beec88ce573,203BN,,0,0,1601689324796,0,0
plugin_ios_activity_recognition,,0,2,0,33726ebb-721a-4177-a12a-1beec88ce573,203BN,supplement,0,0,1601689504796,0,0
plugin_ios_activity_recognition,,0,2,0,33726ebb-721a-4177-a12a-1beec88ce573,203BN,,0,0,1601689504799,0,0
plugin_ios_activity_recognition,"[""stationary""]",0,2,0,33726ebb-721a-4177-a12a-1beec88ce573,203BN,,0,1,1601689517117,0,0
plugin_ios_activity_recognition,,0,2,0,33726ebb-721a-4177-a12a-1beec88ce573,203BN,,0,0,1601689523183,0,0
plugin_ios_activity_recognition,"[""stationary""]",0,2,0,33726ebb-721a-4177-a12a-1beec88ce573,203BN,,0,1,1601689531482,0,0
plugin_ios_activity_recognition,,0,2,0,33726ebb-721a-4177-a12a-1beec88ce573,203BN,,0,0,1601689532756,0,0
plugin_ios_activity_recognition,"[""stationary""]",0,2,0,33726ebb-721a-4177-a12a-1beec88ce573,203BN,,0,1,1601689557663,0,0
plugin_ios_activity_recognition,,0,2,0,33726ebb-721a-4177-a12a-1beec88ce573,203BN,,0,0,1601689559257,0,0
plugin_ios_activity_recognition,"[""stationary""]",0,2,0,33726ebb-721a-4177-a12a-1beec88ce573,203BN,,0,1,1601689586062,0,0
plugin_ios_activity_recognition,,0,2,0,33726ebb-721a-4177-a12a-1beec88ce573,203BN,,0,0,1601689586377,0,0
plugin_ios_activity_recognition,"[""stationary""]",0,2,0,33726ebb-721a-4177-a12a-1beec88ce573,203BN,,0,1,1601689592747,0,0
plugin_ios_activity_recognition,,0,2,0,33726ebb-721a-4177-a12a-1beec88ce573,203BN,,0,0,1601689598498,0,0
plugin_ios_activity_recognition,"[""stationary""]",0,2,0,33726ebb-721a-4177-a12a-1beec88ce573,203BN,,0,1,1601689616052,0,0
plugin_ios_activity_recognition,,0,2,0,33726ebb-721a-4177-a12a-1beec88ce573,203BN,,0,0,1601689623699,0,0
plugin_ios_activity_recognition,"[""stationary""]",0,2,0,33726ebb-721a-4177-a12a-1beec88ce573,203BN,,0,1,1601689637057,0,0
plugin_ios_activity_recognition,,0,2,0,33726ebb-721a-4177-a12a-1beec88ce573,203BN,,0,0,1601689641198,0,0
plugin_ios_activity_recognition,,0,2,0,33726ebb-721a-4177-a12a-1beec88ce573,203BN,,0,0,1601689684795,0,0
plugin_ios_activity_recognition,,0,2,0,33726ebb-721a-4177-a12a-1beec88ce573,203BN,supplement,0,0,1601689684796,0,0
plugin_ios_activity_recognition,"[""stationary""]",0,2,0,33726ebb-721a-4177-a12a-1beec88ce573,203BN,,0,1,1601689685891,0,0
plugin_ios_activity_recognition,,0,2,0,33726ebb-721a-4177-a12a-1beec88ce573,203BN,,0,0,1601689707019,0,0
plugin_ios_activity_recognition,"[""walking""]",0,1,0,33726ebb-721a-4177-a12a-1beec88ce573,203BN,,0,0,1601689769359,0,1
plugin_ios_activity_recognition,"[""walking""]",0,2,0,33726ebb-721a-4177-a12a-1beec88ce573,203BN,,0,0,1601689777031,0,1
plugin_ios_activity_recognition,"[""walking""]",0,2,0,33726ebb-721a-4177-a12a-1beec88ce573,203BN,,0,0,1601689864799,0,1
plugin_ios_activity_recognition,,0,2,0,33726ebb-721a-4177-a12a-1beec88ce573,203BN,,0,0,1601689866524,0,0
plugin_ios_activity_recognition,,0,2,0,33726ebb-721a-4177-a12a-1beec88ce573,203BN,,0,0,1601690044798,0,0
plugin_ios_activity_recognition,"[""stationary""]",0,2,0,33726ebb-721a-4177-a12a-1beec88ce573,203BN,,0,1,1601690079240,0,0
plugin_ios_activity_recognition,,0,2,0,33726ebb-721a-4177-a12a-1beec88ce573,203BN,,0,0,1601690080197,0,0
plugin_ios_activity_recognition,,0,2,0,33726ebb-721a-4177-a12a-1beec88ce573,203BN,,0,0,1601690224813,0,0
plugin_ios_activity_recognition,"[""walking""]",0,1,0,33726ebb-721a-4177-a12a-1beec88ce573,203BN,,0,0,1601690267781,0,1
plugin_ios_activity_recognition,"[""walking""]",0,2,0,33726ebb-721a-4177-a12a-1beec88ce573,203BN,,0,0,1601690270938,0,1
plugin_ios_activity_recognition,"[""stationary""]",0,2,0,33726ebb-721a-4177-a12a-1beec88ce573,203BN,,0,1,1601690299708,0,0
plugin_ios_activity_recognition,"[""walking""]",0,2,0,33726ebb-721a-4177-a12a-1beec88ce573,203BN,,0,0,1601690300028,0,1
plugin_ios_activity_recognition,,0,2,0,33726ebb-721a-4177-a12a-1beec88ce573,203BN,,0,0,1601690321471,0,0
plugin_ios_activity_recognition,"[""stationary""]",0,2,0,33726ebb-721a-4177-a12a-1beec88ce573,203BN,,0,1,1601690359407,0,0
plugin_ios_activity_recognition,,0,2,0,33726ebb-721a-4177-a12a-1beec88ce573,203BN,,0,0,1601690364871,0,0
plugin_ios_activity_recognition,"[""stationary""]",0,2,0,33726ebb-721a-4177-a12a-1beec88ce573,203BN,,0,1,1601690381436,0,0
plugin_ios_activity_recognition,,0,2,0,33726ebb-721a-4177-a12a-1beec88ce573,203BN,,0,0,1601690382071,0,0
plugin_ios_activity_recognition,"[""stationary""]",0,2,0,33726ebb-721a-4177-a12a-1beec88ce573,203BN,,0,1,1601690387849,0,0
plugin_ios_activity_recognition,,0,2,0,33726ebb-721a-4177-a12a-1beec88ce573,203BN,,0,0,1601690391635,0,0
plugin_ios_activity_recognition,,0,2,0,33726ebb-721a-4177-a12a-1beec88ce573,203BN,,0,0,1601690404800,0,0
plugin_ios_activity_recognition,"[""stationary""]",0,2,0,33726ebb-721a-4177-a12a-1beec88ce573,203BN,,0,1,1601690423923,0,0
plugin_ios_activity_recognition,,0,2,0,33726ebb-721a-4177-a12a-1beec88ce573,203BN,,0,0,1601690433506,0,0
plugin_ios_activity_recognition,"[""stationary""]",0,2,0,33726ebb-721a-4177-a12a-1beec88ce573,203BN,,0,1,1601690491061,0,0
plugin_ios_activity_recognition,,0,2,0,33726ebb-721a-4177-a12a-1beec88ce573,203BN,,0,0,1601690498401,0,0
plugin_ios_activity_recognition,"[""walking""]",0,1,0,33726ebb-721a-4177-a12a-1beec88ce573,203BN,,0,0,1601690533577,0,1
plugin_ios_activity_recognition,"[""walking""]",0,2,0,33726ebb-721a-4177-a12a-1beec88ce573,203BN,,0,0,1601690536135,0,1
plugin_ios_activity_recognition,"[""walking""]",0,2,0,33726ebb-721a-4177-a12a-1beec88ce573,203BN,,0,0,1601690584802,0,1
plugin_ios_activity_recognition,,0,2,0,33726ebb-721a-4177-a12a-1beec88ce573,203BN,,0,0,1601690587312,0,0
plugin_ios_activity_recognition,"[""stationary""]",0,2,0,33726ebb-721a-4177-a12a-1beec88ce573,203BN,,0,1,1601690601651,0,0
plugin_ios_activity_recognition,,0,2,0,33726ebb-721a-4177-a12a-1beec88ce573,203BN,,0,0,1601690610926,0,0
plugin_ios_activity_recognition,"[""stationary""]",0,2,0,33726ebb-721a-4177-a12a-1beec88ce573,203BN,,0,1,1601690615718,0,0
plugin_ios_activity_recognition,,0,2,0,33726ebb-721a-4177-a12a-1beec88ce573,203BN,,0,0,1601690616353,0,0
plugin_ios_activity_recognition,"[""stationary""]",0,2,0,33726ebb-721a-4177-a12a-1beec88ce573,203BN,,0,1,1601690635861,0,0
plugin_ios_activity_recognition,,0,2,0,33726ebb-721a-4177-a12a-1beec88ce573,203BN,,0,0,1601690639976,0,0
plugin_ios_activity_recognition,"[""stationary""]",0,2,0,33726ebb-721a-4177-a12a-1beec88ce573,203BN,,0,1,1601690646083,0,0
plugin_ios_activity_recognition,,0,2,0,33726ebb-721a-4177-a12a-1beec88ce573,203BN,,0,0,1601690677355,0,0
plugin_ios_activity_recognition,"[""stationary""]",0,2,0,33726ebb-721a-4177-a12a-1beec88ce573,203BN,,0,1,1601690733302,0,0
plugin_ios_activity_recognition,"[""stationary""]",0,2,0,33726ebb-721a-4177-a12a-1beec88ce573,203BN,,0,1,1601690764801,0,0
plugin_ios_activity_recognition,,0,2,0,33726ebb-721a-4177-a12a-1beec88ce573,203BN,,0,0,1601690786522,0,0
plugin_ios_activity_recognition,"[""stationary""]",0,2,0,33726ebb-721a-4177-a12a-1beec88ce573,203BN,,0,1,1601690799630,0,0
plugin_ios_activity_recognition,,0,2,0,33726ebb-721a-4177-a12a-1beec88ce573,203BN,,0,0,1601690800872,0,0
plugin_ios_activity_recognition,"[""stationary""]",0,2,0,33726ebb-721a-4177-a12a-1beec88ce573,203BN,,0,1,1601690819399,0,0
plugin_ios_activity_recognition,,0,2,0,33726ebb-721a-4177-a12a-1beec88ce573,203BN,,0,0,1601690824510,0,0
plugin_ios_activity_recognition,"[""stationary""]",0,2,0,33726ebb-721a-4177-a12a-1beec88ce573,203BN,,0,1,1601690840511,0,0
plugin_ios_activity_recognition,,0,2,0,33726ebb-721a-4177-a12a-1beec88ce573,203BN,,0,0,1601690842712,0,0
plugin_ios_activity_recognition,"[""stationary""]",0,2,0,33726ebb-721a-4177-a12a-1beec88ce573,203BN,,0,1,1601690849765,0,0
plugin_ios_activity_recognition,,0,2,0,33726ebb-721a-4177-a12a-1beec88ce573,203BN,,0,0,1601690857144,0,0
plugin_ios_activity_recognition,"[""stationary""]",0,2,0,33726ebb-721a-4177-a12a-1beec88ce573,203BN,,0,1,1601690868310,0,0
plugin_ios_activity_recognition,,0,2,0,33726ebb-721a-4177-a12a-1beec88ce573,203BN,,0,0,1601690878217,0,0
plugin_ios_activity_recognition,"[""stationary""]",0,2,0,33726ebb-721a-4177-a12a-1beec88ce573,203BN,,0,1,1601690887160,0,0
plugin_ios_activity_recognition,,0,2,0,33726ebb-721a-4177-a12a-1beec88ce573,203BN,,0,0,1601690896783,0,0
plugin_ios_activity_recognition,"[""stationary""]",0,2,0,33726ebb-721a-4177-a12a-1beec88ce573,203BN,,0,1,1601690901537,0,0
plugin_ios_activity_recognition,,0,2,0,33726ebb-721a-4177-a12a-1beec88ce573,203BN,,0,0,1601690906331,0,0
plugin_ios_activity_recognition,"[""stationary""]",0,2,0,33726ebb-721a-4177-a12a-1beec88ce573,203BN,,0,1,1601690922954,0,0
plugin_ios_activity_recognition,"[""stationary""]",0,2,0,33726ebb-721a-4177-a12a-1beec88ce573,203BN,,0,1,1601690944896,0,0
plugin_ios_activity_recognition,,0,2,0,33726ebb-721a-4177-a12a-1beec88ce573,203BN,,0,0,1601690975536,0,0
plugin_ios_activity_recognition,"[""stationary""]",0,2,0,33726ebb-721a-4177-a12a-1beec88ce573,203BN,,0,1,1601691033680,0,0
plugin_ios_activity_recognition,,0,2,0,33726ebb-721a-4177-a12a-1beec88ce573,203BN,,0,0,1601691047427,0,0
plugin_ios_activity_recognition,"[""stationary""]",0,2,0,33726ebb-721a-4177-a12a-1beec88ce573,203BN,,0,1,1601691079048,0,0
plugin_ios_activity_recognition,,0,2,0,33726ebb-721a-4177-a12a-1beec88ce573,203BN,,0,0,1601691081916,0,0
plugin_ios_activity_recognition,,0,2,0,33726ebb-721a-4177-a12a-1beec88ce573,203BN,,0,0,1601691124812,0,0
plugin_ios_activity_recognition,"[""stationary""]",0,2,0,33726ebb-721a-4177-a12a-1beec88ce573,203BN,,0,1,1601691137447,0,0
plugin_ios_activity_recognition,,0,2,0,33726ebb-721a-4177-a12a-1beec88ce573,203BN,,0,0,1601691139041,0,0
plugin_ios_activity_recognition,"[""stationary""]",0,2,0,33726ebb-721a-4177-a12a-1beec88ce573,203BN,,0,1,1601691171325,0,0
plugin_ios_activity_recognition,,0,2,0,33726ebb-721a-4177-a12a-1beec88ce573,203BN,,0,0,1601691173239,0,0
plugin_ios_activity_recognition,"[""stationary""]",0,2,0,33726ebb-721a-4177-a12a-1beec88ce573,203BN,,0,1,1601691181839,0,0
plugin_ios_activity_recognition,,0,2,0,33726ebb-721a-4177-a12a-1beec88ce573,203BN,,0,0,1601691182473,0,0
plugin_ios_activity_recognition,,0,2,0,33726ebb-721a-4177-a12a-1beec88ce573,203BN,,0,0,1601691304808,0,0
plugin_ios_activity_recognition,"[""walking""]",0,1,0,33726ebb-721a-4177-a12a-1beec88ce573,203BN,,0,0,1601691380144,0,1
plugin_ios_activity_recognition,"[""walking""]",0,2,0,33726ebb-721a-4177-a12a-1beec88ce573,203BN,,0,0,1601691385256,0,1
plugin_ios_activity_recognition,,0,2,0,33726ebb-721a-4177-a12a-1beec88ce573,203BN,,0,0,1601691436428,0,0
plugin_ios_activity_recognition,,0,2,0,33726ebb-721a-4177-a12a-1beec88ce573,203BN,,0,0,1601691484812,0,0
plugin_ios_activity_recognition,"[""stationary""]",0,2,0,33726ebb-721a-4177-a12a-1beec88ce573,203BN,,0,1,1601691537042,0,0
plugin_ios_activity_recognition,,0,2,0,33726ebb-721a-4177-a12a-1beec88ce573,203BN,,0,0,1601691541232,0,0
plugin_ios_activity_recognition,"[""stationary""]",0,2,0,33726ebb-721a-4177-a12a-1beec88ce573,203BN,,0,1,1601691551732,0,0
plugin_ios_activity_recognition,,0,2,0,33726ebb-721a-4177-a12a-1beec88ce573,203BN,,0,0,1601691554004,0,0
plugin_ios_activity_recognition,"[""stationary""]",0,2,0,33726ebb-721a-4177-a12a-1beec88ce573,203BN,,0,1,1601691632908,0,0
plugin_ios_activity_recognition,,0,2,0,33726ebb-721a-4177-a12a-1beec88ce573,203BN,,0,0,1601691633547,0,0
plugin_ios_activity_recognition,,0,2,0,33726ebb-721a-4177-a12a-1beec88ce573,203BN,,0,0,1601691664902,0,0
plugin_ios_activity_recognition,"[""stationary""]",0,2,0,33726ebb-721a-4177-a12a-1beec88ce573,203BN,,0,1,1601691707083,0,0
plugin_ios_activity_recognition,,0,2,0,33726ebb-721a-4177-a12a-1beec88ce573,203BN,,0,0,1601691709311,0,0
plugin_ios_activity_recognition,"[""stationary""]",0,2,0,33726ebb-721a-4177-a12a-1beec88ce573,203BN,,0,1,1601691731033,0,0
plugin_ios_activity_recognition,,0,2,0,33726ebb-721a-4177-a12a-1beec88ce573,203BN,,0,0,1601691733906,0,0
plugin_ios_activity_recognition,"[""stationary""]",0,2,0,33726ebb-721a-4177-a12a-1beec88ce573,203BN,,0,1,1601691740640,0,0
plugin_ios_activity_recognition,,0,2,0,33726ebb-721a-4177-a12a-1beec88ce573,203BN,,0,0,1601691757541,0,0
plugin_ios_activity_recognition,"[""stationary""]",0,2,0,33726ebb-721a-4177-a12a-1beec88ce573,203BN,,0,1,1601691769038,0,0
plugin_ios_activity_recognition,,0,2,0,33726ebb-721a-4177-a12a-1beec88ce573,203BN,,0,0,1601691772861,0,0
plugin_ios_activity_recognition,"[""stationary""]",0,2,0,33726ebb-721a-4177-a12a-1beec88ce573,203BN,,0,1,1601691779257,0,0
plugin_ios_activity_recognition,,0,2,0,33726ebb-721a-4177-a12a-1beec88ce573,203BN,,0,0,1601691784092,0,0
plugin_ios_activity_recognition,"[""stationary""]",0,2,0,33726ebb-721a-4177-a12a-1beec88ce573,203BN,,0,1,1601691811520,0,0
plugin_ios_activity_recognition,,0,2,0,33726ebb-721a-4177-a12a-1beec88ce573,203BN,,0,0,1601691817601,0,0
plugin_ios_activity_recognition,"[""stationary""]",0,2,0,33726ebb-721a-4177-a12a-1beec88ce573,203BN,,0,1,1601691825886,0,0
plugin_ios_activity_recognition,"[""stationary""]",0,2,0,33726ebb-721a-4177-a12a-1beec88ce573,203BN,,0,1,1601691844812,0,0
plugin_ios_activity_recognition,,0,2,0,33726ebb-721a-4177-a12a-1beec88ce573,203BN,,0,0,1601691847956,0,0
plugin_ios_activity_recognition,"[""stationary""]",0,2,0,33726ebb-721a-4177-a12a-1beec88ce573,203BN,,0,1,1601691860365,0,0
plugin_ios_activity_recognition,,0,2,0,33726ebb-721a-4177-a12a-1beec88ce573,203BN,,0,0,1601691888506,0,0
plugin_ios_activity_recognition,"[""stationary""]",0,2,0,33726ebb-721a-4177-a12a-1beec88ce573,203BN,,0,1,1601691892659,0,0
plugin_ios_activity_recognition,,0,2,0,33726ebb-721a-4177-a12a-1beec88ce573,203BN,,0,0,1601691901931,0,0
plugin_ios_activity_recognition,"[""stationary""]",0,2,0,33726ebb-721a-4177-a12a-1beec88ce573,203BN,,0,1,1601691908002,0,0
plugin_ios_activity_recognition,,0,2,0,33726ebb-721a-4177-a12a-1beec88ce573,203BN,,0,0,1601691910876,0,0
plugin_ios_activity_recognition,"[""stationary""]",0,2,0,33726ebb-721a-4177-a12a-1beec88ce573,203BN,,0,1,1601691917576,0,0
plugin_ios_activity_recognition,,0,2,0,33726ebb-721a-4177-a12a-1beec88ce573,203BN,,0,0,1601691926832,0,0
plugin_ios_activity_recognition,"[""stationary""]",0,2,0,33726ebb-721a-4177-a12a-1beec88ce573,203BN,,0,1,1601691944085,0,0
plugin_ios_activity_recognition,,0,2,0,33726ebb-721a-4177-a12a-1beec88ce573,203BN,,0,0,1601692021061,0,0
plugin_ios_activity_recognition,,0,2,0,33726ebb-721a-4177-a12a-1beec88ce573,203BN,,0,0,1601692024807,0,0
plugin_ios_activity_recognition,"[""stationary""]",0,2,0,33726ebb-721a-4177-a12a-1beec88ce573,203BN,,0,1,1601692029046,0,0
plugin_ios_activity_recognition,,0,2,0,33726ebb-721a-4177-a12a-1beec88ce573,203BN,,0,0,1601692029404,0,0
plugin_ios_activity_recognition,"[""stationary""]",0,2,0,33726ebb-721a-4177-a12a-1beec88ce573,203BN,,0,1,1601692036072,0,0
plugin_ios_activity_recognition,,0,2,0,33726ebb-721a-4177-a12a-1beec88ce573,203BN,,0,0,1601692042453,0,0
plugin_ios_activity_recognition,"[""stationary""]",0,2,0,33726ebb-721a-4177-a12a-1beec88ce573,203BN,,0,1,1601692054947,0,0
plugin_ios_activity_recognition,,0,2,0,33726ebb-721a-4177-a12a-1beec88ce573,203BN,,0,0,1601692057787,0,0
plugin_ios_activity_recognition,"[""stationary""]",0,2,0,33726ebb-721a-4177-a12a-1beec88ce573,203BN,,0,1,1601692120759,0,0
plugin_ios_activity_recognition,,0,2,0,33726ebb-721a-4177-a12a-1beec88ce573,203BN,,0,0,1601692134851,0,0
plugin_ios_activity_recognition,"[""stationary""]",0,2,0,33726ebb-721a-4177-a12a-1beec88ce573,203BN,,0,1,1601692138382,0,0
plugin_ios_activity_recognition,,0,2,0,33726ebb-721a-4177-a12a-1beec88ce573,203BN,,0,0,1601692147334,0,0
plugin_ios_activity_recognition,"[""stationary""]",0,2,0,33726ebb-721a-4177-a12a-1beec88ce573,203BN,,0,1,1601692151486,0,0
plugin_ios_activity_recognition,,0,2,0,33726ebb-721a-4177-a12a-1beec88ce573,203BN,,0,0,1601692153720,0,0
plugin_ios_activity_recognition,"[""stationary""]",0,2,0,33726ebb-721a-4177-a12a-1beec88ce573,203BN,,0,1,1601692159828,0,0
plugin_ios_activity_recognition,,0,2,0,33726ebb-721a-4177-a12a-1beec88ce573,203BN,,0,0,1601692168730,0,0
plugin_ios_activity_recognition,"[""stationary""]",0,2,0,33726ebb-721a-4177-a12a-1beec88ce573,203BN,,0,1,1601692190112,0,0
plugin_ios_activity_recognition,,0,2,0,33726ebb-721a-4177-a12a-1beec88ce573,203BN,,0,0,1601692194244,0,0
plugin_ios_activity_recognition,,0,2,0,33726ebb-721a-4177-a12a-1beec88ce573,203BN,,0,0,1601692204812,0,0
plugin_ios_activity_recognition,"[""stationary""]",0,2,0,33726ebb-721a-4177-a12a-1beec88ce573,203BN,,0,1,1601692211478,0,0
plugin_ios_activity_recognition,,0,2,0,33726ebb-721a-4177-a12a-1beec88ce573,203BN,,0,0,1601692224275,0,0
plugin_ios_activity_recognition,"[""stationary""]",0,2,0,33726ebb-721a-4177-a12a-1beec88ce573,203BN,,0,1,1601692233524,0,0
plugin_ios_activity_recognition,,0,2,0,33726ebb-721a-4177-a12a-1beec88ce573,203BN,,0,0,1601692234793,0,0
plugin_ios_activity_recognition,"[""stationary""]",0,2,0,33726ebb-721a-4177-a12a-1beec88ce573,203BN,,0,1,1601692242143,0,0
plugin_ios_activity_recognition,,0,2,0,33726ebb-721a-4177-a12a-1beec88ce573,203BN,,0,0,1601692243738,0,0
plugin_ios_activity_recognition,"[""stationary""]",0,2,0,33726ebb-721a-4177-a12a-1beec88ce573,203BN,,0,1,1601692254293,0,0
plugin_ios_activity_recognition,,0,2,0,33726ebb-721a-4177-a12a-1beec88ce573,203BN,,0,0,1601692256489,0,0
plugin_ios_activity_recognition,"[""stationary""]",0,2,0,33726ebb-721a-4177-a12a-1beec88ce573,203BN,,0,1,1601692260951,0,0
plugin_ios_activity_recognition,,0,2,0,33726ebb-721a-4177-a12a-1beec88ce573,203BN,,0,0,1601692263824,0,0
plugin_ios_activity_recognition,"[""stationary""]",0,2,0,33726ebb-721a-4177-a12a-1beec88ce573,203BN,,0,1,1601692273078,0,0
plugin_ios_activity_recognition,,0,2,0,33726ebb-721a-4177-a12a-1beec88ce573,203BN,,0,0,1601692276271,0,0
plugin_ios_activity_recognition,"[""stationary""]",0,2,0,33726ebb-721a-4177-a12a-1beec88ce573,203BN,,0,1,1601692310134,0,0
plugin_ios_activity_recognition,,0,2,0,33726ebb-721a-4177-a12a-1beec88ce573,203BN,,0,0,1601692322890,0,0
plugin_ios_activity_recognition,"[""stationary""]",0,2,0,33726ebb-721a-4177-a12a-1beec88ce573,203BN,,0,1,1601692330905,0,0
plugin_ios_activity_recognition,,0,2,0,33726ebb-721a-4177-a12a-1beec88ce573,203BN,,0,0,1601692339492,0,0
plugin_ios_activity_recognition,"[""stationary""]",0,2,0,33726ebb-721a-4177-a12a-1beec88ce573,203BN,,0,1,1601692351356,0,0
plugin_ios_activity_recognition,,0,2,0,33726ebb-721a-4177-a12a-1beec88ce573,203BN,,0,0,1601692367652,0,0
plugin_ios_activity_recognition,"[""walking""]",0,1,0,33726ebb-721a-4177-a12a-1beec88ce573,203BN,,0,0,1601692372128,0,1
plugin_ios_activity_recognition,"[""stationary""]",0,2,0,33726ebb-721a-4177-a12a-1beec88ce573,203BN,,0,1,1601692375636,0,0
plugin_ios_activity_recognition,"[""walking""]",0,2,0,33726ebb-721a-4177-a12a-1beec88ce573,203BN,,0,0,1601692378834,0,1
plugin_ios_activity_recognition,"[""walking""]",0,2,0,33726ebb-721a-4177-a12a-1beec88ce573,203BN,,0,0,1601692384890,0,1
plugin_ios_activity_recognition,"[""stationary""]",0,2,0,33726ebb-721a-4177-a12a-1beec88ce573,203BN,,0,1,1601692395118,0,0
plugin_ios_activity_recognition,"[""walking""]",0,2,0,33726ebb-721a-4177-a12a-1beec88ce573,203BN,,0,0,1601692395753,0,1
plugin_ios_activity_recognition,"[""stationary""]",0,2,0,33726ebb-721a-4177-a12a-1beec88ce573,203BN,,0,1,1601692409454,0,0
plugin_ios_activity_recognition,"[""walking""]",0,2,0,33726ebb-721a-4177-a12a-1beec88ce573,203BN,,0,0,1601692414230,0,1
plugin_ios_activity_recognition,,0,2,0,33726ebb-721a-4177-a12a-1beec88ce573,203BN,,0,0,1601692425456,0,0
plugin_ios_activity_recognition,"[""walking""]",0,1,0,33726ebb-721a-4177-a12a-1beec88ce573,203BN,,0,0,1601692438251,0,1
plugin_ios_activity_recognition,"[""walking""]",0,2,0,33726ebb-721a-4177-a12a-1beec88ce573,203BN,,0,0,1601692451042,0,1
plugin_ios_activity_recognition,,0,2,0,33726ebb-721a-4177-a12a-1beec88ce573,203BN,,0,0,1601692502187,0,0
plugin_ios_activity_recognition,,0,2,0,33726ebb-721a-4177-a12a-1beec88ce573,203BN,,0,0,1601692564823,0,0
plugin_ios_activity_recognition,"[""walking""]",0,1,0,33726ebb-721a-4177-a12a-1beec88ce573,203BN,,0,0,1601692566104,0,1
plugin_ios_activity_recognition,"[""walking""]",0,2,0,33726ebb-721a-4177-a12a-1beec88ce573,203BN,,0,0,1601692573759,0,1
plugin_ios_activity_recognition,,0,2,0,33726ebb-721a-4177-a12a-1beec88ce573,203BN,,0,0,1601692624891,0,0
plugin_ios_activity_recognition,"[""stationary""]",0,2,0,33726ebb-721a-4177-a12a-1beec88ce573,203BN,,0,1,1601692672156,0,0
plugin_ios_activity_recognition,,0,2,0,33726ebb-721a-4177-a12a-1beec88ce573,203BN,,0,0,1601692673115,0,0
plugin_ios_activity_recognition,"[""stationary""]",0,2,0,33726ebb-721a-4177-a12a-1beec88ce573,203BN,,0,1,1601692680460,0,0
plugin_ios_activity_recognition,,0,2,0,33726ebb-721a-4177-a12a-1beec88ce573,203BN,,0,0,1601692681138,0,0
plugin_ios_activity_recognition,"[""stationary""]",0,2,0,33726ebb-721a-4177-a12a-1beec88ce573,203BN,,0,1,1601692685567,0,0
plugin_ios_activity_recognition,,0,2,0,33726ebb-721a-4177-a12a-1beec88ce573,203BN,,0,0,1601692686846,0,0
plugin_ios_activity_recognition,"[""stationary""]",0,2,0,33726ebb-721a-4177-a12a-1beec88ce573,203BN,,0,1,1601692690988,0,0
plugin_ios_activity_recognition,,0,2,0,33726ebb-721a-4177-a12a-1beec88ce573,203BN,,0,0,1601692696447,0,0
plugin_ios_activity_recognition,"[""walking""]",0,1,0,33726ebb-721a-4177-a12a-1beec88ce573,203BN,,0,0,1601692709240,0,1
plugin_ios_activity_recognition,"[""walking""]",0,2,0,33726ebb-721a-4177-a12a-1beec88ce573,203BN,,0,0,1601692718143,0,1
plugin_ios_activity_recognition,"[""stationary""]",0,2,0,33726ebb-721a-4177-a12a-1beec88ce573,203BN,,0,1,1601692721646,0,0
plugin_ios_activity_recognition,"[""walking""]",0,2,0,33726ebb-721a-4177-a12a-1beec88ce573,203BN,,0,0,1601692722600,0,1
plugin_ios_activity_recognition,"[""walking""]",0,2,0,33726ebb-721a-4177-a12a-1beec88ce573,203BN,,0,0,1601692744812,0,1
plugin_ios_activity_recognition,"[""stationary""]",0,2,0,33726ebb-721a-4177-a12a-1beec88ce573,203BN,,0,1,1601692846919,0,0
plugin_ios_activity_recognition,,0,2,0,33726ebb-721a-4177-a12a-1beec88ce573,203BN,,0,0,1601692851710,0,0
plugin_ios_activity_recognition,"[""stationary""]",0,2,0,33726ebb-721a-4177-a12a-1beec88ce573,203BN,,0,1,1601692863837,0,0
plugin_ios_activity_recognition,,0,2,0,33726ebb-721a-4177-a12a-1beec88ce573,203BN,,0,0,1601692866070,0,0
plugin_ios_activity_recognition,"[""stationary""]",0,2,0,33726ebb-721a-4177-a12a-1beec88ce573,203BN,,0,1,1601692885231,0,0
plugin_ios_activity_recognition,,0,2,0,33726ebb-721a-4177-a12a-1beec88ce573,203BN,,0,0,1601692889703,0,0
plugin_ios_activity_recognition,"[""stationary""]",0,2,0,33726ebb-721a-4177-a12a-1beec88ce573,203BN,,0,1,1601692900570,0,0
plugin_ios_activity_recognition,,0,2,0,33726ebb-721a-4177-a12a-1beec88ce573,203BN,,0,0,1601692903481,0,0
plugin_ios_activity_recognition,"[""stationary""]",0,2,0,33726ebb-721a-4177-a12a-1beec88ce573,203BN,,0,1,1601692906951,0,0
plugin_ios_activity_recognition,,0,2,0,33726ebb-721a-4177-a12a-1beec88ce573,203BN,,0,0,1601692908230,0,0
plugin_ios_activity_recognition,"[""stationary""]",0,2,0,33726ebb-721a-4177-a12a-1beec88ce573,203BN,,0,1,1601692912701,0,0
plugin_ios_activity_recognition,,0,2,0,33726ebb-721a-4177-a12a-1beec88ce573,203BN,,0,0,1601692917483,0,0
plugin_ios_activity_recognition,"[""stationary""]",0,2,0,33726ebb-721a-4177-a12a-1beec88ce573,203BN,,0,1,1601692923900,0,0
plugin_ios_activity_recognition,"[""stationary""]",0,2,0,33726ebb-721a-4177-a12a-1beec88ce573,203BN,,0,1,1601692924815,0,0
plugin_ios_activity_recognition,,0,2,0,33726ebb-721a-4177-a12a-1beec88ce573,203BN,,0,0,1601692927056,0,0
plugin_ios_activity_recognition,"[""stationary""]",0,2,0,33726ebb-721a-4177-a12a-1beec88ce573,203BN,,0,1,1601692940466,0,0
plugin_ios_activity_recognition,,0,2,0,33726ebb-721a-4177-a12a-1beec88ce573,203BN,,0,0,1601692942694,0,0
plugin_ios_activity_recognition,"[""stationary""]",0,2,0,33726ebb-721a-4177-a12a-1beec88ce573,203BN,,0,1,1601692952922,0,0
plugin_ios_activity_recognition,,0,2,0,33726ebb-721a-4177-a12a-1beec88ce573,203BN,,0,0,1601693039231,0,0
plugin_ios_activity_recognition,"[""stationary""]",0,2,0,33726ebb-721a-4177-a12a-1beec88ce573,203BN,,0,1,1601693042706,0,0
plugin_ios_activity_recognition,,0,2,0,33726ebb-721a-4177-a12a-1beec88ce573,203BN,,0,0,1601693080516,0,0
plugin_ios_activity_recognition,"[""stationary""]",0,2,0,33726ebb-721a-4177-a12a-1beec88ce573,203BN,,0,1,1601693085627,0,0
plugin_ios_activity_recognition,"[""stationary""]",0,2,0,33726ebb-721a-4177-a12a-1beec88ce573,203BN,,0,1,1601693104905,0,0
plugin_ios_activity_recognition,,0,2,0,33726ebb-721a-4177-a12a-1beec88ce573,203BN,,0,0,1601693272207,0,0
plugin_ios_activity_recognition,,0,2,0,33726ebb-721a-4177-a12a-1beec88ce573,203BN,,0,0,1601693284815,0,0
plugin_ios_activity_recognition,"[""stationary""]",0,2,0,33726ebb-721a-4177-a12a-1beec88ce573,203BN,,0,1,1601693285324,0,0
plugin_ios_activity_recognition,,0,2,0,33726ebb-721a-4177-a12a-1beec88ce573,203BN,,0,0,1601693287521,0,0
plugin_ios_activity_recognition,"[""stationary""]",0,2,0,33726ebb-721a-4177-a12a-1beec88ce573,203BN,,0,1,1601693291672,0,0
plugin_ios_activity_recognition,,0,2,0,33726ebb-721a-4177-a12a-1beec88ce573,203BN,,0,0,1601693334950,0,0
plugin_ios_activity_recognition,"[""stationary""]",0,2,0,33726ebb-721a-4177-a12a-1beec88ce573,203BN,,0,1,1601693343899,0,0
plugin_ios_activity_recognition,"[""stationary""]",0,2,0,33726ebb-721a-4177-a12a-1beec88ce573,203BN,,0,1,1601693464816,0,0
plugin_ios_activity_recognition,,0,2,0,33726ebb-721a-4177-a12a-1beec88ce573,203BN,,0,0,1601693578286,0,0
plugin_ios_activity_recognition,"[""stationary""]",0,2,0,33726ebb-721a-4177-a12a-1beec88ce573,203BN,,0,1,1601693583712,0,0
plugin_ios_activity_recognition,"[""stationary""]",0,2,0,33726ebb-721a-4177-a12a-1beec88ce573,203BN,,0,1,1601693644819,0,0
plugin_ios_activity_recognition,,0,2,0,33726ebb-721a-4177-a12a-1beec88ce573,203BN,,0,0,1601693660643,0,0
plugin_ios_activity_recognition,"[""stationary""]",0,2,0,33726ebb-721a-4177-a12a-1beec88ce573,203BN,,0,1,1601693667008,0,0
plugin_ios_activity_recognition,,0,2,0,33726ebb-721a-4177-a12a-1beec88ce573,203BN,,0,0,1601693708993,0,0
plugin_ios_activity_recognition,"[""stationary""]",0,2,0,33726ebb-721a-4177-a12a-1beec88ce573,203BN,,0,1,1601693714413,0,0
plugin_ios_activity_recognition,"[""stationary""]",0,2,0,33726ebb-721a-4177-a12a-1beec88ce573,203BN,,0,1,1601693824898,0,0
plugin_ios_activity_recognition,,0,2,0,33726ebb-721a-4177-a12a-1beec88ce573,203BN,,0,0,1601693970321,0,0
plugin_ios_activity_recognition,"[""stationary""]",0,2,0,33726ebb-721a-4177-a12a-1beec88ce573,203BN,,0,1,1601693981173,0,0
plugin_ios_activity_recognition,,0,2,0,33726ebb-721a-4177-a12a-1beec88ce573,203BN,,0,0,1601693984366,0,0
plugin_ios_activity_recognition,"[""stationary""]",0,2,0,33726ebb-721a-4177-a12a-1beec88ce573,203BN,,0,1,1601693991076,0,0
plugin_ios_activity_recognition,"[""stationary""]",0,2,0,33726ebb-721a-4177-a12a-1beec88ce573,203BN,,0,1,1601694004820,0,0
plugin_ios_activity_recognition,,0,2,0,33726ebb-721a-4177-a12a-1beec88ce573,203BN,,0,0,1601694111044,0,0
plugin_ios_activity_recognition,"[""stationary""]",0,2,0,33726ebb-721a-4177-a12a-1beec88ce573,203BN,,0,1,1601694118708,0,0
plugin_ios_activity_recognition,,0,2,0,33726ebb-721a-4177-a12a-1beec88ce573,203BN,,0,0,1601694148476,0,0
plugin_ios_activity_recognition,"[""walking""]",0,1,0,33726ebb-721a-4177-a12a-1beec88ce573,203BN,,0,0,1601694152035,0,1
plugin_ios_activity_recognition,"[""walking""]",0,2,0,33726ebb-721a-4177-a12a-1beec88ce573,203BN,,0,0,1601694172502,0,1
plugin_ios_activity_recognition,"[""walking""]",0,2,0,33726ebb-721a-4177-a12a-1beec88ce573,203BN,,0,0,1601694184816,0,1
plugin_ios_activity_recognition,"[""stationary""]",0,2,0,33726ebb-721a-4177-a12a-1beec88ce573,203BN,,0,1,1601694195799,0,0
plugin_ios_activity_recognition,"[""walking""]",0,2,0,33726ebb-721a-4177-a12a-1beec88ce573,203BN,,0,0,1601694236673,0,1
plugin_ios_activity_recognition,,0,2,0,33726ebb-721a-4177-a12a-1beec88ce573,203BN,,0,0,1601694244074,0,0
plugin_ios_activity_recognition,"[""stationary""]",0,2,0,33726ebb-721a-4177-a12a-1beec88ce573,203BN,,0,1,1601694281121,0,0
plugin_ios_activity_recognition,"[""stationary""]",0,2,0,33726ebb-721a-4177-a12a-1beec88ce573,203BN,,0,1,1601694364821,0,0
plugin_ios_activity_recognition,,0,2,0,33726ebb-721a-4177-a12a-1beec88ce573,203BN,,0,0,1601694393232,0,0
plugin_ios_activity_recognition,"[""walking""]",0,1,0,33726ebb-721a-4177-a12a-1beec88ce573,203BN,,0,0,1601694397744,0,1
plugin_ios_activity_recognition,"[""walking""]",0,2,0,33726ebb-721a-4177-a12a-1beec88ce573,203BN,,0,0,1601694400299,0,1
plugin_ios_activity_recognition,,0,2,0,33726ebb-721a-4177-a12a-1beec88ce573,203BN,,0,0,1601694425872,0,0
plugin_ios_activity_recognition,"[""stationary""]",0,2,0,33726ebb-721a-4177-a12a-1beec88ce573,203BN,,0,1,1601694454282,0,0
plugin_ios_activity_recognition,,0,2,0,33726ebb-721a-4177-a12a-1beec88ce573,203BN,,0,0,1601694482764,0,0
plugin_ios_activity_recognition,"[""stationary""]",0,2,0,33726ebb-721a-4177-a12a-1beec88ce573,203BN,,0,1,1601694490744,0,0
plugin_ios_activity_recognition,,0,2,0,33726ebb-721a-4177-a12a-1beec88ce573,203BN,,0,0,1601694495856,0,0
plugin_ios_activity_recognition,,0,2,0,33726ebb-721a-4177-a12a-1beec88ce573,203BN,,0,0,1601694544858,0,0
plugin_ios_activity_recognition,"[""stationary""]",0,2,0,33726ebb-721a-4177-a12a-1beec88ce573,203BN,,0,1,1601694551193,0,0
plugin_ios_activity_recognition,,0,2,0,33726ebb-721a-4177-a12a-1beec88ce573,203BN,,0,0,1601694562308,0,0
plugin_ios_activity_recognition,"[""stationary""]",0,2,0,33726ebb-721a-4177-a12a-1beec88ce573,203BN,,0,1,1601694566503,0,0
plugin_ios_activity_recognition,,0,2,0,33726ebb-721a-4177-a12a-1beec88ce573,203BN,,0,0,1601694686668,0,0
plugin_ios_activity_recognition,"[""stationary""]",0,2,0,33726ebb-721a-4177-a12a-1beec88ce573,203BN,,0,1,1601694703898,0,0
plugin_ios_activity_recognition,,0,2,0,33726ebb-721a-4177-a12a-1beec88ce573,203BN,,0,0,1601694704858,0,0
plugin_ios_activity_recognition,"[""stationary""]",0,2,0,33726ebb-721a-4177-a12a-1beec88ce573,203BN,,0,1,1601694710294,0,0
plugin_ios_activity_recognition,,0,2,0,33726ebb-721a-4177-a12a-1beec88ce573,203BN,,0,0,1601694712843,0,0
plugin_ios_activity_recognition,,0,2,0,33726ebb-721a-4177-a12a-1beec88ce573,203BN,,0,0,1601694724825,0,0
plugin_ios_activity_recognition,"[""stationary""]",0,2,0,33726ebb-721a-4177-a12a-1beec88ce573,203BN,,0,1,1601694728831,0,0
plugin_ios_activity_recognition,"[""stationary""]",0,2,0,33726ebb-721a-4177-a12a-1beec88ce573,203BN,,0,1,1601694904820,0,0
plugin_ios_activity_recognition,"[""stationary""]",0,2,0,33726ebb-721a-4177-a12a-1beec88ce573,203BN,supplement,0,1,1601695084820,0,0
plugin_ios_activity_recognition,"[""stationary""]",0,2,0,33726ebb-721a-4177-a12a-1beec88ce573,203BN,,0,1,1601695084821,0,0
plugin_ios_activity_recognition,"[""stationary""]",0,2,0,33726ebb-721a-4177-a12a-1beec88ce573,203BN,supplement,0,1,1601695264820,0,0
plugin_ios_activity_recognition,"[""stationary""]",0,2,0,33726ebb-721a-4177-a12a-1beec88ce573,203BN,supplement,0,1,1601695264821,0,0
plugin_ios_activity_recognition,"[""stationary""]",0,2,0,33726ebb-721a-4177-a12a-1beec88ce573,203BN,,0,1,1601695264883,0,0
plugin_ios_activity_recognition,"[""stationary""]",0,2,0,33726ebb-721a-4177-a12a-1beec88ce573,203BN,supplement,0,1,1601695444821,0,0
plugin_ios_activity_recognition,"[""stationary""]",0,2,0,33726ebb-721a-4177-a12a-1beec88ce573,203BN,,0,1,1601695444823,0,0
plugin_ios_activity_recognition,"[""stationary""]",0,2,0,33726ebb-721a-4177-a12a-1beec88ce573,203BN,supplement,0,1,1601695624823,0,0
plugin_ios_activity_recognition,"[""stationary""]",0,2,0,33726ebb-721a-4177-a12a-1beec88ce573,203BN,,0,1,1601695624824,0,0
plugin_ios_activity_recognition,"[""stationary""]",0,2,0,33726ebb-721a-4177-a12a-1beec88ce573,203BN,,0,1,1601695804821,0,0
plugin_ios_activity_recognition,"[""stationary""]",0,2,0,33726ebb-721a-4177-a12a-1beec88ce573,203BN,supplement,0,1,1601695804823,0,0
plugin_ios_activity_recognition,"[""stationary""]",0,2,0,33726ebb-721a-4177-a12a-1beec88ce573,203BN,supplement,0,1,1601695984821,0,0
plugin_ios_activity_recognition,"[""stationary""]",0,2,0,33726ebb-721a-4177-a12a-1beec88ce573,203BN,,0,1,1601695984857,0,0
plugin_ios_activity_recognition,"[""stationary""]",0,2,0,33726ebb-721a-4177-a12a-1beec88ce573,203BN,supplement,0,1,1601696164821,0,0
plugin_ios_activity_recognition,"[""stationary""]",0,2,0,33726ebb-721a-4177-a12a-1beec88ce573,203BN,,0,1,1601696164825,0,0
plugin_ios_activity_recognition,"[""stationary""]",0,2,0,33726ebb-721a-4177-a12a-1beec88ce573,203BN,,0,1,1601696344822,0,0
plugin_ios_activity_recognition,"[""stationary""]",0,2,0,33726ebb-721a-4177-a12a-1beec88ce573,203BN,supplement,0,1,1601696524822,0,0
plugin_ios_activity_recognition,"[""stationary""]",0,2,0,33726ebb-721a-4177-a12a-1beec88ce573,203BN,,0,1,1601696524826,0,0
plugin_ios_activity_recognition,"[""stationary""]",0,2,0,33726ebb-721a-4177-a12a-1beec88ce573,203BN,supplement,0,1,1601696704822,0,0
plugin_ios_activity_recognition,"[""stationary""]",0,2,0,33726ebb-721a-4177-a12a-1beec88ce573,203BN,supplement,0,1,1601696704826,0,0
plugin_ios_activity_recognition,"[""stationary""]",0,2,0,33726ebb-721a-4177-a12a-1beec88ce573,203BN,,0,1,1601696704838,0,0
plugin_ios_activity_recognition,"[""stationary""]",0,2,0,33726ebb-721a-4177-a12a-1beec88ce573,203BN,supplement,0,1,1601696884826,0,0
plugin_ios_activity_recognition,"[""stationary""]",0,2,0,33726ebb-721a-4177-a12a-1beec88ce573,203BN,,0,1,1601696884828,0,0
plugin_ios_activity_recognition,"[""stationary""]",0,2,0,33726ebb-721a-4177-a12a-1beec88ce573,203BN,supplement,0,1,1601697064828,0,0
plugin_ios_activity_recognition,"[""stationary""]",0,2,0,33726ebb-721a-4177-a12a-1beec88ce573,203BN,,0,1,1601697064829,0,0
plugin_ios_activity_recognition,"[""stationary""]",0,2,0,33726ebb-721a-4177-a12a-1beec88ce573,203BN,supplement,0,1,1601697244828,0,0
plugin_ios_activity_recognition,"[""stationary""]",0,2,0,33726ebb-721a-4177-a12a-1beec88ce573,203BN,supplement,0,1,1601697244829,0,0
plugin_ios_activity_recognition,"[""stationary""]",0,2,0,33726ebb-721a-4177-a12a-1beec88ce573,203BN,supplement,0,1,1601697424829,0,0
plugin_ios_activity_recognition,"[""stationary""]",0,2,0,33726ebb-721a-4177-a12a-1beec88ce573,203BN,,0,1,1601697424861,0,0
plugin_ios_activity_recognition,"[""stationary""]",0,2,0,33726ebb-721a-4177-a12a-1beec88ce573,203BN,supplement,0,1,1601697604829,0,0
plugin_ios_activity_recognition,"[""stationary""]",0,2,0,33726ebb-721a-4177-a12a-1beec88ce573,203BN,,0,1,1601697604842,0,0
plugin_ios_activity_recognition,"[""stationary""]",0,2,0,33726ebb-721a-4177-a12a-1beec88ce573,203BN,,0,1,1601697784832,0,0
plugin_ios_activity_recognition,"[""stationary""]",0,2,0,33726ebb-721a-4177-a12a-1beec88ce573,203BN,supplement,0,1,1601697964832,0,0
plugin_ios_activity_recognition,"[""stationary""]",0,2,0,33726ebb-721a-4177-a12a-1beec88ce573,203BN,,0,1,1601697964837,0,0
plugin_ios_activity_recognition,"[""stationary""]",0,2,0,33726ebb-721a-4177-a12a-1beec88ce573,203BN,supplement,0,1,1601698144832,0,0
plugin_ios_activity_recognition,"[""stationary""]",0,2,0,33726ebb-721a-4177-a12a-1beec88ce573,203BN,supplement,0,1,1601698144837,0,0
plugin_ios_activity_recognition,"[""stationary""]",0,2,0,33726ebb-721a-4177-a12a-1beec88ce573,203BN,,0,1,1601698144862,0,0
plugin_ios_activity_recognition,"[""stationary""]",0,2,0,33726ebb-721a-4177-a12a-1beec88ce573,203BN,,0,1,1601698324836,0,0
plugin_ios_activity_recognition,"[""stationary""]",0,2,0,33726ebb-721a-4177-a12a-1beec88ce573,203BN,supplement,0,1,1601698324837,0,0
plugin_ios_activity_recognition,,0,2,0,33726ebb-721a-4177-a12a-1beec88ce573,203BN,,0,0,1601698440924,0,0
plugin_ios_activity_recognition,"[""stationary""]",0,2,0,33726ebb-721a-4177-a12a-1beec88ce573,203BN,,0,1,1601698447986,0,0
plugin_ios_activity_recognition,"[""stationary""]",0,2,0,33726ebb-721a-4177-a12a-1beec88ce573,203BN,,0,1,1601698504838,0,0
plugin_ios_activity_recognition,"[""stationary""]",0,2,0,33726ebb-721a-4177-a12a-1beec88ce573,203BN,supplement,0,1,1601698684838,0,0
plugin_ios_activity_recognition,"[""stationary""]",0,2,0,33726ebb-721a-4177-a12a-1beec88ce573,203BN,,0,1,1601698684839,0,0
plugin_ios_activity_recognition,"[""stationary""]",0,2,0,33726ebb-721a-4177-a12a-1beec88ce573,203BN,supplement,0,1,1601698864838,0,0
plugin_ios_activity_recognition,"[""stationary""]",0,2,0,33726ebb-721a-4177-a12a-1beec88ce573,203BN,supplement,0,1,1601698864839,0,0
plugin_ios_activity_recognition,"[""stationary""]",0,2,0,33726ebb-721a-4177-a12a-1beec88ce573,203BN,,0,1,1601698864860,0,0
plugin_ios_activity_recognition,"[""stationary""]",0,2,0,33726ebb-721a-4177-a12a-1beec88ce573,203BN,,0,1,1601699044838,0,0
plugin_ios_activity_recognition,"[""stationary""]",0,2,0,33726ebb-721a-4177-a12a-1beec88ce573,203BN,supplement,0,1,1601699044839,0,0
plugin_ios_activity_recognition,"[""stationary""]",0,2,0,33726ebb-721a-4177-a12a-1beec88ce573,203BN,,0,1,1601699224837,0,0
plugin_ios_activity_recognition,"[""stationary""]",0,2,0,33726ebb-721a-4177-a12a-1beec88ce573,203BN,supplement,0,1,1601699404837,0,0
plugin_ios_activity_recognition,"[""stationary""]",0,2,0,33726ebb-721a-4177-a12a-1beec88ce573,203BN,,0,1,1601699404843,0,0
plugin_ios_activity_recognition,"[""stationary""]",0,2,0,33726ebb-721a-4177-a12a-1beec88ce573,203BN,supplement,0,1,1601699584837,0,0
plugin_ios_activity_recognition,"[""stationary""]",0,2,0,33726ebb-721a-4177-a12a-1beec88ce573,203BN,supplement,0,1,1601699584843,0,0
plugin_ios_activity_recognition,"[""stationary""]",0,2,0,33726ebb-721a-4177-a12a-1beec88ce573,203BN,,0,1,1601699584863,0,0
plugin_ios_activity_recognition,"[""stationary""]",0,2,0,33726ebb-721a-4177-a12a-1beec88ce573,203BN,supplement,0,1,1601699764843,0,0
plugin_ios_activity_recognition,,0,2,0,33726ebb-721a-4177-a12a-1beec88ce573,203BN,,0,0,1601699817491,0,0
plugin_ios_activity_recognition,"[""stationary""]",0,2,0,33726ebb-721a-4177-a12a-1beec88ce573,203BN,,0,1,1601699829317,0,0
plugin_ios_activity_recognition,"[""stationary""]",0,2,0,33726ebb-721a-4177-a12a-1beec88ce573,203BN,,0,1,1601699944842,0,0
plugin_ios_activity_recognition,"[""stationary""]",0,2,0,33726ebb-721a-4177-a12a-1beec88ce573,203BN,supplement,0,1,1601700124842,0,0
plugin_ios_activity_recognition,"[""stationary""]",0,2,0,33726ebb-721a-4177-a12a-1beec88ce573,203BN,,0,1,1601700124845,0,0
plugin_ios_activity_recognition,"[""stationary""]",0,2,0,33726ebb-721a-4177-a12a-1beec88ce573,203BN,supplement,0,1,1601700304842,0,0
plugin_ios_activity_recognition,"[""stationary""]",0,2,0,33726ebb-721a-4177-a12a-1beec88ce573,203BN,supplement,0,1,1601700304845,0,0
plugin_ios_activity_recognition,"[""stationary""]",0,2,0,33726ebb-721a-4177-a12a-1beec88ce573,203BN,,0,1,1601700304848,0,0
plugin_ios_activity_recognition,"[""stationary""]",0,2,0,33726ebb-721a-4177-a12a-1beec88ce573,203BN,supplement,0,1,1601700484845,0,0
plugin_ios_activity_recognition,"[""stationary""]",0,2,0,33726ebb-721a-4177-a12a-1beec88ce573,203BN,,0,1,1601700484846,0,0
plugin_ios_activity_recognition,"[""stationary""]",0,2,0,33726ebb-721a-4177-a12a-1beec88ce573,203BN,supplement,0,1,1601700664846,0,0
plugin_ios_activity_recognition,"[""stationary""]",0,2,0,33726ebb-721a-4177-a12a-1beec88ce573,203BN,,0,1,1601700664847,0,0
plugin_ios_activity_recognition,"[""stationary""]",0,2,0,33726ebb-721a-4177-a12a-1beec88ce573,203BN,supplement,0,1,1601700844846,0,0
plugin_ios_activity_recognition,"[""stationary""]",0,2,0,33726ebb-721a-4177-a12a-1beec88ce573,203BN,supplement,0,1,1601700844847,0,0
plugin_ios_activity_recognition,"[""stationary""]",0,2,0,33726ebb-721a-4177-a12a-1beec88ce573,203BN,,0,1,1601700844848,0,0
plugin_ios_activity_recognition,"[""stationary""]",0,2,0,33726ebb-721a-4177-a12a-1beec88ce573,203BN,supplement,0,1,1601701024847,0,0
plugin_ios_activity_recognition,"[""stationary""]",0,2,0,33726ebb-721a-4177-a12a-1beec88ce573,203BN,supplement,0,1,1601701024848,0,0
plugin_ios_activity_recognition,"[""stationary""]",0,2,0,33726ebb-721a-4177-a12a-1beec88ce573,203BN,,0,1,1601701024862,0,0
plugin_ios_activity_recognition,"[""stationary""]",0,2,0,33726ebb-721a-4177-a12a-1beec88ce573,203BN,supplement,0,1,1601701204848,0,0
plugin_ios_activity_recognition,"[""stationary""]",0,2,0,33726ebb-721a-4177-a12a-1beec88ce573,203BN,,0,1,1601701204849,0,0
plugin_ios_activity_recognition,"[""stationary""]",0,2,0,33726ebb-721a-4177-a12a-1beec88ce573,203BN,supplement,0,1,1601701384849,0,0
plugin_ios_activity_recognition,"[""stationary""]",0,2,0,33726ebb-721a-4177-a12a-1beec88ce573,203BN,,0,1,1601701384850,0,0
plugin_ios_activity_recognition,"[""stationary""]",0,2,0,33726ebb-721a-4177-a12a-1beec88ce573,203BN,supplement,0,1,1601701564849,0,0
plugin_ios_activity_recognition,"[""stationary""]",0,2,0,33726ebb-721a-4177-a12a-1beec88ce573,203BN,supplement,0,1,1601701744846,0,0
plugin_ios_activity_recognition,"[""stationary""]",0,2,0,33726ebb-721a-4177-a12a-1beec88ce573,203BN,,0,1,1601701744905,0,0
plugin_ios_activity_recognition,"[""stationary""]",0,2,0,33726ebb-721a-4177-a12a-1beec88ce573,203BN,supplement,0,1,1601701924846,0,0
plugin_ios_activity_recognition,"[""stationary""]",0,2,0,33726ebb-721a-4177-a12a-1beec88ce573,203BN,supplement,0,1,1601701924905,0,0
plugin_ios_activity_recognition,"[""stationary""]",0,2,0,33726ebb-721a-4177-a12a-1beec88ce573,203BN,,0,1,1601701924930,0,0
plugin_ios_activity_recognition,"[""stationary""]",0,2,0,33726ebb-721a-4177-a12a-1beec88ce573,203BN,,0,1,1601702104851,0,0
plugin_ios_activity_recognition,"[""stationary""]",0,2,0,33726ebb-721a-4177-a12a-1beec88ce573,203BN,supplement,0,1,1601702104905,0,0
plugin_ios_activity_recognition,"[""stationary""]",0,2,0,33726ebb-721a-4177-a12a-1beec88ce573,203BN,supplement,0,1,1601702284851,0,0
plugin_ios_activity_recognition,"[""stationary""]",0,2,0,33726ebb-721a-4177-a12a-1beec88ce573,203BN,,0,1,1601702284852,0,0
plugin_ios_activity_recognition,"[""stationary""]",0,2,0,33726ebb-721a-4177-a12a-1beec88ce573,203BN,supplement,0,1,1601702464851,0,0
plugin_ios_activity_recognition,"[""stationary""]",0,2,0,33726ebb-721a-4177-a12a-1beec88ce573,203BN,supplement,0,1,1601702464852,0,0
plugin_ios_activity_recognition,"[""stationary""]",0,2,0,33726ebb-721a-4177-a12a-1beec88ce573,203BN,,0,1,1601702464945,0,0
plugin_ios_activity_recognition,"[""stationary""]",0,2,0,33726ebb-721a-4177-a12a-1beec88ce573,203BN,,0,1,1601702644850,0,0
plugin_ios_activity_recognition,"[""stationary""]",0,2,0,33726ebb-721a-4177-a12a-1beec88ce573,203BN,supplement,0,1,1601702644852,0,0
plugin_ios_activity_recognition,"[""stationary""]",0,2,0,33726ebb-721a-4177-a12a-1beec88ce573,203BN,supplement,0,1,1601702824850,0,0
plugin_ios_activity_recognition,"[""stationary""]",0,2,0,33726ebb-721a-4177-a12a-1beec88ce573,203BN,,0,1,1601702824851,0,0
plugin_ios_activity_recognition,"[""stationary""]",0,2,0,33726ebb-721a-4177-a12a-1beec88ce573,203BN,supplement,0,1,1601703004850,0,0
plugin_ios_activity_recognition,"[""stationary""]",0,2,0,33726ebb-721a-4177-a12a-1beec88ce573,203BN,supplement,0,1,1601703004851,0,0
plugin_ios_activity_recognition,"[""stationary""]",0,2,0,33726ebb-721a-4177-a12a-1beec88ce573,203BN,supplement,0,1,1601703184851,0,0
plugin_ios_activity_recognition,"[""stationary""]",0,2,0,33726ebb-721a-4177-a12a-1beec88ce573,203BN,,0,1,1601703184875,0,0
plugin_ios_activity_recognition,"[""stationary""]",0,2,0,33726ebb-721a-4177-a12a-1beec88ce573,203BN,supplement,0,1,1601703364851,0,0
plugin_ios_activity_recognition,"[""stationary""]",0,2,0,33726ebb-721a-4177-a12a-1beec88ce573,203BN,,0,1,1601703364853,0,0
plugin_ios_activity_recognition,,0,2,0,33726ebb-721a-4177-a12a-1beec88ce573,203BN,,0,0,1601703382849,0,0
plugin_ios_activity_recognition,"[""stationary""]",0,2,0,33726ebb-721a-4177-a12a-1beec88ce573,203BN,,0,1,1601703399801,0,0
plugin_ios_activity_recognition,"[""stationary""]",0,2,0,33726ebb-721a-4177-a12a-1beec88ce573,203BN,,0,1,1601703544852,0,0
plugin_ios_activity_recognition,"[""stationary""]",0,2,0,33726ebb-721a-4177-a12a-1beec88ce573,203BN,supplement,0,1,1601703724852,0,0
plugin_ios_activity_recognition,"[""stationary""]",0,2,0,33726ebb-721a-4177-a12a-1beec88ce573,203BN,,0,1,1601703724853,0,0
plugin_ios_activity_recognition,"[""stationary""]",0,2,0,33726ebb-721a-4177-a12a-1beec88ce573,203BN,supplement,0,1,1601703904852,0,0
plugin_ios_activity_recognition,"[""stationary""]",0,2,0,33726ebb-721a-4177-a12a-1beec88ce573,203BN,supplement,0,1,1601703904853,0,0
plugin_ios_activity_recognition,"[""stationary""]",0,2,0,33726ebb-721a-4177-a12a-1beec88ce573,203BN,,0,1,1601703904885,0,0
plugin_ios_activity_recognition,"[""stationary""]",0,2,0,33726ebb-721a-4177-a12a-1beec88ce573,203BN,supplement,0,1,1601704084853,0,0
plugin_ios_activity_recognition,"[""stationary""]",0,2,0,33726ebb-721a-4177-a12a-1beec88ce573,203BN,,0,1,1601704084855,0,0
plugin_ios_activity_recognition,"[""stationary""]",0,2,0,33726ebb-721a-4177-a12a-1beec88ce573,203BN,,0,1,1601704264855,0,0
plugin_ios_activity_recognition,,0,2,0,33726ebb-721a-4177-a12a-1beec88ce573,203BN,,0,0,1601704396834,0,0
plugin_ios_activity_recognition,"[""stationary""]",0,2,0,33726ebb-721a-4177-a12a-1beec88ce573,203BN,,0,1,1601704401945,0,0
plugin_ios_activity_recognition,"[""stationary""]",0,2,0,33726ebb-721a-4177-a12a-1beec88ce573,203BN,,0,1,1601704444853,0,0
plugin_ios_activity_recognition,"[""stationary""]",0,2,0,33726ebb-721a-4177-a12a-1beec88ce573,203BN,supplement,0,1,1601704624853,0,0
plugin_ios_activity_recognition,"[""stationary""]",0,2,0,33726ebb-721a-4177-a12a-1beec88ce573,203BN,,0,1,1601704624856,0,0
plugin_ios_activity_recognition,"[""stationary""]",0,2,0,33726ebb-721a-4177-a12a-1beec88ce573,203BN,supplement,0,1,1601704804853,0,0
plugin_ios_activity_recognition,"[""stationary""]",0,2,0,33726ebb-721a-4177-a12a-1beec88ce573,203BN,supplement,0,1,1601704804856,0,0
plugin_ios_activity_recognition,"[""stationary""]",0,2,0,33726ebb-721a-4177-a12a-1beec88ce573,203BN,,0,1,1601704804861,0,0
plugin_ios_activity_recognition,"[""stationary""]",0,2,0,33726ebb-721a-4177-a12a-1beec88ce573,203BN,supplement,0,1,1601704984856,0,0
plugin_ios_activity_recognition,"[""stationary""]",0,2,0,33726ebb-721a-4177-a12a-1beec88ce573,203BN,supplement,0,1,1601704984861,0,0
plugin_ios_activity_recognition,"[""stationary""]",0,2,0,33726ebb-721a-4177-a12a-1beec88ce573,203BN,,0,1,1601704984862,0,0
plugin_ios_activity_recognition,,0,2,0,33726ebb-721a-4177-a12a-1beec88ce573,203BN,,0,0,1601705055155,0,0
plugin_ios_activity_recognition,"[""stationary""]",0,2,0,33726ebb-721a-4177-a12a-1beec88ce573,203BN,,0,1,1601705059292,0,0
plugin_ios_activity_recognition,,0,2,0,33726ebb-721a-4177-a12a-1beec88ce573,203BN,,0,0,1601705061516,0,0
plugin_ios_activity_recognition,"[""stationary""]",0,2,0,33726ebb-721a-4177-a12a-1beec88ce573,203BN,,0,1,1601705065028,0,0
plugin_ios_activity_recognition,,0,2,0,33726ebb-721a-4177-a12a-1beec88ce573,203BN,,0,0,1601705091941,0,0
plugin_ios_activity_recognition,"[""stationary""]",0,2,0,33726ebb-721a-4177-a12a-1beec88ce573,203BN,,0,1,1601705105694,0,0
plugin_ios_activity_recognition,"[""stationary""]",0,2,0,33726ebb-721a-4177-a12a-1beec88ce573,203BN,supplement,0,1,1601705164861,0,0
plugin_ios_activity_recognition,"[""stationary""]",0,2,0,33726ebb-721a-4177-a12a-1beec88ce573,203BN,,0,1,1601705164932,0,0
plugin_ios_activity_recognition,,0,2,0,33726ebb-721a-4177-a12a-1beec88ce573,203BN,,0,0,1601705219147,0,0
plugin_ios_activity_recognition,"[""stationary""]",0,2,0,33726ebb-721a-4177-a12a-1beec88ce573,203BN,,0,1,1601705229036,0,0
plugin_ios_activity_recognition,,0,2,0,33726ebb-721a-4177-a12a-1beec88ce573,203BN,,0,0,1601705239917,0,0
plugin_ios_activity_recognition,"[""stationary""]",0,2,0,33726ebb-721a-4177-a12a-1beec88ce573,203BN,,0,1,1601705244102,0,0
plugin_ios_activity_recognition,,0,2,0,33726ebb-721a-4177-a12a-1beec88ce573,203BN,,0,0,1601705245662,0,0
plugin_ios_activity_recognition,"[""stationary""]",0,2,0,33726ebb-721a-4177-a12a-1beec88ce573,203BN,,0,1,1601705251414,0,0
plugin_ios_activity_recognition,,0,2,0,33726ebb-721a-4177-a12a-1beec88ce573,203BN,,0,0,1601705276991,0,0
plugin_ios_activity_recognition,"[""stationary""]",0,2,0,33726ebb-721a-4177-a12a-1beec88ce573,203BN,,0,1,1601705296488,0,0
plugin_ios_activity_recognition,"[""stationary""]",0,2,0,33726ebb-721a-4177-a12a-1beec88ce573,203BN,,0,1,1601705344863,0,0
plugin_ios_activity_recognition,"[""stationary""]",0,2,0,33726ebb-721a-4177-a12a-1beec88ce573,203BN,supplement,0,1,1601705524863,0,0
plugin_ios_activity_recognition,"[""stationary""]",0,2,0,33726ebb-721a-4177-a12a-1beec88ce573,203BN,,0,1,1601705524864,0,0
plugin_ios_activity_recognition,"[""stationary""]",0,2,0,33726ebb-721a-4177-a12a-1beec88ce573,203BN,supplement,0,1,1601705704863,0,0
plugin_ios_activity_recognition,"[""stationary""]",0,2,0,33726ebb-721a-4177-a12a-1beec88ce573,203BN,supplement,0,1,1601705704864,0,0
plugin_ios_activity_recognition,"[""stationary""]",0,2,0,33726ebb-721a-4177-a12a-1beec88ce573,203BN,,0,1,1601705704865,0,0
plugin_ios_activity_recognition,,0,2,0,33726ebb-721a-4177-a12a-1beec88ce573,203BN,,0,0,1601705800905,0,0
plugin_ios_activity_recognition,"[""stationary""]",0,2,0,33726ebb-721a-4177-a12a-1beec88ce573,203BN,,0,1,1601705808574,0,0
plugin_ios_activity_recognition,"[""stationary""]",0,2,0,33726ebb-721a-4177-a12a-1beec88ce573,203BN,supplement,0,1,1601705884864,0,0
plugin_ios_activity_recognition,"[""stationary""]",0,2,0,33726ebb-721a-4177-a12a-1beec88ce573,203BN,,0,1,1601705884961,0,0
plugin_ios_activity_recognition,,0,2,0,33726ebb-721a-4177-a12a-1beec88ce573,203BN,,0,0,1601705918481,0,0
plugin_ios_activity_recognition,"[""stationary""]",0,2,0,33726ebb-721a-4177-a12a-1beec88ce573,203BN,,0,1,1601705934742,0,0
plugin_ios_activity_recognition,,0,2,0,33726ebb-721a-4177-a12a-1beec88ce573,203BN,,0,0,1601705946243,0,0
plugin_ios_activity_recognition,"[""stationary""]",0,2,0,33726ebb-721a-4177-a12a-1beec88ce573,203BN,,0,1,1601705951984,0,0
plugin_ios_activity_recognition,"[""stationary""]",0,2,0,33726ebb-721a-4177-a12a-1beec88ce573,203BN,,0,1,1601706064867,0,0
plugin_ios_activity_recognition,"[""stationary""]",0,2,0,33726ebb-721a-4177-a12a-1beec88ce573,203BN,supplement,0,1,1601706244867,0,0
plugin_ios_activity_recognition,"[""stationary""]",0,2,0,33726ebb-721a-4177-a12a-1beec88ce573,203BN,,0,1,1601706244868,0,0
plugin_ios_activity_recognition,"[""stationary""]",0,2,0,33726ebb-721a-4177-a12a-1beec88ce573,203BN,supplement,0,1,1601706424867,0,0
plugin_ios_activity_recognition,"[""stationary""]",0,2,0,33726ebb-721a-4177-a12a-1beec88ce573,203BN,supplement,0,1,1601706424868,0,0
plugin_ios_activity_recognition,"[""stationary""]",0,2,0,33726ebb-721a-4177-a12a-1beec88ce573,203BN,,0,1,1601706424869,0,0
plugin_ios_activity_recognition,"[""stationary""]",0,2,0,33726ebb-721a-4177-a12a-1beec88ce573,203BN,supplement,0,1,1601706604868,0,0
plugin_ios_activity_recognition,"[""stationary""]",0,2,0,33726ebb-721a-4177-a12a-1beec88ce573,203BN,supplement,0,1,1601706604869,0,0
plugin_ios_activity_recognition,"[""stationary""]",0,2,0,33726ebb-721a-4177-a12a-1beec88ce573,203BN,,0,1,1601706604884,0,0
plugin_ios_activity_recognition,"[""stationary""]",0,2,0,33726ebb-721a-4177-a12a-1beec88ce573,203BN,supplement,0,1,1601706784869,0,0
plugin_ios_activity_recognition,"[""stationary""]",0,2,0,33726ebb-721a-4177-a12a-1beec88ce573,203BN,,0,1,1601706784876,0,0
plugin_ios_activity_recognition,"[""stationary""]",0,2,0,33726ebb-721a-4177-a12a-1beec88ce573,203BN,,0,1,1601706964867,0,0
plugin_ios_activity_recognition,"[""stationary""]",0,2,0,33726ebb-721a-4177-a12a-1beec88ce573,203BN,supplement,0,1,1601707144867,0,0
plugin_ios_activity_recognition,"[""stationary""]",0,2,0,33726ebb-721a-4177-a12a-1beec88ce573,203BN,,0,1,1601707144869,0,0
plugin_ios_activity_recognition,,0,2,0,33726ebb-721a-4177-a12a-1beec88ce573,203BN,,0,0,1601707221654,0,0
plugin_ios_activity_recognition,"[""stationary""]",0,2,0,33726ebb-721a-4177-a12a-1beec88ce573,203BN,,0,1,1601707230534,0,0
plugin_ios_activity_recognition,"[""stationary""]",0,2,0,33726ebb-721a-4177-a12a-1beec88ce573,203BN,supplement,0,1,1601707324867,0,0
plugin_ios_activity_recognition,"[""stationary""]",0,2,0,33726ebb-721a-4177-a12a-1beec88ce573,203BN,,0,1,1601707324888,0,0
plugin_ios_activity_recognition,,0,2,0,33726ebb-721a-4177-a12a-1beec88ce573,203BN,,0,0,1601707397282,0,0
plugin_ios_activity_recognition,"[""stationary""]",0,2,0,33726ebb-721a-4177-a12a-1beec88ce573,203BN,,0,1,1601707402063,0,0
plugin_ios_activity_recognition,,0,2,0,33726ebb-721a-4177-a12a-1beec88ce573,203BN,,0,0,1601707420315,0,0
plugin_ios_activity_recognition,"[""stationary""]",0,2,0,33726ebb-721a-4177-a12a-1beec88ce573,203BN,,0,1,1601707435338,0,0
plugin_ios_activity_recognition,,0,2,0,33726ebb-721a-4177-a12a-1beec88ce573,203BN,,0,0,1601707439170,0,0
plugin_ios_activity_recognition,"[""stationary""]",0,2,0,33726ebb-721a-4177-a12a-1beec88ce573,203BN,,0,1,1601707447176,0,0
plugin_ios_activity_recognition,"[""stationary""]",0,2,0,33726ebb-721a-4177-a12a-1beec88ce573,203BN,,0,1,1601707504874,0,0
plugin_ios_activity_recognition,"[""stationary""]",0,2,0,33726ebb-721a-4177-a12a-1beec88ce573,203BN,supplement,0,1,1601707684874,0,0
plugin_ios_activity_recognition,"[""stationary""]",0,2,0,33726ebb-721a-4177-a12a-1beec88ce573,203BN,,0,1,1601707684875,0,0
plugin_ios_activity_recognition,"[""stationary""]",0,2,0,33726ebb-721a-4177-a12a-1beec88ce573,203BN,supplement,0,1,1601707864874,0,0
plugin_ios_activity_recognition,"[""stationary""]",0,2,0,33726ebb-721a-4177-a12a-1beec88ce573,203BN,supplement,0,1,1601707864875,0,0
plugin_ios_activity_recognition,"[""stationary""]",0,2,0,33726ebb-721a-4177-a12a-1beec88ce573,203BN,,0,1,1601707864876,0,0
plugin_ios_activity_recognition,,0,2,0,33726ebb-721a-4177-a12a-1beec88ce573,203BN,,0,0,1601708034196,0,0
plugin_ios_activity_recognition,"[""stationary""]",0,2,0,33726ebb-721a-4177-a12a-1beec88ce573,203BN,supplement,0,1,1601708044875,0,0
plugin_ios_activity_recognition,,0,2,0,33726ebb-721a-4177-a12a-1beec88ce573,203BN,,0,0,1601708044961,0,0
plugin_ios_activity_recognition,"[""stationary""]",0,2,0,33726ebb-721a-4177-a12a-1beec88ce573,203BN,,0,1,1601708048579,0,0
plugin_ios_activity_recognition,,0,2,0,33726ebb-721a-4177-a12a-1beec88ce573,203BN,,0,0,1601708054320,0,0
plugin_ios_activity_recognition,"[""stationary""]",0,2,0,33726ebb-721a-4177-a12a-1beec88ce573,203BN,,0,1,1601708059750,0,0
plugin_ios_activity_recognition,,0,2,0,33726ebb-721a-4177-a12a-1beec88ce573,203BN,,0,0,1601708063263,0,0
plugin_ios_activity_recognition,"[""stationary""]",0,2,0,33726ebb-721a-4177-a12a-1beec88ce573,203BN,,0,1,1601708081773,0,0
plugin_ios_activity_recognition,,0,2,0,33726ebb-721a-4177-a12a-1beec88ce573,203BN,,0,0,1601708189834,0,0
plugin_ios_activity_recognition,"[""stationary""]",0,2,0,33726ebb-721a-4177-a12a-1beec88ce573,203BN,,0,1,1601708193393,0,0
plugin_ios_activity_recognition,"[""stationary""]",0,2,0,33726ebb-721a-4177-a12a-1beec88ce573,203BN,,0,1,1601708224878,0,0
plugin_ios_activity_recognition,"[""stationary""]",0,2,0,33726ebb-721a-4177-a12a-1beec88ce573,203BN,supplement,0,1,1601708404878,0,0
plugin_ios_activity_recognition,"[""stationary""]",0,2,0,33726ebb-721a-4177-a12a-1beec88ce573,203BN,,0,1,1601708404879,0,0
plugin_ios_activity_recognition,"[""stationary""]",0,2,0,33726ebb-721a-4177-a12a-1beec88ce573,203BN,supplement,0,1,1601708584878,0,0
plugin_ios_activity_recognition,"[""stationary""]",0,2,0,33726ebb-721a-4177-a12a-1beec88ce573,203BN,supplement,0,1,1601708584879,0,0
plugin_ios_activity_recognition,"[""stationary""]",0,2,0,33726ebb-721a-4177-a12a-1beec88ce573,203BN,,0,1,1601708584880,0,0
plugin_ios_activity_recognition,"[""stationary""]",0,2,0,33726ebb-721a-4177-a12a-1beec88ce573,203BN,supplement,0,1,1601708764879,0,0
plugin_ios_activity_recognition,"[""stationary""]",0,2,0,33726ebb-721a-4177-a12a-1beec88ce573,203BN,supplement,0,1,1601708944875,0,0
plugin_ios_activity_recognition,"[""stationary""]",0,2,0,33726ebb-721a-4177-a12a-1beec88ce573,203BN,,0,1,1601708944879,0,0
plugin_ios_activity_recognition,"[""stationary""]",0,2,0,33726ebb-721a-4177-a12a-1beec88ce573,203BN,supplement,0,1,1601709124875,0,0
plugin_ios_activity_recognition,"[""stationary""]",0,2,0,33726ebb-721a-4177-a12a-1beec88ce573,203BN,supplement,0,1,1601709124879,0,0
plugin_ios_activity_recognition,"[""stationary""]",0,2,0,33726ebb-721a-4177-a12a-1beec88ce573,203BN,,0,1,1601709124881,0,0
plugin_ios_activity_recognition,"[""stationary""]",0,2,0,33726ebb-721a-4177-a12a-1beec88ce573,203BN,supplement,0,1,1601709304879,0,0
plugin_ios_activity_recognition,"[""stationary""]",0,2,0,33726ebb-721a-4177-a12a-1beec88ce573,203BN,,0,1,1601709304881,0,0
plugin_ios_activity_recognition,,0,2,0,33726ebb-721a-4177-a12a-1beec88ce573,203BN,,0,0,1601709375828,0,0
plugin_ios_activity_recognition,"[""stationary""]",0,2,0,33726ebb-721a-4177-a12a-1beec88ce573,203BN,,0,1,1601709379340,0,0
plugin_ios_activity_recognition,,0,2,0,33726ebb-721a-4177-a12a-1beec88ce573,203BN,,0,0,1601709443447,0,0
plugin_ios_activity_recognition,"[""stationary""]",0,2,0,33726ebb-721a-4177-a12a-1beec88ce573,203BN,,0,1,1601709460739,0,0
plugin_ios_activity_recognition,,0,2,0,33726ebb-721a-4177-a12a-1beec88ce573,203BN,,0,0,1601709461977,0,0
plugin_ios_activity_recognition,"[""stationary""]",0,2,0,33726ebb-721a-4177-a12a-1beec88ce573,203BN,,0,1,1601709469625,0,0
plugin_ios_activity_recognition,"[""stationary""]",0,2,0,33726ebb-721a-4177-a12a-1beec88ce573,203BN,,0,1,1601709484909,0,0
plugin_ios_activity_recognition,"[""stationary""]",0,2,0,33726ebb-721a-4177-a12a-1beec88ce573,203BN,,0,1,1601709664877,0,0
plugin_ios_activity_recognition,"[""stationary""]",0,2,0,33726ebb-721a-4177-a12a-1beec88ce573,203BN,,0,1,1601709844875,0,0
plugin_ios_activity_recognition,,0,2,0,33726ebb-721a-4177-a12a-1beec88ce573,203BN,,0,0,1601709875648,0,0
plugin_ios_activity_recognition,"[""stationary""]",0,2,0,33726ebb-721a-4177-a12a-1beec88ce573,203BN,,0,1,1601709880754,0,0
plugin_ios_activity_recognition,,0,2,0,33726ebb-721a-4177-a12a-1beec88ce573,203BN,,0,0,1601709977490,0,0
plugin_ios_activity_recognition,"[""stationary""]",0,2,0,33726ebb-721a-4177-a12a-1beec88ce573,203BN,,0,1,1601709982910,0,0
plugin_ios_activity_recognition,,0,2,0,33726ebb-721a-4177-a12a-1beec88ce573,203BN,,0,0,1601709983230,0,0
plugin_ios_activity_recognition,"[""stationary""]",0,2,0,33726ebb-721a-4177-a12a-1beec88ce573,203BN,,0,1,1601710004003,0,0
plugin_ios_activity_recognition,"[""stationary""]",0,2,0,33726ebb-721a-4177-a12a-1beec88ce573,203BN,,0,1,1601710024881,0,0
plugin_ios_activity_recognition,,0,2,0,33726ebb-721a-4177-a12a-1beec88ce573,203BN,,0,0,1601710096998,0,0
plugin_ios_activity_recognition,"[""stationary""]",0,2,0,33726ebb-721a-4177-a12a-1beec88ce573,203BN,,0,1,1601710104384,0,0
plugin_ios_activity_recognition,"[""stationary""]",0,2,0,33726ebb-721a-4177-a12a-1beec88ce573,203BN,,0,1,1601710204941,0,0
plugin_ios_activity_recognition,"[""stationary""]",0,2,0,33726ebb-721a-4177-a12a-1beec88ce573,203BN,,0,1,1601710384880,0,0
plugin_ios_activity_recognition,"[""stationary""]",0,2,0,33726ebb-721a-4177-a12a-1beec88ce573,203BN,supplement,0,1,1601710564880,0,0
plugin_ios_activity_recognition,"[""stationary""]",0,2,0,33726ebb-721a-4177-a12a-1beec88ce573,203BN,,0,1,1601710564882,0,0
plugin_ios_activity_recognition,"[""stationary""]",0,2,0,33726ebb-721a-4177-a12a-1beec88ce573,203BN,supplement,0,1,1601710744880,0,0
plugin_ios_activity_recognition,"[""stationary""]",0,2,0,33726ebb-721a-4177-a12a-1beec88ce573,203BN,,0,1,1601710744881,0,0
plugin_ios_activity_recognition,,0,2,0,33726ebb-721a-4177-a12a-1beec88ce573,203BN,,0,0,1601710768940,0,0
plugin_ios_activity_recognition,"[""stationary""]",0,2,0,33726ebb-721a-4177-a12a-1beec88ce573,203BN,,0,1,1601710782317,0,0
plugin_ios_activity_recognition,"[""stationary""]",0,2,0,33726ebb-721a-4177-a12a-1beec88ce573,203BN,,0,1,1601710924977,0,0
plugin_ios_activity_recognition,"[""stationary""]",0,2,0,33726ebb-721a-4177-a12a-1beec88ce573,203BN,,0,1,1601711104883,0,0
plugin_ios_activity_recognition,,0,2,0,33726ebb-721a-4177-a12a-1beec88ce573,203BN,,0,0,1601711128934,0,0
plugin_ios_activity_recognition,"[""stationary""]",0,2,0,33726ebb-721a-4177-a12a-1beec88ce573,203BN,,0,1,1601711137557,0,0
plugin_ios_activity_recognition,,0,2,0,33726ebb-721a-4177-a12a-1beec88ce573,203BN,,0,0,1601711157090,0,0
plugin_ios_activity_recognition,"[""stationary""]",0,2,0,33726ebb-721a-4177-a12a-1beec88ce573,203BN,,0,1,1601711161278,0,0
plugin_ios_activity_recognition,"[""stationary""]",0,2,0,33726ebb-721a-4177-a12a-1beec88ce573,203BN,,0,1,1601711284883,0,0
plugin_ios_activity_recognition,,0,2,0,33726ebb-721a-4177-a12a-1beec88ce573,203BN,,0,0,1601711378886,0,0
plugin_ios_activity_recognition,"[""stationary""]",0,2,0,33726ebb-721a-4177-a12a-1beec88ce573,203BN,,0,1,1601711385271,0,0
plugin_ios_activity_recognition,"[""stationary""]",0,2,0,33726ebb-721a-4177-a12a-1beec88ce573,203BN,,0,1,1601711464883,0,0
plugin_ios_activity_recognition,"[""stationary""]",0,2,0,33726ebb-721a-4177-a12a-1beec88ce573,203BN,supplement,0,1,1601711644883,0,0
plugin_ios_activity_recognition,"[""stationary""]",0,2,0,33726ebb-721a-4177-a12a-1beec88ce573,203BN,,0,1,1601711644895,0,0
plugin_ios_activity_recognition,"[""stationary""]",0,2,0,33726ebb-721a-4177-a12a-1beec88ce573,203BN,supplement,0,1,1601711824883,0,0
plugin_ios_activity_recognition,"[""stationary""]",0,2,0,33726ebb-721a-4177-a12a-1beec88ce573,203BN,,0,1,1601711824885,0,0
plugin_ios_activity_recognition,"[""stationary""]",0,2,0,33726ebb-721a-4177-a12a-1beec88ce573,203BN,supplement,0,1,1601712004885,0,0
plugin_ios_activity_recognition,"[""stationary""]",0,2,0,33726ebb-721a-4177-a12a-1beec88ce573,203BN,,0,1,1601712004888,0,0
plugin_ios_activity_recognition,"[""stationary""]",0,2,0,33726ebb-721a-4177-a12a-1beec88ce573,203BN,supplement,0,1,1601712184885,0,0
plugin_ios_activity_recognition,"[""stationary""]",0,2,0,33726ebb-721a-4177-a12a-1beec88ce573,203BN,supplement,0,1,1601712184888,0,0
plugin_ios_activity_recognition,"[""stationary""]",0,2,0,33726ebb-721a-4177-a12a-1beec88ce573,203BN,,0,1,1601712184889,0,0
plugin_ios_activity_recognition,"[""stationary""]",0,2,0,33726ebb-721a-4177-a12a-1beec88ce573,203BN,supplement,0,1,1601712364888,0,0
plugin_ios_activity_recognition,"[""stationary""]",0,2,0,33726ebb-721a-4177-a12a-1beec88ce573,203BN,supplement,0,1,1601712364889,0,0
plugin_ios_activity_recognition,"[""stationary""]",0,2,0,33726ebb-721a-4177-a12a-1beec88ce573,203BN,,0,1,1601712364904,0,0
plugin_ios_activity_recognition,"[""stationary""]",0,2,0,33726ebb-721a-4177-a12a-1beec88ce573,203BN,supplement,0,1,1601712544889,0,0
plugin_ios_activity_recognition,"[""stationary""]",0,2,0,33726ebb-721a-4177-a12a-1beec88ce573,203BN,,0,1,1601712544890,0,0
plugin_ios_activity_recognition,"[""stationary""]",0,2,0,33726ebb-721a-4177-a12a-1beec88ce573,203BN,supplement,0,1,1601712724890,0,0
plugin_ios_activity_recognition,"[""stationary""]",0,2,0,33726ebb-721a-4177-a12a-1beec88ce573,203BN,,0,1,1601712724891,0,0
plugin_ios_activity_recognition,"[""stationary""]",0,2,0,33726ebb-721a-4177-a12a-1beec88ce573,203BN,supplement,0,1,1601712904890,0,0
plugin_ios_activity_recognition,"[""stationary""]",0,2,0,33726ebb-721a-4177-a12a-1beec88ce573,203BN,,0,1,1601712904891,0,0
plugin_ios_activity_recognition,,0,2,0,33726ebb-721a-4177-a12a-1beec88ce573,203BN,,0,0,1601713070204,0,0
plugin_ios_activity_recognition,"[""stationary""]",0,2,0,33726ebb-721a-4177-a12a-1beec88ce573,203BN,supplement,0,1,1601713084891,0,0
plugin_ios_activity_recognition,,0,2,0,33726ebb-721a-4177-a12a-1beec88ce573,203BN,,0,0,1601713084948,0,0
plugin_ios_activity_recognition,"[""stationary""]",0,2,0,33726ebb-721a-4177-a12a-1beec88ce573,203BN,,0,1,1601713090648,0,0
plugin_ios_activity_recognition,,0,2,0,33726ebb-721a-4177-a12a-1beec88ce573,203BN,,0,0,1601713222118,0,0
plugin_ios_activity_recognition,"[""stationary""]",0,2,0,33726ebb-721a-4177-a12a-1beec88ce573,203BN,,0,1,1601713225631,0,0
plugin_ios_activity_recognition,"[""stationary""]",0,2,0,33726ebb-721a-4177-a12a-1beec88ce573,203BN,,0,1,1601713264894,0,0
plugin_ios_activity_recognition,,0,2,0,33726ebb-721a-4177-a12a-1beec88ce573,203BN,,0,0,1601713439886,0,0
plugin_ios_activity_recognition,,0,2,0,33726ebb-721a-4177-a12a-1beec88ce573,203BN,,0,0,1601713444894,0,0
plugin_ios_activity_recognition,"[""stationary""]",0,2,0,33726ebb-721a-4177-a12a-1beec88ce573,203BN,,0,1,1601713457447,0,0
plugin_ios_activity_recognition,,0,2,0,33726ebb-721a-4177-a12a-1beec88ce573,203BN,,0,0,1601713496882,0,0
plugin_ios_activity_recognition,"[""stationary""]",0,2,0,33726ebb-721a-4177-a12a-1beec88ce573,203BN,,0,1,1601713503304,0,0
plugin_ios_activity_recognition,,0,2,0,33726ebb-721a-4177-a12a-1beec88ce573,203BN,,0,0,1601713517035,0,0
plugin_ios_activity_recognition,"[""stationary""]",0,2,0,33726ebb-721a-4177-a12a-1beec88ce573,203BN,,0,1,1601713528221,0,0
plugin_ios_activity_recognition,,0,2,0,33726ebb-721a-4177-a12a-1beec88ce573,203BN,,0,0,1601713587893,0,0
plugin_ios_activity_recognition,"[""stationary""]",0,2,0,33726ebb-721a-4177-a12a-1beec88ce573,203BN,,0,1,1601713602519,0,0
plugin_ios_activity_recognition,"[""stationary""]",0,2,0,33726ebb-721a-4177-a12a-1beec88ce573,203BN,,0,1,1601713624895,0,0
plugin_ios_activity_recognition,,0,2,0,33726ebb-721a-4177-a12a-1beec88ce573,203BN,,0,0,1601713628167,0,0
plugin_ios_activity_recognition,"[""stationary""]",0,2,0,33726ebb-721a-4177-a12a-1beec88ce573,203BN,,0,1,1601713632638,0,0
plugin_ios_activity_recognition,,0,2,0,33726ebb-721a-4177-a12a-1beec88ce573,203BN,,0,0,1601713647029,0,0
plugin_ios_activity_recognition,"[""stationary""]",0,2,0,33726ebb-721a-4177-a12a-1beec88ce573,203BN,,0,1,1601713675142,0,0
plugin_ios_activity_recognition,,0,2,0,33726ebb-721a-4177-a12a-1beec88ce573,203BN,,0,0,1601713734781,0,0
plugin_ios_activity_recognition,"[""stationary""]",0,2,0,33726ebb-721a-4177-a12a-1beec88ce573,203BN,,0,1,1601713738969,0,0
plugin_ios_activity_recognition,,0,2,0,33726ebb-721a-4177-a12a-1beec88ce573,203BN,,0,0,1601713758773,0,0
plugin_ios_activity_recognition,"[""stationary""]",0,2,0,33726ebb-721a-4177-a12a-1beec88ce573,203BN,,0,1,1601713768041,0,0
plugin_ios_activity_recognition,,0,2,0,33726ebb-721a-4177-a12a-1beec88ce573,203BN,,0,0,1601713785645,0,0
plugin_ios_activity_recognition,"[""stationary""]",0,2,0,33726ebb-721a-4177-a12a-1beec88ce573,203BN,,0,1,1601713792345,0,0
plugin_ios_activity_recognition,"[""stationary""]",0,2,0,33726ebb-721a-4177-a12a-1beec88ce573,203BN,,0,1,1601713804933,0,0
plugin_ios_activity_recognition,,0,2,0,33726ebb-721a-4177-a12a-1beec88ce573,203BN,,0,0,1601713867960,0,0
plugin_ios_activity_recognition,"[""stationary""]",0,2,0,33726ebb-721a-4177-a12a-1beec88ce573,203BN,,0,1,1601713877548,0,0
plugin_ios_activity_recognition,,0,2,0,33726ebb-721a-4177-a12a-1beec88ce573,203BN,,0,0,1601713923691,0,0
plugin_ios_activity_recognition,"[""stationary""]",0,2,0,33726ebb-721a-4177-a12a-1beec88ce573,203BN,,0,1,1601713929751,0,0
plugin_ios_activity_recognition,,0,2,0,33726ebb-721a-4177-a12a-1beec88ce573,203BN,,0,0,1601713975586,0,0
plugin_ios_activity_recognition,"[""stationary""]",0,2,0,33726ebb-721a-4177-a12a-1beec88ce573,203BN,,0,1,1601713982606,0,0
plugin_ios_activity_recognition,"[""stationary""]",0,2,0,33726ebb-721a-4177-a12a-1beec88ce573,203BN,,0,1,1601713984899,0,0
plugin_ios_activity_recognition,"[""stationary""]",0,2,0,33726ebb-721a-4177-a12a-1beec88ce573,203BN,,0,1,1601714164898,0,0
plugin_ios_activity_recognition,,0,2,0,33726ebb-721a-4177-a12a-1beec88ce573,203BN,,0,0,1601714172176,0,0
plugin_ios_activity_recognition,"[""stationary""]",0,2,0,33726ebb-721a-4177-a12a-1beec88ce573,203BN,,0,1,1601714178208,0,0
plugin_ios_activity_recognition,,0,2,0,33726ebb-721a-4177-a12a-1beec88ce573,203BN,,0,0,1601714225979,0,0
plugin_ios_activity_recognition,"[""stationary""]",0,2,0,33726ebb-721a-4177-a12a-1beec88ce573,203BN,,0,1,1601714233668,0,0
plugin_ios_activity_recognition,,0,2,0,33726ebb-721a-4177-a12a-1beec88ce573,203BN,,0,0,1601714242928,0,0
plugin_ios_activity_recognition,"[""stationary""]",0,2,0,33726ebb-721a-4177-a12a-1beec88ce573,203BN,,0,1,1601714251565,0,0
plugin_ios_activity_recognition,"[""stationary""]",0,2,0,33726ebb-721a-4177-a12a-1beec88ce573,203BN,,0,1,1601714344899,0,0
plugin_ios_activity_recognition,,0,2,0,33726ebb-721a-4177-a12a-1beec88ce573,203BN,,0,0,1601714348356,0,0
plugin_ios_activity_recognition,"[""stationary""]",0,2,0,33726ebb-721a-4177-a12a-1beec88ce573,203BN,,0,1,1601714351873,0,0
plugin_ios_activity_recognition,"[""stationary""]",0,2,0,33726ebb-721a-4177-a12a-1beec88ce573,203BN,,0,1,1601714524995,0,0
plugin_ios_activity_recognition,"[""stationary""]",0,2,0,33726ebb-721a-4177-a12a-1beec88ce573,203BN,,0,1,1601714704902,0,0
plugin_ios_activity_recognition,"[""stationary""]",0,2,0,33726ebb-721a-4177-a12a-1beec88ce573,203BN,supplement,0,1,1601714884902,0,0
plugin_ios_activity_recognition,"[""stationary""]",0,2,0,33726ebb-721a-4177-a12a-1beec88ce573,203BN,,0,1,1601714884903,0,0
plugin_ios_activity_recognition,,0,2,0,33726ebb-721a-4177-a12a-1beec88ce573,203BN,,0,0,1601714891848,0,0
plugin_ios_activity_recognition,"[""stationary""]",0,2,0,33726ebb-721a-4177-a12a-1beec88ce573,203BN,,0,1,1601714905883,0,0
plugin_ios_activity_recognition,,0,2,0,33726ebb-721a-4177-a12a-1beec88ce573,203BN,,0,0,1601715027117,0,0
plugin_ios_activity_recognition,"[""stationary""]",0,2,0,33726ebb-721a-4177-a12a-1beec88ce573,203BN,,0,1,1601715032871,0,0
plugin_ios_activity_recognition,"[""stationary""]",0,2,0,33726ebb-721a-4177-a12a-1beec88ce573,203BN,supplement,0,1,1601715064902,0,0
plugin_ios_activity_recognition,"[""stationary""]",0,2,0,33726ebb-721a-4177-a12a-1beec88ce573,203BN,,0,1,1601715064904,0,0
plugin_ios_activity_recognition,"[""stationary""]",0,2,0,33726ebb-721a-4177-a12a-1beec88ce573,203BN,supplement,0,1,1601715244904,0,0
plugin_ios_activity_recognition,"[""stationary""]",0,2,0,33726ebb-721a-4177-a12a-1beec88ce573,203BN,,0,1,1601715244916,0,0
plugin_ios_activity_recognition,"[""stationary""]",0,2,0,33726ebb-721a-4177-a12a-1beec88ce573,203BN,supplement,0,1,1601715424904,0,0
plugin_ios_activity_recognition,"[""stationary""]",0,2,0,33726ebb-721a-4177-a12a-1beec88ce573,203BN,,0,1,1601715424905,0,0
plugin_ios_activity_recognition,"[""stationary""]",0,2,0,33726ebb-721a-4177-a12a-1beec88ce573,203BN,supplement,0,1,1601715604905,0,0
plugin_ios_activity_recognition,"[""stationary""]",0,2,0,33726ebb-721a-4177-a12a-1beec88ce573,203BN,,0,1,1601715604906,0,0
plugin_ios_activity_recognition,"[""stationary""]",0,2,0,33726ebb-721a-4177-a12a-1beec88ce573,203BN,supplement,0,1,1601715784905,0,0
plugin_ios_activity_recognition,"[""stationary""]",0,2,0,33726ebb-721a-4177-a12a-1beec88ce573,203BN,supplement,0,1,1601715784906,0,0
plugin_ios_activity_recognition,,0,2,0,33726ebb-721a-4177-a12a-1beec88ce573,203BN,,0,0,1601715850294,0,0
plugin_ios_activity_recognition,"[""stationary""]",0,2,0,33726ebb-721a-4177-a12a-1beec88ce573,203BN,,0,1,1601715871048,0,0
plugin_ios_activity_recognition,"[""stationary""]",0,2,0,33726ebb-721a-4177-a12a-1beec88ce573,203BN,supplement,0,1,1601715964906,0,0
plugin_ios_activity_recognition,"[""stationary""]",0,2,0,33726ebb-721a-4177-a12a-1beec88ce573,203BN,,0,1,1601715964911,0,0
plugin_ios_activity_recognition,,0,2,0,33726ebb-721a-4177-a12a-1beec88ce573,203BN,,0,0,1601715989380,0,0
plugin_ios_activity_recognition,"[""stationary""]",0,2,0,33726ebb-721a-4177-a12a-1beec88ce573,203BN,,0,1,1601716015864,0,0
plugin_ios_activity_recognition,,0,2,0,33726ebb-721a-4177-a12a-1beec88ce573,203BN,,0,0,1601716024807,0,0
plugin_ios_activity_recognition,"[""stationary""]",0,2,0,33726ebb-721a-4177-a12a-1beec88ce573,203BN,,0,1,1601716030238,0,0
plugin_ios_activity_recognition,"[""stationary""]",0,2,0,33726ebb-721a-4177-a12a-1beec88ce573,203BN,,0,1,1601716144945,0,0
plugin_ios_activity_recognition,"[""stationary""]",0,2,0,33726ebb-721a-4177-a12a-1beec88ce573,203BN,,0,1,1601716324908,0,0
plugin_ios_activity_recognition,,0,2,0,33726ebb-721a-4177-a12a-1beec88ce573,203BN,,0,0,1601716355759,0,0
plugin_ios_activity_recognition,"[""stationary""]",0,2,0,33726ebb-721a-4177-a12a-1beec88ce573,203BN,,0,1,1601716359288,0,0
plugin_ios_activity_recognition,,0,2,0,33726ebb-721a-4177-a12a-1beec88ce573,203BN,,0,0,1601716360869,0,0
plugin_ios_activity_recognition,"[""stationary""]",0,2,0,33726ebb-721a-4177-a12a-1beec88ce573,203BN,,0,1,1601716381309,0,0
plugin_ios_activity_recognition,"[""stationary""]",0,2,0,33726ebb-721a-4177-a12a-1beec88ce573,203BN,,0,1,1601716504908,0,0
plugin_ios_activity_recognition,"[""stationary""]",0,2,0,33726ebb-721a-4177-a12a-1beec88ce573,203BN,supplement,0,1,1601716684908,0,0
plugin_ios_activity_recognition,"[""stationary""]",0,2,0,33726ebb-721a-4177-a12a-1beec88ce573,203BN,,0,1,1601716684962,0,0
plugin_ios_activity_recognition,,0,2,0,33726ebb-721a-4177-a12a-1beec88ce573,203BN,,0,0,1601716849568,0,0
plugin_ios_activity_recognition,"[""stationary""]",0,2,0,33726ebb-721a-4177-a12a-1beec88ce573,203BN,,0,1,1601716859460,0,0
plugin_ios_activity_recognition,"[""stationary""]",0,2,0,33726ebb-721a-4177-a12a-1beec88ce573,203BN,supplement,0,1,1601716864908,0,0
plugin_ios_activity_recognition,"[""stationary""]",0,2,0,33726ebb-721a-4177-a12a-1beec88ce573,203BN,,0,1,1601716864910,0,0
plugin_ios_activity_recognition,,0,2,0,33726ebb-721a-4177-a12a-1beec88ce573,203BN,,0,0,1601716967845,0,0
plugin_ios_activity_recognition,"[""stationary""]",0,2,0,33726ebb-721a-4177-a12a-1beec88ce573,203BN,,0,1,1601716973568,0,0
plugin_ios_activity_recognition,,0,2,0,33726ebb-721a-4177-a12a-1beec88ce573,203BN,,0,0,1601716975165,0,0
plugin_ios_activity_recognition,"[""stationary""]",0,2,0,33726ebb-721a-4177-a12a-1beec88ce573,203BN,,0,1,1601716980915,0,0
plugin_ios_activity_recognition,"[""stationary""]",0,2,0,33726ebb-721a-4177-a12a-1beec88ce573,203BN,,0,1,1601717044911,0,0
plugin_ios_activity_recognition,,0,2,0,33726ebb-721a-4177-a12a-1beec88ce573,203BN,,0,0,1601717149944,0,0
plugin_ios_activity_recognition,"[""stationary""]",0,2,0,33726ebb-721a-4177-a12a-1beec88ce573,203BN,,0,1,1601717153418,0,0
plugin_ios_activity_recognition,,0,2,0,33726ebb-721a-4177-a12a-1beec88ce573,203BN,,0,0,1601717221349,0,0
plugin_ios_activity_recognition,,0,2,0,33726ebb-721a-4177-a12a-1beec88ce573,203BN,,0,0,1601717224912,0,0
plugin_ios_activity_recognition,"[""stationary""]",0,2,0,33726ebb-721a-4177-a12a-1beec88ce573,203BN,,0,1,1601717228373,0,0
plugin_ios_activity_recognition,,0,2,0,33726ebb-721a-4177-a12a-1beec88ce573,203BN,,0,0,1601717302453,0,0
plugin_ios_activity_recognition,"[""stationary""]",0,2,0,33726ebb-721a-4177-a12a-1beec88ce573,203BN,,0,1,1601717308513,0,0
plugin_ios_activity_recognition,,0,2,0,33726ebb-721a-4177-a12a-1beec88ce573,203BN,,0,0,1601717320041,0,0
plugin_ios_activity_recognition,"[""stationary""]",0,2,0,33726ebb-721a-4177-a12a-1beec88ce573,203BN,,0,1,1601717337293,0,0
plugin_ios_activity_recognition,,0,2,0,33726ebb-721a-4177-a12a-1beec88ce573,203BN,,0,0,1601717398228,0,0
plugin_ios_activity_recognition,"[""stationary""]",0,2,0,33726ebb-721a-4177-a12a-1beec88ce573,203BN,,0,1,1601717403718,0,0
plugin_ios_activity_recognition,,0,2,0,33726ebb-721a-4177-a12a-1beec88ce573,203BN,,0,0,1601717404317,0,0
plugin_ios_activity_recognition,,0,2,0,33726ebb-721a-4177-a12a-1beec88ce573,203BN,,0,0,1601717404972,0,0
plugin_ios_activity_recognition,"[""stationary""]",0,2,0,33726ebb-721a-4177-a12a-1beec88ce573,203BN,,0,1,1601717409748,0,0
plugin_ios_activity_recognition,,0,2,0,33726ebb-721a-4177-a12a-1beec88ce573,203BN,,0,0,1601717414539,0,0
plugin_ios_activity_recognition,"[""stationary""]",0,2,0,33726ebb-721a-4177-a12a-1beec88ce573,203BN,,0,1,1601717424440,0,0
plugin_ios_activity_recognition,,0,2,0,33726ebb-721a-4177-a12a-1beec88ce573,203BN,,0,0,1601717502359,0,0
plugin_ios_activity_recognition,"[""stationary""]",0,2,0,33726ebb-721a-4177-a12a-1beec88ce573,203BN,,0,1,1601717509373,0,0
plugin_ios_activity_recognition,,0,2,0,33726ebb-721a-4177-a12a-1beec88ce573,203BN,,0,0,1601717560641,0,0
plugin_ios_activity_recognition,"[""stationary""]",0,2,0,33726ebb-721a-4177-a12a-1beec88ce573,203BN,,0,1,1601717566711,0,0
plugin_ios_activity_recognition,,0,2,0,33726ebb-721a-4177-a12a-1beec88ce573,203BN,,0,0,1601717577269,0,0
plugin_ios_activity_recognition,"[""stationary""]",0,2,0,33726ebb-721a-4177-a12a-1beec88ce573,203BN,,0,1,1601717582700,0,0
plugin_ios_activity_recognition,"[""stationary""]",0,2,0,33726ebb-721a-4177-a12a-1beec88ce573,203BN,,0,1,1601717584913,0,0
plugin_ios_activity_recognition,"[""stationary""]",0,2,0,33726ebb-721a-4177-a12a-1beec88ce573,203BN,,0,1,1601717764913,0,0
plugin_ios_activity_recognition,,0,2,0,33726ebb-721a-4177-a12a-1beec88ce573,203BN,,0,0,1601717805928,0,0
plugin_ios_activity_recognition,"[""stationary""]",0,2,0,33726ebb-721a-4177-a12a-1beec88ce573,203BN,,0,1,1601717811390,0,0
plugin_ios_activity_recognition,,0,2,0,33726ebb-721a-4177-a12a-1beec88ce573,203BN,,0,0,1601717863621,0,0
plugin_ios_activity_recognition,"[""stationary""]",0,2,0,33726ebb-721a-4177-a12a-1beec88ce573,203BN,,0,1,1601717867823,0,0
plugin_ios_activity_recognition,,0,2,0,33726ebb-721a-4177-a12a-1beec88ce573,203BN,,0,0,1601717868417,0,0
plugin_ios_activity_recognition,"[""stationary""]",0,2,0,33726ebb-721a-4177-a12a-1beec88ce573,203BN,,0,1,1601717880243,0,0
plugin_ios_activity_recognition,,0,2,0,33726ebb-721a-4177-a12a-1beec88ce573,203BN,,0,0,1601717891125,0,0
plugin_ios_activity_recognition,"[""stationary""]",0,2,0,33726ebb-721a-4177-a12a-1beec88ce573,203BN,,0,1,1601717899758,0,0
plugin_ios_activity_recognition,,0,2,0,33726ebb-721a-4177-a12a-1beec88ce573,203BN,,0,0,1601717915439,0,0
plugin_ios_activity_recognition,"[""stationary""]",0,2,0,33726ebb-721a-4177-a12a-1beec88ce573,203BN,,0,1,1601717935578,0,0
plugin_ios_activity_recognition,,0,2,0,33726ebb-721a-4177-a12a-1beec88ce573,203BN,,0,0,1601717937492,0,0
plugin_ios_activity_recognition,"[""stationary""]",0,2,0,33726ebb-721a-4177-a12a-1beec88ce573,203BN,,0,1,1601717940999,0,0
plugin_ios_activity_recognition,"[""stationary""]",0,2,0,33726ebb-721a-4177-a12a-1beec88ce573,203BN,,0,1,1601717944913,0,0
plugin_ios_activity_recognition,"[""stationary""]",0,2,0,33726ebb-721a-4177-a12a-1beec88ce573,203BN,supplement,0,1,1601718124913,0,0
plugin_ios_activity_recognition,"[""stationary""]",0,2,0,33726ebb-721a-4177-a12a-1beec88ce573,203BN,,0,1,1601718124973,0,0
plugin_ios_activity_recognition,,0,2,0,33726ebb-721a-4177-a12a-1beec88ce573,203BN,,0,0,1601718254990,0,0
plugin_ios_activity_recognition,"[""stationary""]",0,2,0,33726ebb-721a-4177-a12a-1beec88ce573,203BN,,0,1,1601718265846,0,0
plugin_ios_activity_recognition,"[""stationary""]",0,2,0,33726ebb-721a-4177-a12a-1beec88ce573,203BN,supplement,0,1,1601718304913,0,0
plugin_ios_activity_recognition,"[""stationary""]",0,2,0,33726ebb-721a-4177-a12a-1beec88ce573,203BN,,0,1,1601718304914,0,0
plugin_ios_activity_recognition,,0,2,0,33726ebb-721a-4177-a12a-1beec88ce573,203BN,,0,0,1601718454337,0,0
plugin_ios_activity_recognition,"[""stationary""]",0,2,0,33726ebb-721a-4177-a12a-1beec88ce573,203BN,,0,1,1601718461366,0,0
plugin_ios_activity_recognition,"[""stationary""]",0,2,0,33726ebb-721a-4177-a12a-1beec88ce573,203BN,,0,1,1601718484915,0,0
plugin_ios_activity_recognition,"[""stationary""]",0,2,0,33726ebb-721a-4177-a12a-1beec88ce573,203BN,supplement,0,1,1601718664915,0,0
plugin_ios_activity_recognition,"[""stationary""]",0,2,0,33726ebb-721a-4177-a12a-1beec88ce573,203BN,,0,1,1601718664916,0,0
plugin_ios_activity_recognition,"[""stationary""]",0,2,0,33726ebb-721a-4177-a12a-1beec88ce573,203BN,supplement,0,1,1601718844915,0,0
plugin_ios_activity_recognition,"[""stationary""]",0,2,0,33726ebb-721a-4177-a12a-1beec88ce573,203BN,supplement,0,1,1601718844916,0,0
plugin_ios_activity_recognition,"[""stationary""]",0,2,0,33726ebb-721a-4177-a12a-1beec88ce573,203BN,,0,1,1601718845012,0,0
plugin_ios_activity_recognition,"[""stationary""]",0,2,0,33726ebb-721a-4177-a12a-1beec88ce573,203BN,supplement,0,1,1601719024916,0,0
plugin_ios_activity_recognition,"[""stationary""]",0,2,0,33726ebb-721a-4177-a12a-1beec88ce573,203BN,,0,1,1601719024917,0,0
plugin_ios_activity_recognition,"[""stationary""]",0,2,0,33726ebb-721a-4177-a12a-1beec88ce573,203BN,supplement,0,1,1601719204917,0,0
plugin_ios_activity_recognition,"[""stationary""]",0,2,0,33726ebb-721a-4177-a12a-1beec88ce573,203BN,,0,1,1601719204918,0,0
plugin_ios_activity_recognition,"[""stationary""]",0,2,0,33726ebb-721a-4177-a12a-1beec88ce573,203BN,supplement,0,1,1601719384917,0,0
plugin_ios_activity_recognition,"[""stationary""]",0,2,0,33726ebb-721a-4177-a12a-1beec88ce573,203BN,supplement,0,1,1601719384918,0,0
plugin_ios_activity_recognition,"[""stationary""]",0,2,0,33726ebb-721a-4177-a12a-1beec88ce573,203BN,,0,1,1601719384919,0,0
plugin_ios_activity_recognition,,0,2,0,33726ebb-721a-4177-a12a-1beec88ce573,203BN,,0,0,1601719481867,0,0
plugin_ios_activity_recognition,"[""stationary""]",0,2,0,33726ebb-721a-4177-a12a-1beec88ce573,203BN,,0,1,1601719490795,0,0
plugin_ios_activity_recognition,,0,2,0,33726ebb-721a-4177-a12a-1beec88ce573,203BN,,0,0,1601719495266,0,0
plugin_ios_activity_recognition,"[""stationary""]",0,2,0,33726ebb-721a-4177-a12a-1beec88ce573,203BN,,0,1,1601719505492,0,0
plugin_ios_activity_recognition,"[""stationary""]",0,2,0,33726ebb-721a-4177-a12a-1beec88ce573,203BN,supplement,0,1,1601719564918,0,0
plugin_ios_activity_recognition,"[""stationary""]",0,2,0,33726ebb-721a-4177-a12a-1beec88ce573,203BN,,0,1,1601719565011,0,0
plugin_ios_activity_recognition,,0,2,0,33726ebb-721a-4177-a12a-1beec88ce573,203BN,,0,0,1601719643108,0,0
plugin_ios_activity_recognition,"[""stationary""]",0,2,0,33726ebb-721a-4177-a12a-1beec88ce573,203BN,,0,1,1601719647894,0,0
plugin_ios_activity_recognition,,0,2,0,33726ebb-721a-4177-a12a-1beec88ce573,203BN,,0,0,1601719651406,0,0
plugin_ios_activity_recognition,"[""walking""]",0,1,0,33726ebb-721a-4177-a12a-1beec88ce573,203BN,,0,0,1601719655290,0,1
plugin_ios_activity_recognition,"[""stationary""]",0,2,0,33726ebb-721a-4177-a12a-1beec88ce573,203BN,,0,1,1601719667068,0,0
plugin_ios_activity_recognition,"[""stationary""]",0,2,0,33726ebb-721a-4177-a12a-1beec88ce573,203BN,,0,1,1601719744920,0,0
plugin_ios_activity_recognition,,0,2,0,33726ebb-721a-4177-a12a-1beec88ce573,203BN,,0,0,1601719779009,0,0
plugin_ios_activity_recognition,"[""stationary""]",0,2,0,33726ebb-721a-4177-a12a-1beec88ce573,203BN,,0,1,1601719782516,0,0
plugin_ios_activity_recognition,"[""stationary""]",0,2,0,33726ebb-721a-4177-a12a-1beec88ce573,203BN,,0,1,1601719924921,0,0
plugin_ios_activity_recognition,,0,2,0,33726ebb-721a-4177-a12a-1beec88ce573,203BN,,0,0,1601719959509,0,0
plugin_ios_activity_recognition,"[""stationary""]",0,2,0,33726ebb-721a-4177-a12a-1beec88ce573,203BN,,0,1,1601719973563,0,0
plugin_ios_activity_recognition,,0,2,0,33726ebb-721a-4177-a12a-1beec88ce573,203BN,,0,0,1601720043783,0,0
plugin_ios_activity_recognition,"[""stationary""]",0,2,0,33726ebb-721a-4177-a12a-1beec88ce573,203BN,,0,1,1601720047935,0,0
plugin_ios_activity_recognition,"[""stationary""]",0,2,0,33726ebb-721a-4177-a12a-1beec88ce573,203BN,,0,1,1601720104922,0,0
plugin_ios_activity_recognition,,0,2,0,33726ebb-721a-4177-a12a-1beec88ce573,203BN,,0,0,1601720209495,0,0
plugin_ios_activity_recognition,"[""stationary""]",0,2,0,33726ebb-721a-4177-a12a-1beec88ce573,203BN,,0,1,1601720223544,0,0
plugin_ios_activity_recognition,,0,2,0,33726ebb-721a-4177-a12a-1beec88ce573,203BN,,0,0,1601720270317,0,0
plugin_ios_activity_recognition,"[""stationary""]",0,2,0,33726ebb-721a-4177-a12a-1beec88ce573,203BN,,0,1,1601720278615,0,0
plugin_ios_activity_recognition,"[""stationary""]",0,2,0,33726ebb-721a-4177-a12a-1beec88ce573,203BN,,0,1,1601720284921,0,0
plugin_ios_activity_recognition,,0,2,0,33726ebb-721a-4177-a12a-1beec88ce573,203BN,,0,0,1601720313223,0,0
plugin_ios_activity_recognition,"[""stationary""]",0,2,0,33726ebb-721a-4177-a12a-1beec88ce573,203BN,,0,1,1601720318005,0,0
plugin_ios_activity_recognition,,0,2,0,33726ebb-721a-4177-a12a-1beec88ce573,203BN,,0,0,1601720326638,0,0
plugin_ios_activity_recognition,"[""stationary""]",0,2,0,33726ebb-721a-4177-a12a-1beec88ce573,203BN,,0,1,1601720345499,0,0
plugin_ios_activity_recognition,,0,2,0,33726ebb-721a-4177-a12a-1beec88ce573,203BN,,0,0,1601720358948,0,0
plugin_ios_activity_recognition,"[""stationary""]",0,2,0,33726ebb-721a-4177-a12a-1beec88ce573,203BN,,0,1,1601720374271,0,0
plugin_ios_activity_recognition,,0,2,0,33726ebb-721a-4177-a12a-1beec88ce573,203BN,,0,0,1601720404697,0,0
plugin_ios_activity_recognition,"[""stationary""]",0,2,0,33726ebb-721a-4177-a12a-1beec88ce573,203BN,,0,1,1601720408214,0,0
plugin_ios_activity_recognition,,0,2,0,33726ebb-721a-4177-a12a-1beec88ce573,203BN,,0,0,1601720452455,0,0
plugin_ios_activity_recognition,"[""stationary""]",0,2,0,33726ebb-721a-4177-a12a-1beec88ce573,203BN,,0,1,1601720460114,0,0
plugin_ios_activity_recognition,"[""stationary""]",0,2,0,33726ebb-721a-4177-a12a-1beec88ce573,203BN,,0,1,1601720464923,0,0
plugin_ios_activity_recognition,"[""stationary""]",0,2,0,33726ebb-721a-4177-a12a-1beec88ce573,203BN,,0,1,1601720644921,0,0
plugin_ios_activity_recognition,"[""stationary""]",0,2,0,33726ebb-721a-4177-a12a-1beec88ce573,203BN,,0,1,1601720824918,0,0
plugin_ios_activity_recognition,"[""stationary""]",0,2,0,33726ebb-721a-4177-a12a-1beec88ce573,203BN,supplement,0,1,1601721004918,0,0
plugin_ios_activity_recognition,"[""stationary""]",0,2,0,33726ebb-721a-4177-a12a-1beec88ce573,203BN,,0,1,1601721005003,0,0
plugin_ios_activity_recognition,"[""stationary""]",0,2,0,33726ebb-721a-4177-a12a-1beec88ce573,203BN,supplement,0,1,1601721184918,0,0
plugin_ios_activity_recognition,"[""stationary""]",0,2,0,33726ebb-721a-4177-a12a-1beec88ce573,203BN,,0,1,1601721184923,0,0
plugin_ios_activity_recognition,"[""stationary""]",0,2,0,33726ebb-721a-4177-a12a-1beec88ce573,203BN,supplement,0,1,1601721364923,0,0
plugin_ios_activity_recognition,"[""stationary""]",0,2,0,33726ebb-721a-4177-a12a-1beec88ce573,203BN,,0,1,1601721544923,0,0
plugin_ios_activity_recognition,"[""stationary""]",0,2,0,33726ebb-721a-4177-a12a-1beec88ce573,203BN,supplement,0,1,1601721724923,0,0
plugin_ios_activity_recognition,"[""stationary""]",0,2,0,33726ebb-721a-4177-a12a-1beec88ce573,203BN,,0,1,1601721725019,0,0
plugin_ios_activity_recognition,,0,2,0,33726ebb-721a-4177-a12a-1beec88ce573,203BN,,0,0,1601721808217,0,0
plugin_ios_activity_recognition,"[""stationary""]",0,2,0,33726ebb-721a-4177-a12a-1beec88ce573,203BN,,0,1,1601721812364,0,0
plugin_ios_activity_recognition,"[""stationary""]",0,2,0,33726ebb-721a-4177-a12a-1beec88ce573,203BN,supplement,0,1,1601721904923,0,0
plugin_ios_activity_recognition,"[""stationary""]",0,2,0,33726ebb-721a-4177-a12a-1beec88ce573,203BN,,0,1,1601721904926,0,0
plugin_ios_activity_recognition,"[""stationary""]",0,2,0,33726ebb-721a-4177-a12a-1beec88ce573,203BN,supplement,0,1,1601722084926,0,0
plugin_ios_activity_recognition,"[""stationary""]",0,2,0,33726ebb-721a-4177-a12a-1beec88ce573,203BN,supplement,0,1,1601722264926,0,0
plugin_ios_activity_recognition,"[""stationary""]",0,2,0,33726ebb-721a-4177-a12a-1beec88ce573,203BN,supplement,0,1,1601722444926,0,0
plugin_ios_activity_recognition,"[""stationary""]",0,2,0,33726ebb-721a-4177-a12a-1beec88ce573,203BN,,0,1,1601722444927,0,0
plugin_ios_activity_recognition,,0,2,0,33726ebb-721a-4177-a12a-1beec88ce573,203BN,,0,0,1601722520808,0,0
plugin_ios_activity_recognition,"[""stationary""]",0,2,0,33726ebb-721a-4177-a12a-1beec88ce573,203BN,,0,1,1601722535830,0,0
plugin_ios_activity_recognition,,0,2,0,33726ebb-721a-4177-a12a-1beec88ce573,203BN,,0,0,1601722604447,0,0
plugin_ios_activity_recognition,"[""stationary""]",0,2,0,33726ebb-721a-4177-a12a-1beec88ce573,203BN,,0,1,1601722616571,0,0
plugin_ios_activity_recognition,,0,2,0,33726ebb-721a-4177-a12a-1beec88ce573,203BN,,0,0,1601722617851,0,0
plugin_ios_activity_recognition,"[""stationary""]",0,2,0,33726ebb-721a-4177-a12a-1beec88ce573,203BN,,0,1,1601722622003,0,0
plugin_ios_activity_recognition,"[""stationary""]",0,2,0,33726ebb-721a-4177-a12a-1beec88ce573,203BN,supplement,0,1,1601722624926,0,0
plugin_ios_activity_recognition,"[""stationary""]",0,2,0,33726ebb-721a-4177-a12a-1beec88ce573,203BN,,0,1,1601722624927,0,0
plugin_ios_activity_recognition,,0,2,0,33726ebb-721a-4177-a12a-1beec88ce573,203BN,,0,0,1601722629992,0,0
plugin_ios_activity_recognition,"[""stationary""]",0,2,0,33726ebb-721a-4177-a12a-1beec88ce573,203BN,,0,1,1601722637653,0,0
plugin_ios_activity_recognition,"[""stationary""]",0,2,0,33726ebb-721a-4177-a12a-1beec88ce573,203BN,,0,1,1601722804928,0,0
plugin_ios_activity_recognition,,0,2,0,33726ebb-721a-4177-a12a-1beec88ce573,203BN,,0,0,1601722815920,0,0
plugin_ios_activity_recognition,"[""stationary""]",0,2,0,33726ebb-721a-4177-a12a-1beec88ce573,203BN,,0,1,1601722823266,0,0
plugin_ios_activity_recognition,"[""stationary""]",0,2,0,33726ebb-721a-4177-a12a-1beec88ce573,203BN,,0,1,1601722984928,0,0
plugin_ios_activity_recognition,,0,2,0,33726ebb-721a-4177-a12a-1beec88ce573,203BN,,0,0,1601723007362,0,0
plugin_ios_activity_recognition,"[""stationary""]",0,2,0,33726ebb-721a-4177-a12a-1beec88ce573,203BN,,0,1,1601723018504,0,0
plugin_ios_activity_recognition,,0,2,0,33726ebb-721a-4177-a12a-1beec88ce573,203BN,,0,0,1601723105708,0,0
plugin_ios_activity_recognition,"[""stationary""]",0,2,0,33726ebb-721a-4177-a12a-1beec88ce573,203BN,,0,1,1601723111769,0,0
plugin_ios_activity_recognition,,0,2,0,33726ebb-721a-4177-a12a-1beec88ce573,203BN,,0,0,1601723121024,0,0
plugin_ios_activity_recognition,"[""stationary""]",0,2,0,33726ebb-721a-4177-a12a-1beec88ce573,203BN,,0,1,1601723133472,0,0
plugin_ios_activity_recognition,,0,2,0,33726ebb-721a-4177-a12a-1beec88ce573,203BN,,0,0,1601723145298,0,0
plugin_ios_activity_recognition,"[""stationary""]",0,2,0,33726ebb-721a-4177-a12a-1beec88ce573,203BN,,0,1,1601723150766,0,0
plugin_ios_activity_recognition,"[""stationary""]",0,2,0,33726ebb-721a-4177-a12a-1beec88ce573,203BN,,0,1,1601723164935,0,0
plugin_ios_activity_recognition,,0,2,0,33726ebb-721a-4177-a12a-1beec88ce573,203BN,,0,0,1601723277951,0,0
plugin_ios_activity_recognition,"[""stationary""]",0,2,0,33726ebb-721a-4177-a12a-1beec88ce573,203BN,,0,1,1601723304524,0,0
plugin_ios_activity_recognition,"[""stationary""]",0,2,0,33726ebb-721a-4177-a12a-1beec88ce573,203BN,,0,1,1601723344937,0,0
plugin_ios_activity_recognition,"[""stationary""]",0,2,0,33726ebb-721a-4177-a12a-1beec88ce573,203BN,supplement,0,1,1601723524937,0,0
plugin_ios_activity_recognition,"[""stationary""]",0,2,0,33726ebb-721a-4177-a12a-1beec88ce573,203BN,,0,1,1601723524938,0,0
plugin_ios_activity_recognition,"[""stationary""]",0,2,0,33726ebb-721a-4177-a12a-1beec88ce573,203BN,supplement,0,1,1601723704937,0,0
plugin_ios_activity_recognition,"[""stationary""]",0,2,0,33726ebb-721a-4177-a12a-1beec88ce573,203BN,supplement,0,1,1601723704938,0,0
plugin_ios_activity_recognition,"[""stationary""]",0,2,0,33726ebb-721a-4177-a12a-1beec88ce573,203BN,,0,1,1601723704940,0,0
plugin_ios_activity_recognition,"[""stationary""]",0,2,0,33726ebb-721a-4177-a12a-1beec88ce573,203BN,supplement,0,1,1601723884938,0,0
plugin_ios_activity_recognition,"[""stationary""]",0,2,0,33726ebb-721a-4177-a12a-1beec88ce573,203BN,supplement,0,1,1601723884940,0,0
plugin_ios_activity_recognition,"[""stationary""]",0,2,0,33726ebb-721a-4177-a12a-1beec88ce573,203BN,,0,1,1601723884991,0,0
plugin_ios_activity_recognition,,0,2,0,33726ebb-721a-4177-a12a-1beec88ce573,203BN,,0,0,1601723935748,0,0
plugin_ios_activity_recognition,"[""stationary""]",0,2,0,33726ebb-721a-4177-a12a-1beec88ce573,203BN,,0,1,1601723953973,0,0
plugin_ios_activity_recognition,"[""stationary""]",0,2,0,33726ebb-721a-4177-a12a-1beec88ce573,203BN,supplement,0,1,1601724064940,0,0
plugin_ios_activity_recognition,"[""stationary""]",0,2,0,33726ebb-721a-4177-a12a-1beec88ce573,203BN,,0,1,1601724064942,0,0
plugin_ios_activity_recognition,"[""stationary""]",0,2,0,33726ebb-721a-4177-a12a-1beec88ce573,203BN,,0,1,1601724244939,0,0
plugin_ios_activity_recognition,"[""stationary""]",0,2,0,33726ebb-721a-4177-a12a-1beec88ce573,203BN,supplement,0,1,1601724424939,0,0
plugin_ios_activity_recognition,"[""stationary""]",0,2,0,33726ebb-721a-4177-a12a-1beec88ce573,203BN,,0,1,1601724425040,0,0
plugin_ios_activity_recognition,,0,2,0,33726ebb-721a-4177-a12a-1beec88ce573,203BN,,0,0,1601724540458,0,0
plugin_ios_activity_recognition,"[""stationary""]",0,2,0,33726ebb-721a-4177-a12a-1beec88ce573,203BN,,0,1,1601724553230,0,0
plugin_ios_activity_recognition,"[""stationary""]",0,2,0,33726ebb-721a-4177-a12a-1beec88ce573,203BN,supplement,0,1,1601724604939,0,0
plugin_ios_activity_recognition,"[""stationary""]",0,2,0,33726ebb-721a-4177-a12a-1beec88ce573,203BN,,0,1,1601724604944,0,0
plugin_ios_activity_recognition,,0,2,0,33726ebb-721a-4177-a12a-1beec88ce573,203BN,,0,0,1601724627616,0,0
plugin_ios_activity_recognition,"[""stationary""]",0,2,0,33726ebb-721a-4177-a12a-1beec88ce573,203BN,,0,1,1601724635628,0,0
plugin_ios_activity_recognition,,0,2,0,33726ebb-721a-4177-a12a-1beec88ce573,203BN,,0,0,1601724663154,0,0
plugin_ios_activity_recognition,"[""stationary""]",0,2,0,33726ebb-721a-4177-a12a-1beec88ce573,203BN,,0,1,1601724674328,0,0
plugin_ios_activity_recognition,"[""stationary""]",0,2,0,33726ebb-721a-4177-a12a-1beec88ce573,203BN,,0,1,1601724784947,0,0
plugin_ios_activity_recognition,,0,2,0,33726ebb-721a-4177-a12a-1beec88ce573,203BN,,0,0,1601724960380,0,0
plugin_ios_activity_recognition,,0,2,0,33726ebb-721a-4177-a12a-1beec88ce573,203BN,,0,0,1601724964948,0,0
plugin_ios_activity_recognition,"[""stationary""]",0,2,0,33726ebb-721a-4177-a12a-1beec88ce573,203BN,,0,1,1601724966132,0,0
plugin_ios_activity_recognition,,0,2,0,33726ebb-721a-4177-a12a-1beec88ce573,203BN,,0,0,1601725029873,0,0
plugin_ios_activity_recognition,"[""stationary""]",0,2,0,33726ebb-721a-4177-a12a-1beec88ce573,203BN,,0,1,1601725039447,0,0
plugin_ios_activity_recognition,,0,2,0,33726ebb-721a-4177-a12a-1beec88ce573,203BN,,0,0,1601725133121,0,0
plugin_ios_activity_recognition,,0,2,0,33726ebb-721a-4177-a12a-1beec88ce573,203BN,,0,0,1601725144987,0,0
plugin_ios_activity_recognition,"[""stationary""]",0,2,0,33726ebb-721a-4177-a12a-1beec88ce573,203BN,,0,1,1601725145899,0,0
plugin_ios_activity_recognition,"[""stationary""]",0,2,0,33726ebb-721a-4177-a12a-1beec88ce573,203BN,,0,1,1601725324954,0,0
plugin_ios_activity_recognition,,0,2,0,33726ebb-721a-4177-a12a-1beec88ce573,203BN,,0,0,1601725427026,0,0
plugin_ios_activity_recognition,"[""stationary""]",0,2,0,33726ebb-721a-4177-a12a-1beec88ce573,203BN,,0,1,1601725430576,0,0
plugin_ios_activity_recognition,"[""stationary""]",0,2,0,33726ebb-721a-4177-a12a-1beec88ce573,203BN,,0,1,1601725504956,0,0
plugin_ios_activity_recognition,,0,2,0,33726ebb-721a-4177-a12a-1beec88ce573,203BN,,0,0,1601725658199,0,0
plugin_ios_activity_recognition,"[""stationary""]",0,2,0,33726ebb-721a-4177-a12a-1beec88ce573,203BN,,0,1,1601725666536,0,0
plugin_ios_activity_recognition,"[""stationary""]",0,2,0,33726ebb-721a-4177-a12a-1beec88ce573,203BN,,0,1,1601725684957,0,0
plugin_ios_activity_recognition,"[""stationary""]",0,2,0,33726ebb-721a-4177-a12a-1beec88ce573,203BN,supplement,0,1,1601725864957,0,0
plugin_ios_activity_recognition,"[""stationary""]",0,2,0,33726ebb-721a-4177-a12a-1beec88ce573,203BN,,0,1,1601725865029,0,0
plugin_ios_activity_recognition,"[""stationary""]",0,2,0,33726ebb-721a-4177-a12a-1beec88ce573,203BN,supplement,0,1,1601726044957,0,0
plugin_ios_activity_recognition,"[""stationary""]",0,2,0,33726ebb-721a-4177-a12a-1beec88ce573,203BN,,0,1,1601726044960,0,0
plugin_ios_activity_recognition,"[""stationary""]",0,2,0,33726ebb-721a-4177-a12a-1beec88ce573,203BN,supplement,0,1,1601726224960,0,0
plugin_ios_activity_recognition,"[""stationary""]",0,2,0,33726ebb-721a-4177-a12a-1beec88ce573,203BN,,0,1,1601726224961,0,0
plugin_ios_activity_recognition,"[""stationary""]",0,2,0,33726ebb-721a-4177-a12a-1beec88ce573,203BN,supplement,0,1,1601726404960,0,0
plugin_ios_activity_recognition,"[""stationary""]",0,2,0,33726ebb-721a-4177-a12a-1beec88ce573,203BN,supplement,0,1,1601726404961,0,0
plugin_ios_activity_recognition,"[""stationary""]",0,2,0,33726ebb-721a-4177-a12a-1beec88ce573,203BN,,0,1,1601726404962,0,0
plugin_ios_activity_recognition,,0,2,0,33726ebb-721a-4177-a12a-1beec88ce573,203BN,,0,0,1601726444625,0,0
plugin_ios_activity_recognition,"[""stationary""]",0,2,0,33726ebb-721a-4177-a12a-1beec88ce573,203BN,,0,1,1601726455814,0,0
plugin_ios_activity_recognition,,0,2,0,33726ebb-721a-4177-a12a-1beec88ce573,203BN,,0,0,1601726479842,0,0
plugin_ios_activity_recognition,"[""stationary""]",0,2,0,33726ebb-721a-4177-a12a-1beec88ce573,203BN,,0,1,1601726483355,0,0
plugin_ios_activity_recognition,,0,2,0,33726ebb-721a-4177-a12a-1beec88ce573,203BN,,0,0,1601726560271,0,0
plugin_ios_activity_recognition,"[""stationary""]",0,2,0,33726ebb-721a-4177-a12a-1beec88ce573,203BN,,0,1,1601726569254,0,0
plugin_ios_activity_recognition,,0,2,0,33726ebb-721a-4177-a12a-1beec88ce573,203BN,,0,0,1601726569856,0,0
plugin_ios_activity_recognition,"[""stationary""]",0,2,0,33726ebb-721a-4177-a12a-1beec88ce573,203BN,supplement,0,1,1601726584961,0,0
plugin_ios_activity_recognition,,0,2,0,33726ebb-721a-4177-a12a-1beec88ce573,203BN,,0,0,1601726584969,0,0
plugin_ios_activity_recognition,"[""stationary""]",0,2,0,33726ebb-721a-4177-a12a-1beec88ce573,203BN,,0,1,1601726586163,0,0
plugin_ios_activity_recognition,"[""stationary""]",0,2,0,33726ebb-721a-4177-a12a-1beec88ce573,203BN,,0,1,1601726764964,0,0
plugin_ios_activity_recognition,,0,2,0,33726ebb-721a-4177-a12a-1beec88ce573,203BN,,0,0,1601726821839,0,0
plugin_ios_activity_recognition,"[""stationary""]",0,2,0,33726ebb-721a-4177-a12a-1beec88ce573,203BN,,0,1,1601726843604,0,0
plugin_ios_activity_recognition,"[""stationary""]",0,2,0,33726ebb-721a-4177-a12a-1beec88ce573,203BN,,0,1,1601726944965,0,0
plugin_ios_activity_recognition,,0,2,0,33726ebb-721a-4177-a12a-1beec88ce573,203BN,,0,0,1601726979489,0,0
plugin_ios_activity_recognition,"[""stationary""]",0,2,0,33726ebb-721a-4177-a12a-1beec88ce573,203BN,,0,1,1601726982965,0,0
plugin_ios_activity_recognition,"[""stationary""]",0,2,0,33726ebb-721a-4177-a12a-1beec88ce573,203BN,,0,1,1601727124968,0,0
plugin_ios_activity_recognition,"[""stationary""]",0,2,0,33726ebb-721a-4177-a12a-1beec88ce573,203BN,supplement,0,1,1601727304968,0,0
plugin_ios_activity_recognition,"[""stationary""]",0,2,0,33726ebb-721a-4177-a12a-1beec88ce573,203BN,,0,1,1601727305064,0,0
plugin_ios_activity_recognition,,0,2,0,33726ebb-721a-4177-a12a-1beec88ce573,203BN,,0,0,1601727355227,0,0
plugin_ios_activity_recognition,"[""stationary""]",0,2,0,33726ebb-721a-4177-a12a-1beec88ce573,203BN,,0,1,1601727361929,0,0
plugin_ios_activity_recognition,,0,2,0,33726ebb-721a-4177-a12a-1beec88ce573,203BN,,0,0,1601727367676,0,0
plugin_ios_activity_recognition,"[""stationary""]",0,2,0,33726ebb-721a-4177-a12a-1beec88ce573,203BN,,0,1,1601727371179,0,0
plugin_ios_activity_recognition,,0,2,0,33726ebb-721a-4177-a12a-1beec88ce573,203BN,,0,0,1601727428548,0,0
plugin_ios_activity_recognition,"[""stationary""]",0,2,0,33726ebb-721a-4177-a12a-1beec88ce573,203BN,,0,1,1601727433340,0,0
plugin_ios_activity_recognition,"[""stationary""]",0,2,0,33726ebb-721a-4177-a12a-1beec88ce573,203BN,supplement,0,1,1601727484968,0,0
plugin_ios_activity_recognition,"[""stationary""]",0,2,0,33726ebb-721a-4177-a12a-1beec88ce573,203BN,,0,1,1601727485028,0,0
plugin_ios_activity_recognition,,0,2,0,33726ebb-721a-4177-a12a-1beec88ce573,203BN,,0,0,1601727569584,0,0
plugin_ios_activity_recognition,"[""stationary""]",0,2,0,33726ebb-721a-4177-a12a-1beec88ce573,203BN,,0,1,1601727580123,0,0
plugin_ios_activity_recognition,,0,2,0,33726ebb-721a-4177-a12a-1beec88ce573,203BN,,0,0,1601727633588,0,0
plugin_ios_activity_recognition,"[""stationary""]",0,2,0,33726ebb-721a-4177-a12a-1beec88ce573,203BN,,0,1,1601727650518,0,0
plugin_ios_activity_recognition,"[""stationary""]",0,2,0,33726ebb-721a-4177-a12a-1beec88ce573,203BN,,0,1,1601727664969,0,0
plugin_ios_activity_recognition,,0,2,0,33726ebb-721a-4177-a12a-1beec88ce573,203BN,,0,0,1601727787105,0,0
plugin_ios_activity_recognition,"[""walking""]",0,1,0,33726ebb-721a-4177-a12a-1beec88ce573,203BN,,0,0,1601727802173,0,1
plugin_ios_activity_recognition,"[""walking""]",0,2,0,33726ebb-721a-4177-a12a-1beec88ce573,203BN,,0,0,1601727804734,0,1
plugin_ios_activity_recognition,"[""walking""]",0,2,0,33726ebb-721a-4177-a12a-1beec88ce573,203BN,,0,0,1601727844973,0,1
plugin_ios_activity_recognition,"[""stationary""]",0,2,0,33726ebb-721a-4177-a12a-1beec88ce573,203BN,,0,1,1601727860308,0,0
plugin_ios_activity_recognition,"[""stationary""]",0,2,0,33726ebb-721a-4177-a12a-1beec88ce573,203BN,,0,1,1601728025066,0,0
plugin_ios_activity_recognition,,0,2,0,33726ebb-721a-4177-a12a-1beec88ce573,203BN,,0,0,1601728061263,0,0
plugin_ios_activity_recognition,"[""stationary""]",0,2,0,33726ebb-721a-4177-a12a-1beec88ce573,203BN,,0,1,1601728066375,0,0
plugin_ios_activity_recognition,,0,2,0,33726ebb-721a-4177-a12a-1beec88ce573,203BN,,0,0,1601728117498,0,0
plugin_ios_activity_recognition,"[""stationary""]",0,2,0,33726ebb-721a-4177-a12a-1beec88ce573,203BN,,0,1,1601728126123,0,0
plugin_ios_activity_recognition,,0,2,0,33726ebb-721a-4177-a12a-1beec88ce573,203BN,,0,0,1601728130281,0,0
plugin_ios_activity_recognition,"[""stationary""]",0,2,0,33726ebb-721a-4177-a12a-1beec88ce573,203BN,,0,1,1601728137627,0,0
plugin_ios_activity_recognition,"[""stationary""]",0,2,0,33726ebb-721a-4177-a12a-1beec88ce573,203BN,,0,1,1601728204976,0,0
plugin_ios_activity_recognition,,0,2,0,33726ebb-721a-4177-a12a-1beec88ce573,203BN,,0,0,1601728271762,0,0
plugin_ios_activity_recognition,"[""stationary""]",0,2,0,33726ebb-721a-4177-a12a-1beec88ce573,203BN,,0,1,1601728288668,0,0
plugin_ios_activity_recognition,,0,2,0,33726ebb-721a-4177-a12a-1beec88ce573,203BN,,0,0,1601728356069,0,0
plugin_ios_activity_recognition,,0,2,0,33726ebb-721a-4177-a12a-1beec88ce573,203BN,,0,0,1601728384976,0,0
plugin_ios_activity_recognition,"[""stationary""]",0,2,0,33726ebb-721a-4177-a12a-1beec88ce573,203BN,,0,1,1601728389305,0,0
plugin_ios_activity_recognition,,0,2,0,33726ebb-721a-4177-a12a-1beec88ce573,203BN,,0,0,1601728408156,0,0
plugin_ios_activity_recognition,"[""stationary""]",0,2,0,33726ebb-721a-4177-a12a-1beec88ce573,203BN,,0,1,1601728422514,0,0
plugin_ios_activity_recognition,"[""stationary""]",0,2,0,33726ebb-721a-4177-a12a-1beec88ce573,203BN,,0,1,1601728564973,0,0
plugin_ios_activity_recognition,,0,2,0,33726ebb-721a-4177-a12a-1beec88ce573,203BN,,0,0,1601728644359,0,0
plugin_ios_activity_recognition,"[""stationary""]",0,2,0,33726ebb-721a-4177-a12a-1beec88ce573,203BN,,0,1,1601728652345,0,0
plugin_ios_activity_recognition,,0,2,0,33726ebb-721a-4177-a12a-1beec88ce573,203BN,,0,0,1601728660327,0,0
plugin_ios_activity_recognition,"[""walking""]",0,1,0,33726ebb-721a-4177-a12a-1beec88ce573,203BN,,0,0,1601728669324,0,1
plugin_ios_activity_recognition,"[""walking""]",0,2,0,33726ebb-721a-4177-a12a-1beec88ce573,203BN,,0,0,1601728684674,0,1
plugin_ios_activity_recognition,,0,2,0,33726ebb-721a-4177-a12a-1beec88ce573,203BN,,0,0,1601728692348,0,0
plugin_ios_activity_recognition,"[""stationary""]",0,2,0,33726ebb-721a-4177-a12a-1beec88ce573,203BN,,0,1,1601728714993,0,0
plugin_ios_activity_recognition,,0,2,0,33726ebb-721a-4177-a12a-1beec88ce573,203BN,,0,0,1601728718826,0,0
plugin_ios_activity_recognition,"[""stationary""]",0,2,0,33726ebb-721a-4177-a12a-1beec88ce573,203BN,,0,1,1601728722649,0,0
plugin_ios_activity_recognition,,0,2,0,33726ebb-721a-4177-a12a-1beec88ce573,203BN,,0,0,1601728735124,0,0
plugin_ios_activity_recognition,"[""stationary""]",0,2,0,33726ebb-721a-4177-a12a-1beec88ce573,203BN,,0,1,1601728739272,0,0
plugin_ios_activity_recognition,"[""stationary""]",0,2,0,33726ebb-721a-4177-a12a-1beec88ce573,203BN,,0,1,1601728745065,0,0
plugin_ios_activity_recognition,,0,2,0,33726ebb-721a-4177-a12a-1beec88ce573,203BN,,0,0,1601728864691,0,0
plugin_ios_activity_recognition,"[""stationary""]",0,2,0,33726ebb-721a-4177-a12a-1beec88ce573,203BN,,0,1,1601728868880,0,0
plugin_ios_activity_recognition,,0,2,0,33726ebb-721a-4177-a12a-1beec88ce573,203BN,,0,0,1601728895112,0,0
plugin_ios_activity_recognition,,0,2,0,33726ebb-721a-4177-a12a-1beec88ce573,203BN,,0,0,1601728924986,0,0
plugin_ios_activity_recognition,"[""stationary""]",0,2,0,33726ebb-721a-4177-a12a-1beec88ce573,203BN,,0,1,1601728952287,0,0
plugin_ios_activity_recognition,,0,2,0,33726ebb-721a-4177-a12a-1beec88ce573,203BN,,0,0,1601728962526,0,0
plugin_ios_activity_recognition,"[""stationary""]",0,2,0,33726ebb-721a-4177-a12a-1beec88ce573,203BN,,0,1,1601728972426,0,0
plugin_ios_activity_recognition,,0,2,0,33726ebb-721a-4177-a12a-1beec88ce573,203BN,,0,0,1601729019138,0,0
plugin_ios_activity_recognition,"[""stationary""]",0,2,0,33726ebb-721a-4177-a12a-1beec88ce573,203BN,,0,1,1601729026165,0,0
plugin_ios_activity_recognition,,0,2,0,33726ebb-721a-4177-a12a-1beec88ce573,203BN,,0,0,1601729085753,0,0
plugin_ios_activity_recognition,"[""stationary""]",0,2,0,33726ebb-721a-4177-a12a-1beec88ce573,203BN,,0,1,1601729089906,0,0
plugin_ios_activity_recognition,,0,2,0,33726ebb-721a-4177-a12a-1beec88ce573,203BN,,0,0,1601729094693,0,0
plugin_ios_activity_recognition,"[""stationary""]",0,2,0,33726ebb-721a-4177-a12a-1beec88ce573,203BN,,0,1,1601729099214,0,0
plugin_ios_activity_recognition,"[""stationary""]",0,2,0,33726ebb-721a-4177-a12a-1beec88ce573,203BN,,0,1,1601729104975,0,0
plugin_ios_activity_recognition,,0,2,0,33726ebb-721a-4177-a12a-1beec88ce573,203BN,,0,0,1601729152918,0,0
plugin_ios_activity_recognition,"[""stationary""]",0,2,0,33726ebb-721a-4177-a12a-1beec88ce573,203BN,,0,1,1601729158942,0,0
plugin_ios_activity_recognition,,0,2,0,33726ebb-721a-4177-a12a-1beec88ce573,203BN,,0,0,1601729168832,0,0
plugin_ios_activity_recognition,"[""stationary""]",0,2,0,33726ebb-721a-4177-a12a-1beec88ce573,203BN,,0,1,1601729184494,0,0
plugin_ios_activity_recognition,,0,2,0,33726ebb-721a-4177-a12a-1beec88ce573,203BN,,0,0,1601729189911,0,0
plugin_ios_activity_recognition,"[""stationary""]",0,2,0,33726ebb-721a-4177-a12a-1beec88ce573,203BN,,0,1,1601729203314,0,0
plugin_ios_activity_recognition,,0,2,0,33726ebb-721a-4177-a12a-1beec88ce573,203BN,,0,0,1601729246186,0,0
plugin_ios_activity_recognition,"[""stationary""]",0,2,0,33726ebb-721a-4177-a12a-1beec88ce573,203BN,,0,1,1601729252888,0,0
plugin_ios_activity_recognition,,0,2,0,33726ebb-721a-4177-a12a-1beec88ce573,203BN,,0,0,1601729267580,0,0
plugin_ios_activity_recognition,,0,2,0,33726ebb-721a-4177-a12a-1beec88ce573,203BN,,0,0,1601729284979,0,0
plugin_ios_activity_recognition,"[""stationary""]",0,2,0,33726ebb-721a-4177-a12a-1beec88ce573,203BN,,0,1,1601729308846,0,0
plugin_ios_activity_recognition,,0,2,0,33726ebb-721a-4177-a12a-1beec88ce573,203BN,,0,0,1601729328955,0,0
plugin_ios_activity_recognition,"[""stationary""]",0,2,0,33726ebb-721a-4177-a12a-1beec88ce573,203BN,,0,1,1601729332468,0,0
plugin_ios_activity_recognition,,0,2,0,33726ebb-721a-4177-a12a-1beec88ce573,203BN,,0,0,1601729361187,0,0
plugin_ios_activity_recognition,"[""stationary""]",0,2,0,33726ebb-721a-4177-a12a-1beec88ce573,203BN,,0,1,1601729367899,0,0
plugin_ios_activity_recognition,"[""stationary""]",0,2,0,33726ebb-721a-4177-a12a-1beec88ce573,203BN,,0,1,1601729465069,0,0
plugin_ios_activity_recognition,"[""stationary""]",0,2,0,33726ebb-721a-4177-a12a-1beec88ce573,203BN,,0,1,1601729644983,0,0
plugin_ios_activity_recognition,,0,2,0,33726ebb-721a-4177-a12a-1beec88ce573,203BN,,0,0,1601729690798,0,0
plugin_ios_activity_recognition,"[""stationary""]",0,2,0,33726ebb-721a-4177-a12a-1beec88ce573,203BN,,0,1,1601729696230,0,0
plugin_ios_activity_recognition,,0,2,0,33726ebb-721a-4177-a12a-1beec88ce573,203BN,,0,0,1601729793219,0,0
plugin_ios_activity_recognition,"[""stationary""]",0,2,0,33726ebb-721a-4177-a12a-1beec88ce573,203BN,,0,1,1601729809842,0,0
plugin_ios_activity_recognition,,0,2,0,33726ebb-721a-4177-a12a-1beec88ce573,203BN,,0,0,1601729819740,0,0
plugin_ios_activity_recognition,,0,2,0,33726ebb-721a-4177-a12a-1beec88ce573,203BN,,0,0,1601729824980,0,0
plugin_ios_activity_recognition,"[""stationary""]",0,2,0,33726ebb-721a-4177-a12a-1beec88ce573,203BN,,0,1,1601729829335,0,0
plugin_ios_activity_recognition,,0,2,0,33726ebb-721a-4177-a12a-1beec88ce573,203BN,,0,0,1601729878575,0,0
plugin_ios_activity_recognition,"[""stationary""]",0,2,0,33726ebb-721a-4177-a12a-1beec88ce573,203BN,,0,1,1601729922371,0,0
plugin_ios_activity_recognition,,0,2,0,33726ebb-721a-4177-a12a-1beec88ce573,203BN,,0,0,1601729923650,0,0
plugin_ios_activity_recognition,"[""stationary""]",0,2,0,33726ebb-721a-4177-a12a-1beec88ce573,203BN,,0,1,1601729954639,0,0
plugin_ios_activity_recognition,,0,2,0,33726ebb-721a-4177-a12a-1beec88ce573,203BN,,0,0,1601729960372,0,0
plugin_ios_activity_recognition,,0,2,0,33726ebb-721a-4177-a12a-1beec88ce573,203BN,,0,0,1601730004981,0,0
plugin_ios_activity_recognition,"[""stationary""]",0,2,0,33726ebb-721a-4177-a12a-1beec88ce573,203BN,,0,1,1601730006347,0,0
plugin_ios_activity_recognition,,0,2,0,33726ebb-721a-4177-a12a-1beec88ce573,203BN,,0,0,1601730007626,0,0
plugin_ios_activity_recognition,"[""stationary""]",0,2,0,33726ebb-721a-4177-a12a-1beec88ce573,203BN,,0,1,1601730011774,0,0
plugin_ios_activity_recognition,,0,2,0,33726ebb-721a-4177-a12a-1beec88ce573,203BN,,0,0,1601730022008,0,0
plugin_ios_activity_recognition,"[""stationary""]",0,2,0,33726ebb-721a-4177-a12a-1beec88ce573,203BN,,0,1,1601730026805,0,0
plugin_ios_activity_recognition,,0,2,0,33726ebb-721a-4177-a12a-1beec88ce573,203BN,,0,0,1601730054899,0,0
plugin_ios_activity_recognition,"[""stationary""]",0,2,0,33726ebb-721a-4177-a12a-1beec88ce573,203BN,,0,1,1601730061014,0,0
plugin_ios_activity_recognition,,0,2,0,33726ebb-721a-4177-a12a-1beec88ce573,203BN,,0,0,1601730077596,0,0
plugin_ios_activity_recognition,"[""stationary""]",0,2,0,33726ebb-721a-4177-a12a-1beec88ce573,203BN,,0,1,1601730132632,0,0
plugin_ios_activity_recognition,,0,2,0,33726ebb-721a-4177-a12a-1beec88ce573,203BN,,0,0,1601730135783,0,0
plugin_ios_activity_recognition,"[""stationary""]",0,2,0,33726ebb-721a-4177-a12a-1beec88ce573,203BN,,0,1,1601730144397,0,0
plugin_ios_activity_recognition,,0,2,0,33726ebb-721a-4177-a12a-1beec88ce573,203BN,,0,0,1601730171896,0,0
plugin_ios_activity_recognition,"[""stationary""]",0,2,0,33726ebb-721a-4177-a12a-1beec88ce573,203BN,,0,1,1601730180511,0,0
plugin_ios_activity_recognition,"[""stationary""]",0,2,0,33726ebb-721a-4177-a12a-1beec88ce573,203BN,,0,1,1601730185070,0,0
plugin_ios_activity_recognition,,0,2,0,33726ebb-721a-4177-a12a-1beec88ce573,203BN,,0,0,1601730206067,0,0
plugin_ios_activity_recognition,"[""walking""]",0,1,0,33726ebb-721a-4177-a12a-1beec88ce573,203BN,,0,0,1601730265577,0,1
plugin_ios_activity_recognition,"[""stationary""]",0,2,0,33726ebb-721a-4177-a12a-1beec88ce573,203BN,,0,1,1601730289513,0,0
plugin_ios_activity_recognition,"[""walking""]",0,2,0,33726ebb-721a-4177-a12a-1beec88ce573,203BN,,0,0,1601730324070,0,1
plugin_ios_activity_recognition,,0,2,0,33726ebb-721a-4177-a12a-1beec88ce573,203BN,,0,0,1601730339768,0,0
plugin_ios_activity_recognition,"[""stationary""]",0,2,0,33726ebb-721a-4177-a12a-1beec88ce573,203BN,,0,1,1601730360478,0,0
plugin_ios_activity_recognition,"[""stationary""]",0,2,0,33726ebb-721a-4177-a12a-1beec88ce573,203BN,,0,1,1601730364990,0,0
plugin_ios_activity_recognition,,0,2,0,33726ebb-721a-4177-a12a-1beec88ce573,203BN,,0,0,1601730370053,0,0
plugin_ios_activity_recognition,"[""stationary""]",0,2,0,33726ebb-721a-4177-a12a-1beec88ce573,203BN,,0,1,1601730373875,0,0
plugin_ios_activity_recognition,,0,2,0,33726ebb-721a-4177-a12a-1beec88ce573,203BN,,0,0,1601730378066,0,0
plugin_ios_activity_recognition,"[""stationary""]",0,2,0,33726ebb-721a-4177-a12a-1beec88ce573,203BN,,0,1,1601730422791,0,0
plugin_ios_activity_recognition,,0,2,0,33726ebb-721a-4177-a12a-1beec88ce573,203BN,,0,0,1601730457950,0,0
plugin_ios_activity_recognition,"[""stationary""]",0,2,0,33726ebb-721a-4177-a12a-1beec88ce573,203BN,,0,1,1601730472336,0,0
plugin_ios_activity_recognition,,0,2,0,33726ebb-721a-4177-a12a-1beec88ce573,203BN,,0,0,1601730480626,0,0
plugin_ios_activity_recognition,"[""walking""]",0,1,0,33726ebb-721a-4177-a12a-1beec88ce573,203BN,,0,0,1601730495697,0,1
plugin_ios_activity_recognition,"[""walking""]",0,2,0,33726ebb-721a-4177-a12a-1beec88ce573,203BN,,0,0,1601730511053,0,1
plugin_ios_activity_recognition,"[""walking""]",0,2,0,33726ebb-721a-4177-a12a-1beec88ce573,203BN,,0,0,1601730544994,0,1
plugin_ios_activity_recognition,,0,2,0,33726ebb-721a-4177-a12a-1beec88ce573,203BN,,0,0,1601730562180,0,0
plugin_ios_activity_recognition,"[""stationary""]",0,2,0,33726ebb-721a-4177-a12a-1beec88ce573,203BN,,0,1,1601730591553,0,0
plugin_ios_activity_recognition,,0,2,0,33726ebb-721a-4177-a12a-1beec88ce573,203BN,,0,0,1601730617816,0,0
plugin_ios_activity_recognition,"[""walking""]",0,1,0,33726ebb-721a-4177-a12a-1beec88ce573,203BN,,0,0,1601730621059,0,1
plugin_ios_activity_recognition,"[""walking""]",0,2,0,33726ebb-721a-4177-a12a-1beec88ce573,203BN,,0,0,1601730626177,0,1
plugin_ios_activity_recognition,,0,2,0,33726ebb-721a-4177-a12a-1beec88ce573,203BN,,0,0,1601730667127,0,0
plugin_ios_activity_recognition,,0,2,0,33726ebb-721a-4177-a12a-1beec88ce573,203BN,,0,0,1601730724991,0,0
plugin_ios_activity_recognition,,0,2,0,33726ebb-721a-4177-a12a-1beec88ce573,203BN,supplement,0,0,1601730904991,0,0
plugin_ios_activity_recognition,,0,2,0,33726ebb-721a-4177-a12a-1beec88ce573,203BN,,0,0,1601730905080,0,0
plugin_ios_activity_recognition,"[""stationary""]",0,2,0,33726ebb-721a-4177-a12a-1beec88ce573,203BN,,0,1,1601731054384,0,0
plugin_ios_activity_recognition,,0,2,0,33726ebb-721a-4177-a12a-1beec88ce573,203BN,supplement,0,0,1601731084991,0,0
plugin_ios_activity_recognition,"[""stationary""]",0,2,0,33726ebb-721a-4177-a12a-1beec88ce573,203BN,,0,1,1601731084998,0,0
plugin_ios_activity_recognition,,0,2,0,33726ebb-721a-4177-a12a-1beec88ce573,203BN,,0,0,1601731159131,0,0
plugin_ios_activity_recognition,"[""walking""]",0,1,0,33726ebb-721a-4177-a12a-1beec88ce573,203BN,,0,0,1601731178999,0,1
plugin_ios_activity_recognition,"[""walking""]",0,2,0,33726ebb-721a-4177-a12a-1beec88ce573,203BN,,0,0,1601731186675,0,1
plugin_ios_activity_recognition,"[""stationary""]",0,2,0,33726ebb-721a-4177-a12a-1beec88ce573,203BN,,0,1,1601731201629,0,0
plugin_ios_activity_recognition,"[""walking""]",0,2,0,33726ebb-721a-4177-a12a-1beec88ce573,203BN,,0,0,1601731208970,0,1
plugin_ios_activity_recognition,,0,2,0,33726ebb-721a-4177-a12a-1beec88ce573,203BN,,0,0,1601731253121,0,0
plugin_ios_activity_recognition,,0,2,0,33726ebb-721a-4177-a12a-1beec88ce573,203BN,,0,0,1601731264997,0,0
plugin_ios_activity_recognition,"[""stationary""]",0,2,0,33726ebb-721a-4177-a12a-1beec88ce573,203BN,,0,1,1601731291057,0,0
plugin_ios_activity_recognition,,0,2,0,33726ebb-721a-4177-a12a-1beec88ce573,203BN,,0,0,1601731302200,0,0
plugin_ios_activity_recognition,"[""stationary""]",0,2,0,33726ebb-721a-4177-a12a-1beec88ce573,203BN,,0,1,1601731311816,0,0
plugin_ios_activity_recognition,,0,2,0,33726ebb-721a-4177-a12a-1beec88ce573,203BN,,0,0,1601731320379,0,0
plugin_ios_activity_recognition,"[""stationary""]",0,2,0,33726ebb-721a-4177-a12a-1beec88ce573,203BN,,0,1,1601731328354,0,0
plugin_ios_activity_recognition,,0,2,0,33726ebb-721a-4177-a12a-1beec88ce573,203BN,,0,0,1601731330268,0,0
plugin_ios_activity_recognition,"[""stationary""]",0,2,0,33726ebb-721a-4177-a12a-1beec88ce573,203BN,,0,1,1601731334100,0,0
plugin_ios_activity_recognition,,0,2,0,33726ebb-721a-4177-a12a-1beec88ce573,203BN,,0,0,1601731348448,0,0
plugin_ios_activity_recognition,"[""stationary""]",0,2,0,33726ebb-721a-4177-a12a-1beec88ce573,203BN,,0,1,1601731351956,0,0
plugin_ios_activity_recognition,,0,2,0,33726ebb-721a-4177-a12a-1beec88ce573,203BN,,0,0,1601731359301,0,0
plugin_ios_activity_recognition,"[""walking""]",0,1,0,33726ebb-721a-4177-a12a-1beec88ce573,203BN,,0,0,1601731378199,0,1
plugin_ios_activity_recognition,"[""walking""]",0,2,0,33726ebb-721a-4177-a12a-1beec88ce573,203BN,,0,0,1601731381677,0,1
plugin_ios_activity_recognition,"[""stationary""]",0,2,0,33726ebb-721a-4177-a12a-1beec88ce573,203BN,,0,1,1601731396678,0,0
plugin_ios_activity_recognition,"[""walking""]",0,2,0,33726ebb-721a-4177-a12a-1beec88ce573,203BN,,0,0,1601731400511,0,1
plugin_ios_activity_recognition,"[""stationary""]",0,2,0,33726ebb-721a-4177-a12a-1beec88ce573,203BN,,0,1,1601731415518,0,0
plugin_ios_activity_recognition,,0,2,0,33726ebb-721a-4177-a12a-1beec88ce573,203BN,,0,0,1601731441738,0,0
plugin_ios_activity_recognition,,0,2,0,33726ebb-721a-4177-a12a-1beec88ce573,203BN,,0,0,1601731445000,0,0
plugin_ios_activity_recognition,"[""stationary""]",0,2,0,33726ebb-721a-4177-a12a-1beec88ce573,203BN,,0,1,1601731448754,0,0
plugin_ios_activity_recognition,,0,2,0,33726ebb-721a-4177-a12a-1beec88ce573,203BN,,0,0,1601731453871,0,0
plugin_ios_activity_recognition,"[""stationary""]",0,2,0,33726ebb-721a-4177-a12a-1beec88ce573,203BN,,0,1,1601731463450,0,0
plugin_ios_activity_recognition,,0,2,0,33726ebb-721a-4177-a12a-1beec88ce573,203BN,,0,0,1601731479454,0,0
plugin_ios_activity_recognition,"[""stationary""]",0,2,0,33726ebb-721a-4177-a12a-1beec88ce573,203BN,,0,1,1601731488389,0,0
plugin_ios_activity_recognition,,0,2,0,33726ebb-721a-4177-a12a-1beec88ce573,203BN,,0,0,1601731493805,0,0
plugin_ios_activity_recognition,"[""stationary""]",0,2,0,33726ebb-721a-4177-a12a-1beec88ce573,203BN,,0,1,1601731504034,0,0
plugin_ios_activity_recognition,,0,2,0,33726ebb-721a-4177-a12a-1beec88ce573,203BN,,0,0,1601731523242,0,0
plugin_ios_activity_recognition,"[""stationary""]",0,2,0,33726ebb-721a-4177-a12a-1beec88ce573,203BN,,0,1,1601731529633,0,0
plugin_ios_activity_recognition,,0,2,0,33726ebb-721a-4177-a12a-1beec88ce573,203BN,,0,0,1601731544400,0,0
plugin_ios_activity_recognition,"[""stationary""]",0,2,0,33726ebb-721a-4177-a12a-1beec88ce573,203BN,,0,1,1601731553312,0,0
plugin_ios_activity_recognition,,0,2,0,33726ebb-721a-4177-a12a-1beec88ce573,203BN,,0,0,1601731554624,0,0
plugin_ios_activity_recognition,"[""stationary""]",0,2,0,33726ebb-721a-4177-a12a-1beec88ce573,203BN,,0,1,1601731562279,0,0
plugin_ios_activity_recognition,,0,2,0,33726ebb-721a-4177-a12a-1beec88ce573,203BN,,0,0,1601731571203,0,0
plugin_ios_activity_recognition,"[""stationary""]",0,2,0,33726ebb-721a-4177-a12a-1beec88ce573,203BN,,0,1,1601731575995,0,0
plugin_ios_activity_recognition,,0,2,0,33726ebb-721a-4177-a12a-1beec88ce573,203BN,,0,0,1601731602568,0,0
plugin_ios_activity_recognition,"[""walking""]",0,1,0,33726ebb-721a-4177-a12a-1beec88ce573,203BN,,0,0,1601731616030,0,1
plugin_ios_activity_recognition,"[""walking""]",0,2,0,33726ebb-721a-4177-a12a-1beec88ce573,203BN,,0,0,1601731618579,0,1
plugin_ios_activity_recognition,"[""stationary""]",0,2,0,33726ebb-721a-4177-a12a-1beec88ce573,203BN,,0,1,1601731625001,0,0
plugin_ios_activity_recognition,"[""walking""]",0,2,0,33726ebb-721a-4177-a12a-1beec88ce573,203BN,,0,0,1601731652405,0,1
plugin_ios_activity_recognition,"[""stationary""]",0,2,0,33726ebb-721a-4177-a12a-1beec88ce573,203BN,,0,1,1601731656233,0,0
plugin_ios_activity_recognition,,0,2,0,33726ebb-721a-4177-a12a-1beec88ce573,203BN,,0,0,1601731673514,0,0
plugin_ios_activity_recognition,"[""stationary""]",0,2,0,33726ebb-721a-4177-a12a-1beec88ce573,203BN,,0,1,1601731760789,0,0
plugin_ios_activity_recognition,,0,2,0,33726ebb-721a-4177-a12a-1beec88ce573,203BN,,0,0,1601731770401,0,0
plugin_ios_activity_recognition,,0,2,0,33726ebb-721a-4177-a12a-1beec88ce573,203BN,,0,0,1601731805004,0,0
plugin_ios_activity_recognition,"[""stationary""]",0,2,0,33726ebb-721a-4177-a12a-1beec88ce573,203BN,,0,1,1601731819318,0,0
plugin_ios_activity_recognition,,0,2,0,33726ebb-721a-4177-a12a-1beec88ce573,203BN,,0,0,1601731821544,0,0
plugin_ios_activity_recognition,"[""stationary""]",0,2,0,33726ebb-721a-4177-a12a-1beec88ce573,203BN,,0,1,1601731832402,0,0
plugin_ios_activity_recognition,,0,2,0,33726ebb-721a-4177-a12a-1beec88ce573,203BN,,0,0,1601731834316,0,0
plugin_ios_activity_recognition,"[""stationary""]",0,2,0,33726ebb-721a-4177-a12a-1beec88ce573,203BN,,0,1,1601731859496,0,0
plugin_ios_activity_recognition,,0,2,0,33726ebb-721a-4177-a12a-1beec88ce573,203BN,,0,0,1601731907589,0,0
plugin_ios_activity_recognition,"[""walking""]",0,1,0,33726ebb-721a-4177-a12a-1beec88ce573,203BN,,0,0,1601731910149,0,1
plugin_ios_activity_recognition,"[""walking""]",0,2,0,33726ebb-721a-4177-a12a-1beec88ce573,203BN,,0,0,1601731922933,0,1
plugin_ios_activity_recognition,"[""stationary""]",0,2,0,33726ebb-721a-4177-a12a-1beec88ce573,203BN,,0,1,1601731977809,0,0
plugin_ios_activity_recognition,,0,2,0,33726ebb-721a-4177-a12a-1beec88ce573,203BN,,0,0,1601731984515,0,0
plugin_ios_activity_recognition,,0,2,0,33726ebb-721a-4177-a12a-1beec88ce573,203BN,,0,0,1601731985004,0,0
plugin_ios_activity_recognition,"[""stationary""]",0,2,0,33726ebb-721a-4177-a12a-1beec88ce573,203BN,,0,1,1601732032376,0,0
plugin_ios_activity_recognition,,0,2,0,33726ebb-721a-4177-a12a-1beec88ce573,203BN,,0,0,1601732035884,0,0
plugin_ios_activity_recognition,"[""walking""]",0,1,0,33726ebb-721a-4177-a12a-1beec88ce573,203BN,,0,0,1601732042961,0,1
plugin_ios_activity_recognition,"[""walking""]",0,2,0,33726ebb-721a-4177-a12a-1beec88ce573,203BN,,0,0,1601732045798,0,1
plugin_ios_activity_recognition,,0,2,0,33726ebb-721a-4177-a12a-1beec88ce573,203BN,,0,0,1601732098108,0,0
plugin_ios_activity_recognition,"[""stationary""]",0,2,0,33726ebb-721a-4177-a12a-1beec88ce573,203BN,,0,1,1601732129371,0,0
plugin_ios_activity_recognition,,0,2,0,33726ebb-721a-4177-a12a-1beec88ce573,203BN,,0,0,1601732130646,0,0
plugin_ios_activity_recognition,"[""stationary""]",0,2,0,33726ebb-721a-4177-a12a-1beec88ce573,203BN,,0,1,1601732136068,0,0
plugin_ios_activity_recognition,,0,2,0,33726ebb-721a-4177-a12a-1beec88ce573,203BN,,0,0,1601732151456,0,0
plugin_ios_activity_recognition,,0,2,0,33726ebb-721a-4177-a12a-1beec88ce573,203BN,,0,0,1601732165002,0,0
plugin_ios_activity_recognition,"[""stationary""]",0,2,0,33726ebb-721a-4177-a12a-1beec88ce573,203BN,,0,1,1601732172839,0,0
plugin_ios_activity_recognition,,0,2,0,33726ebb-721a-4177-a12a-1beec88ce573,203BN,,0,0,1601732185003,0,0
plugin_ios_activity_recognition,"[""stationary""]",0,2,0,33726ebb-721a-4177-a12a-1beec88ce573,203BN,,0,1,1601732195552,0,0
plugin_ios_activity_recognition,,0,2,0,33726ebb-721a-4177-a12a-1beec88ce573,203BN,,0,0,1601732207070,0,0
plugin_ios_activity_recognition,"[""stationary""]",0,2,0,33726ebb-721a-4177-a12a-1beec88ce573,203BN,,0,1,1601732248934,0,0
plugin_ios_activity_recognition,,0,2,0,33726ebb-721a-4177-a12a-1beec88ce573,203BN,,0,0,1601732252113,0,0
plugin_ios_activity_recognition,"[""stationary""]",0,2,0,33726ebb-721a-4177-a12a-1beec88ce573,203BN,,0,1,1601732260145,0,0
plugin_ios_activity_recognition,,0,2,0,33726ebb-721a-4177-a12a-1beec88ce573,203BN,,0,0,1601732274826,0,0
plugin_ios_activity_recognition,"[""walking""]",0,1,0,33726ebb-721a-4177-a12a-1beec88ce573,203BN,,0,0,1601732280626,0,1
plugin_ios_activity_recognition,"[""walking""]",0,2,0,33726ebb-721a-4177-a12a-1beec88ce573,203BN,,0,0,1601732286016,0,1
plugin_ios_activity_recognition,"[""stationary""]",0,2,0,33726ebb-721a-4177-a12a-1beec88ce573,203BN,,0,1,1601732298808,0,0
plugin_ios_activity_recognition,"[""walking""]",0,2,0,33726ebb-721a-4177-a12a-1beec88ce573,203BN,,0,0,1601732317356,0,1
plugin_ios_activity_recognition,,0,2,0,33726ebb-721a-4177-a12a-1beec88ce573,203BN,,0,0,1601732318997,0,0
plugin_ios_activity_recognition,"[""stationary""]",0,2,0,33726ebb-721a-4177-a12a-1beec88ce573,203BN,,0,1,1601732324113,0,0
plugin_ios_activity_recognition,"[""stationary""]",0,2,0,33726ebb-721a-4177-a12a-1beec88ce573,203BN,,0,1,1601732345105,0,0
plugin_ios_activity_recognition,"[""stationary""]",0,2,0,33726ebb-721a-4177-a12a-1beec88ce573,203BN,,0,1,1601732525007,0,0
plugin_ios_activity_recognition,,0,2,0,33726ebb-721a-4177-a12a-1beec88ce573,203BN,,0,0,1601732624150,0,0
plugin_ios_activity_recognition,"[""stationary""]",0,2,0,33726ebb-721a-4177-a12a-1beec88ce573,203BN,,0,1,1601732627944,0,0
plugin_ios_activity_recognition,,0,2,0,33726ebb-721a-4177-a12a-1beec88ce573,203BN,,0,0,1601732637193,0,0
plugin_ios_activity_recognition,"[""stationary""]",0,2,0,33726ebb-721a-4177-a12a-1beec88ce573,203BN,,0,1,1601732649005,0,0
plugin_ios_activity_recognition,,0,2,0,33726ebb-721a-4177-a12a-1beec88ce573,203BN,,0,0,1601732650603,0,0
plugin_ios_activity_recognition,"[""stationary""]",0,2,0,33726ebb-721a-4177-a12a-1beec88ce573,203BN,,0,1,1601732658278,0,0
plugin_ios_activity_recognition,"[""stationary""]",0,2,0,33726ebb-721a-4177-a12a-1beec88ce573,203BN,,0,1,1601732705008,0,0
plugin_ios_activity_recognition,,0,2,0,33726ebb-721a-4177-a12a-1beec88ce573,203BN,,0,0,1601732803744,0,0
plugin_ios_activity_recognition,"[""stationary""]",0,2,0,33726ebb-721a-4177-a12a-1beec88ce573,203BN,,0,1,1601732812696,0,0
plugin_ios_activity_recognition,,0,2,0,33726ebb-721a-4177-a12a-1beec88ce573,203BN,,0,0,1601732816535,0,0
plugin_ios_activity_recognition,"[""stationary""]",0,2,0,33726ebb-721a-4177-a12a-1beec88ce573,203BN,,0,1,1601732822920,0,0
plugin_ios_activity_recognition,,0,2,0,33726ebb-721a-4177-a12a-1beec88ce573,203BN,,0,0,1601732830276,0,0
plugin_ios_activity_recognition,"[""stationary""]",0,2,0,33726ebb-721a-4177-a12a-1beec88ce573,203BN,,0,1,1601732862899,0,0
plugin_ios_activity_recognition,"[""stationary""]",0,2,0,33726ebb-721a-4177-a12a-1beec88ce573,203BN,,0,1,1601732885012,0,0
plugin_ios_activity_recognition,,0,2,0,33726ebb-721a-4177-a12a-1beec88ce573,203BN,,0,0,1601732917902,0,0
plugin_ios_activity_recognition,"[""stationary""]",0,2,0,33726ebb-721a-4177-a12a-1beec88ce573,203BN,,0,1,1601732966211,0,0
plugin_ios_activity_recognition,"[""stationary""]",0,2,0,33726ebb-721a-4177-a12a-1beec88ce573,203BN,,0,1,1601733065017,0,0
plugin_ios_activity_recognition,,0,2,0,33726ebb-721a-4177-a12a-1beec88ce573,203BN,,0,0,1601733070779,0,0
plugin_ios_activity_recognition,"[""walking""]",0,1,0,33726ebb-721a-4177-a12a-1beec88ce573,203BN,,0,0,1601733074339,0,1
plugin_ios_activity_recognition,"[""walking""]",0,2,0,33726ebb-721a-4177-a12a-1beec88ce573,203BN,,0,0,1601733079451,0,1
plugin_ios_activity_recognition,,0,2,0,33726ebb-721a-4177-a12a-1beec88ce573,203BN,,0,0,1601733130612,0,0
plugin_ios_activity_recognition,"[""walking""]",0,1,0,33726ebb-721a-4177-a12a-1beec88ce573,203BN,,0,0,1601733171555,0,1
plugin_ios_activity_recognition,"[""stationary""]",0,2,0,33726ebb-721a-4177-a12a-1beec88ce573,203BN,,0,1,1601733175673,0,0
plugin_ios_activity_recognition,"[""stationary""]",0,2,0,33726ebb-721a-4177-a12a-1beec88ce573,203BN,,0,1,1601733245014,0,0
plugin_ios_activity_recognition,"[""stationary""]",0,2,0,33726ebb-721a-4177-a12a-1beec88ce573,203BN,,0,1,1601733425012,0,0
plugin_ios_activity_recognition,"[""stationary""]",0,2,0,33726ebb-721a-4177-a12a-1beec88ce573,203BN,supplement,0,1,1601733605012,0,0
plugin_ios_activity_recognition,"[""stationary""]",0,2,0,33726ebb-721a-4177-a12a-1beec88ce573,203BN,,0,1,1601733605015,0,0
plugin_ios_activity_recognition,"[""stationary""]",0,2,0,33726ebb-721a-4177-a12a-1beec88ce573,203BN,supplement,0,1,1601733785012,0,0
plugin_ios_activity_recognition,"[""stationary""]",0,2,0,33726ebb-721a-4177-a12a-1beec88ce573,203BN,supplement,0,1,1601733785015,0,0
plugin_ios_activity_recognition,"[""stationary""]",0,2,0,33726ebb-721a-4177-a12a-1beec88ce573,203BN,,0,1,1601733785022,0,0
plugin_ios_activity_recognition,,0,2,0,33726ebb-721a-4177-a12a-1beec88ce573,203BN,,0,0,1601733849447,0,0
plugin_ios_activity_recognition,"[""walking""]",0,1,0,33726ebb-721a-4177-a12a-1beec88ce573,203BN,,0,0,1601733852010,0,1
plugin_ios_activity_recognition,"[""walking""]",0,2,0,33726ebb-721a-4177-a12a-1beec88ce573,203BN,,0,0,1601733860917,0,1
plugin_ios_activity_recognition,,0,2,0,33726ebb-721a-4177-a12a-1beec88ce573,203BN,,0,0,1601733910904,0,0
plugin_ios_activity_recognition,"[""stationary""]",0,2,0,33726ebb-721a-4177-a12a-1beec88ce573,203BN,,0,1,1601733917895,0,0
plugin_ios_activity_recognition,"[""stationary""]",0,2,0,33726ebb-721a-4177-a12a-1beec88ce573,203BN,supplement,0,1,1601733965015,0,0
plugin_ios_activity_recognition,"[""stationary""]",0,2,0,33726ebb-721a-4177-a12a-1beec88ce573,203BN,,0,1,1601733965020,0,0
plugin_ios_activity_recognition,,0,2,0,33726ebb-721a-4177-a12a-1beec88ce573,203BN,,0,0,1601733996878,0,0
plugin_ios_activity_recognition,"[""stationary""]",0,2,0,33726ebb-721a-4177-a12a-1beec88ce573,203BN,,0,1,1601734003274,0,0
plugin_ios_activity_recognition,"[""stationary""]",0,2,0,33726ebb-721a-4177-a12a-1beec88ce573,203BN,,0,1,1601734145019,0,0
plugin_ios_activity_recognition,"[""stationary""]",0,2,0,33726ebb-721a-4177-a12a-1beec88ce573,203BN,supplement,0,1,1601734325019,0,0
plugin_ios_activity_recognition,"[""stationary""]",0,2,0,33726ebb-721a-4177-a12a-1beec88ce573,203BN,,0,1,1601734325021,0,0
plugin_ios_activity_recognition,"[""stationary""]",0,2,0,33726ebb-721a-4177-a12a-1beec88ce573,203BN,supplement,0,1,1601734505019,0,0
plugin_ios_activity_recognition,"[""stationary""]",0,2,0,33726ebb-721a-4177-a12a-1beec88ce573,203BN,supplement,0,1,1601734505021,0,0
plugin_ios_activity_recognition,"[""stationary""]",0,2,0,33726ebb-721a-4177-a12a-1beec88ce573,203BN,,0,1,1601734505048,0,0
plugin_ios_activity_recognition,,0,2,0,33726ebb-721a-4177-a12a-1beec88ce573,203BN,,0,0,1601734557407,0,0
plugin_ios_activity_recognition,"[""stationary""]",0,2,0,33726ebb-721a-4177-a12a-1beec88ce573,203BN,,0,1,1601734566360,0,0
plugin_ios_activity_recognition,,0,2,0,33726ebb-721a-4177-a12a-1beec88ce573,203BN,,0,0,1601734568918,0,0
plugin_ios_activity_recognition,"[""stationary""]",0,2,0,33726ebb-721a-4177-a12a-1beec88ce573,203BN,,0,1,1601734573075,0,0
plugin_ios_activity_recognition,"[""stationary""]",0,2,0,33726ebb-721a-4177-a12a-1beec88ce573,203BN,supplement,0,1,1601734685021,0,0
plugin_ios_activity_recognition,"[""stationary""]",0,2,0,33726ebb-721a-4177-a12a-1beec88ce573,203BN,,0,1,1601734685022,0,0
plugin_ios_activity_recognition,"[""stationary""]",0,2,0,33726ebb-721a-4177-a12a-1beec88ce573,203BN,supplement,0,1,1601734865022,0,0
plugin_ios_activity_recognition,"[""stationary""]",0,2,0,33726ebb-721a-4177-a12a-1beec88ce573,203BN,,0,1,1601734865024,0,0
plugin_ios_activity_recognition,"[""stationary""]",0,2,0,33726ebb-721a-4177-a12a-1beec88ce573,203BN,supplement,0,1,1601735045022,0,0
plugin_ios_activity_recognition,"[""stationary""]",0,2,0,33726ebb-721a-4177-a12a-1beec88ce573,203BN,supplement,0,1,1601735045024,0,0
plugin_ios_activity_recognition,"[""stationary""]",0,2,0,33726ebb-721a-4177-a12a-1beec88ce573,203BN,,0,1,1601735045026,0,0
plugin_ios_activity_recognition,"[""stationary""]",0,2,0,33726ebb-721a-4177-a12a-1beec88ce573,203BN,supplement,0,1,1601735225024,0,0
plugin_ios_activity_recognition,"[""stationary""]",0,2,0,33726ebb-721a-4177-a12a-1beec88ce573,203BN,supplement,0,1,1601735225026,0,0
plugin_ios_activity_recognition,"[""stationary""]",0,2,0,33726ebb-721a-4177-a12a-1beec88ce573,203BN,,0,1,1601735225096,0,0
plugin_ios_activity_recognition,"[""stationary""]",0,2,0,33726ebb-721a-4177-a12a-1beec88ce573,203BN,supplement,0,1,1601735405026,0,0
plugin_ios_activity_recognition,"[""stationary""]",0,2,0,33726ebb-721a-4177-a12a-1beec88ce573,203BN,,0,1,1601735405029,0,0
plugin_ios_activity_recognition,,0,2,0,33726ebb-721a-4177-a12a-1beec88ce573,203BN,,0,0,1601735432929,0,0
plugin_ios_activity_recognition,"[""walking""]",0,1,0,33726ebb-721a-4177-a12a-1beec88ce573,203BN,,0,0,1601735435475,0,1
plugin_ios_activity_recognition,"[""walking""]",0,2,0,33726ebb-721a-4177-a12a-1beec88ce573,203BN,,0,0,1601735440590,0,1
plugin_ios_activity_recognition,"[""stationary""]",0,2,0,33726ebb-721a-4177-a12a-1beec88ce573,203BN,,0,1,1601735475089,0,0
plugin_ios_activity_recognition,"[""stationary""]",0,2,0,33726ebb-721a-4177-a12a-1beec88ce573,203BN,,0,1,1601735585027,0,0
plugin_ios_activity_recognition,"[""stationary""]",0,2,0,33726ebb-721a-4177-a12a-1beec88ce573,203BN,supplement,0,1,1601735765027,0,0
plugin_ios_activity_recognition,"[""stationary""]",0,2,0,33726ebb-721a-4177-a12a-1beec88ce573,203BN,,0,1,1601735765063,0,0
plugin_ios_activity_recognition,"[""stationary""]",0,2,0,33726ebb-721a-4177-a12a-1beec88ce573,203BN,supplement,0,1,1601735945027,0,0
plugin_ios_activity_recognition,"[""stationary""]",0,2,0,33726ebb-721a-4177-a12a-1beec88ce573,203BN,,0,1,1601735945033,0,0
plugin_ios_activity_recognition,,0,2,0,33726ebb-721a-4177-a12a-1beec88ce573,203BN,,0,0,1601736067336,0,0
plugin_ios_activity_recognition,"[""stationary""]",0,2,0,33726ebb-721a-4177-a12a-1beec88ce573,203BN,,0,1,1601736073688,0,0
plugin_ios_activity_recognition,"[""stationary""]",0,2,0,33726ebb-721a-4177-a12a-1beec88ce573,203BN,,0,1,1601736125120,0,0
plugin_ios_activity_recognition,"[""stationary""]",0,2,0,33726ebb-721a-4177-a12a-1beec88ce573,203BN,,0,1,1601736305115,0,0
plugin_ios_activity_recognition,"[""stationary""]",0,2,0,33726ebb-721a-4177-a12a-1beec88ce573,203BN,,0,1,1601736485114,0,0
plugin_ios_activity_recognition,"[""stationary""]",0,2,0,33726ebb-721a-4177-a12a-1beec88ce573,203BN,,0,1,1601736665032,0,0
plugin_ios_activity_recognition,"[""stationary""]",0,2,0,33726ebb-721a-4177-a12a-1beec88ce573,203BN,,0,1,1601736845026,0,0
plugin_ios_activity_recognition,"[""stationary""]",0,2,0,33726ebb-721a-4177-a12a-1beec88ce573,203BN,supplement,0,1,1601737025026,0,0
plugin_ios_activity_recognition,"[""stationary""]",0,2,0,33726ebb-721a-4177-a12a-1beec88ce573,203BN,,0,1,1601737025027,0,0
plugin_ios_activity_recognition,"[""stationary""]",0,2,0,33726ebb-721a-4177-a12a-1beec88ce573,203BN,supplement,0,1,1601737205026,0,0
plugin_ios_activity_recognition,"[""stationary""]",0,2,0,33726ebb-721a-4177-a12a-1beec88ce573,203BN,supplement,0,1,1601737205027,0,0
plugin_ios_activity_recognition,"[""stationary""]",0,2,0,33726ebb-721a-4177-a12a-1beec88ce573,203BN,,0,1,1601737205063,0,0
plugin_ios_activity_recognition,,0,2,0,33726ebb-721a-4177-a12a-1beec88ce573,203BN,,0,0,1601737366559,0,0
plugin_ios_activity_recognition,"[""stationary""]",0,2,0,33726ebb-721a-4177-a12a-1beec88ce573,203BN,supplement,0,1,1601737385027,0,0
plugin_ios_activity_recognition,,0,2,0,33726ebb-721a-4177-a12a-1beec88ce573,203BN,,0,0,1601737385030,0,0
plugin_ios_activity_recognition,"[""walking""]",0,1,0,33726ebb-721a-4177-a12a-1beec88ce573,203BN,,0,0,1601737433429,0,1
plugin_ios_activity_recognition,"[""walking""]",0,2,0,33726ebb-721a-4177-a12a-1beec88ce573,203BN,,0,0,1601737435986,0,1
plugin_ios_activity_recognition,"[""stationary""]",0,2,0,33726ebb-721a-4177-a12a-1beec88ce573,203BN,,0,1,1601737452892,0,0
plugin_ios_activity_recognition,,0,2,0,33726ebb-721a-4177-a12a-1beec88ce573,203BN,,0,0,1601737552293,0,0
plugin_ios_activity_recognition,"[""walking""]",0,1,0,33726ebb-721a-4177-a12a-1beec88ce573,203BN,,0,0,1601737556489,0,1
plugin_ios_activity_recognition,"[""walking""]",0,2,0,33726ebb-721a-4177-a12a-1beec88ce573,203BN,,0,0,1601737561601,0,1
plugin_ios_activity_recognition,"[""walking""]",0,2,0,33726ebb-721a-4177-a12a-1beec88ce573,203BN,,0,0,1601737565024,0,1
plugin_ios_activity_recognition,"[""stationary""]",0,2,0,33726ebb-721a-4177-a12a-1beec88ce573,203BN,,0,1,1601737581066,0,0
plugin_ios_activity_recognition,,0,2,0,33726ebb-721a-4177-a12a-1beec88ce573,203BN,,0,0,1601737640223,0,0
plugin_ios_activity_recognition,"[""stationary""]",0,2,0,33726ebb-721a-4177-a12a-1beec88ce573,203BN,,0,1,1601737653694,0,0
plugin_ios_activity_recognition,,0,2,0,33726ebb-721a-4177-a12a-1beec88ce573,203BN,,0,0,1601737678594,0,0
plugin_ios_activity_recognition,"[""stationary""]",0,2,0,33726ebb-721a-4177-a12a-1beec88ce573,203BN,,0,1,1601737687548,0,0
plugin_ios_activity_recognition,"[""stationary""]",0,2,0,33726ebb-721a-4177-a12a-1beec88ce573,203BN,,0,1,1601737745032,0,0
plugin_ios_activity_recognition,"[""stationary""]",0,2,0,33726ebb-721a-4177-a12a-1beec88ce573,203BN,supplement,0,1,1601737925032,0,0
plugin_ios_activity_recognition,"[""stationary""]",0,2,0,33726ebb-721a-4177-a12a-1beec88ce573,203BN,,0,1,1601737925114,0,0
plugin_ios_activity_recognition,"[""stationary""]",0,2,0,33726ebb-721a-4177-a12a-1beec88ce573,203BN,,0,1,1601738105031,0,0
plugin_ios_activity_recognition,"[""stationary""]",0,2,0,33726ebb-721a-4177-a12a-1beec88ce573,203BN,supplement,0,1,1601738105032,0,0
plugin_ios_activity_recognition,"[""stationary""]",0,2,0,33726ebb-721a-4177-a12a-1beec88ce573,203BN,supplement,0,1,1601738285031,0,0
plugin_ios_activity_recognition,"[""stationary""]",0,2,0,33726ebb-721a-4177-a12a-1beec88ce573,203BN,,0,1,1601738285032,0,0
plugin_ios_activity_recognition,,0,2,0,33726ebb-721a-4177-a12a-1beec88ce573,203BN,,0,0,1601738317433,0,0
plugin_ios_activity_recognition,"[""stationary""]",0,2,0,33726ebb-721a-4177-a12a-1beec88ce573,203BN,,0,1,1601738323502,0,0
plugin_ios_activity_recognition,"[""stationary""]",0,2,0,33726ebb-721a-4177-a12a-1beec88ce573,203BN,supplement,0,1,1601738465031,0,0
plugin_ios_activity_recognition,"[""stationary""]",0,2,0,33726ebb-721a-4177-a12a-1beec88ce573,203BN,,0,1,1601738465034,0,0
plugin_ios_activity_recognition,,0,2,0,33726ebb-721a-4177-a12a-1beec88ce573,203BN,,0,0,1601738504150,0,0
plugin_ios_activity_recognition,"[""walking""]",0,1,0,33726ebb-721a-4177-a12a-1beec88ce573,203BN,,0,0,1601738508032,0,1
plugin_ios_activity_recognition,"[""stationary""]",0,2,0,33726ebb-721a-4177-a12a-1beec88ce573,203BN,,0,1,1601738522694,0,0
plugin_ios_activity_recognition,"[""stationary""]",0,2,0,33726ebb-721a-4177-a12a-1beec88ce573,203BN,,0,1,1601738645041,0,0
plugin_ios_activity_recognition,,0,2,0,33726ebb-721a-4177-a12a-1beec88ce573,203BN,,0,0,1601738745541,0,0
plugin_ios_activity_recognition,"[""walking""]",0,1,0,33726ebb-721a-4177-a12a-1beec88ce573,203BN,,0,0,1601738758689,0,1
plugin_ios_activity_recognition,"[""stationary""]",0,2,0,33726ebb-721a-4177-a12a-1beec88ce573,203BN,,0,1,1601738768240,0,0
plugin_ios_activity_recognition,"[""walking""]",0,2,0,33726ebb-721a-4177-a12a-1beec88ce573,203BN,,0,0,1601738781032,0,1
plugin_ios_activity_recognition,"[""stationary""]",0,2,0,33726ebb-721a-4177-a12a-1beec88ce573,203BN,,0,1,1601738789984,0,0
plugin_ios_activity_recognition,"[""walking""]",0,2,0,33726ebb-721a-4177-a12a-1beec88ce573,203BN,,0,0,1601738804053,0,1
plugin_ios_activity_recognition,"[""stationary""]",0,2,0,33726ebb-721a-4177-a12a-1beec88ce573,203BN,,0,1,1601738818121,0,0
plugin_ios_activity_recognition,"[""stationary""]",0,2,0,33726ebb-721a-4177-a12a-1beec88ce573,203BN,,0,1,1601738825035,0,0
plugin_ios_activity_recognition,"[""stationary""]",0,2,0,33726ebb-721a-4177-a12a-1beec88ce573,203BN,,0,1,1601739005033,0,0
plugin_ios_activity_recognition,,0,2,0,33726ebb-721a-4177-a12a-1beec88ce573,203BN,,0,0,1601739094356,0,0
plugin_ios_activity_recognition,"[""walking""]",0,1,0,33726ebb-721a-4177-a12a-1beec88ce573,203BN,,0,0,1601739098875,0,1
plugin_ios_activity_recognition,"[""walking""]",0,2,0,33726ebb-721a-4177-a12a-1beec88ce573,203BN,,0,0,1601739106544,0,1
plugin_ios_activity_recognition,"[""walking""]",0,2,0,33726ebb-721a-4177-a12a-1beec88ce573,203BN,,0,0,1601739185039,0,1
plugin_ios_activity_recognition,"[""stationary""]",0,2,0,33726ebb-721a-4177-a12a-1beec88ce573,203BN,,0,1,1601739193492,0,0
plugin_ios_activity_recognition,"[""walking""]",0,2,0,33726ebb-721a-4177-a12a-1beec88ce573,203BN,,0,0,1601739198603,0,1
plugin_ios_activity_recognition,,0,2,0,33726ebb-721a-4177-a12a-1beec88ce573,203BN,,0,0,1601739201161,0,0
plugin_ios_activity_recognition,"[""stationary""]",0,2,0,33726ebb-721a-4177-a12a-1beec88ce573,203BN,,0,1,1601739253825,0,0
plugin_ios_activity_recognition,,0,2,0,33726ebb-721a-4177-a12a-1beec88ce573,203BN,,0,0,1601739255430,0,0
plugin_ios_activity_recognition,"[""stationary""]",0,2,0,33726ebb-721a-4177-a12a-1beec88ce573,203BN,,0,1,1601739265993,0,0
plugin_ios_activity_recognition,,0,2,0,33726ebb-721a-4177-a12a-1beec88ce573,203BN,,0,0,1601739268226,0,0
plugin_ios_activity_recognition,"[""stationary""]",0,2,0,33726ebb-721a-4177-a12a-1beec88ce573,203BN,,0,1,1601739272378,0,0
plugin_ios_activity_recognition,,0,2,0,33726ebb-721a-4177-a12a-1beec88ce573,203BN,,0,0,1601739283277,0,0
plugin_ios_activity_recognition,"[""walking""]",0,1,0,33726ebb-721a-4177-a12a-1beec88ce573,203BN,,0,0,1601739349437,0,1
plugin_ios_activity_recognition,"[""walking""]",0,1,0,33726ebb-721a-4177-a12a-1beec88ce573,203BN,,0,0,1601739365049,0,1
plugin_ios_activity_recognition,"[""walking""]",0,2,0,33726ebb-721a-4177-a12a-1beec88ce573,203BN,,0,0,1601739366635,0,1
plugin_ios_activity_recognition,"[""stationary""]",0,2,0,33726ebb-721a-4177-a12a-1beec88ce573,203BN,,0,1,1601739380077,0,0
plugin_ios_activity_recognition,"[""walking""]",0,2,0,33726ebb-721a-4177-a12a-1beec88ce573,203BN,,0,0,1601739384837,0,1
plugin_ios_activity_recognition,"[""stationary""]",0,2,0,33726ebb-721a-4177-a12a-1beec88ce573,203BN,,0,1,1601739392506,0,0
plugin_ios_activity_recognition,"[""walking""]",0,2,0,33726ebb-721a-4177-a12a-1beec88ce573,203BN,,0,0,1601739396658,0,1
plugin_ios_activity_recognition,"[""stationary""]",0,2,0,33726ebb-721a-4177-a12a-1beec88ce573,203BN,,0,1,1601739405266,0,0
plugin_ios_activity_recognition,"[""walking""]",0,2,0,33726ebb-721a-4177-a12a-1beec88ce573,203BN,,0,0,1601739407504,0,1
plugin_ios_activity_recognition,"[""stationary""]",0,2,0,33726ebb-721a-4177-a12a-1beec88ce573,203BN,,0,1,1601739412940,0,0
plugin_ios_activity_recognition,,0,2,0,33726ebb-721a-4177-a12a-1beec88ce573,203BN,,0,0,1601739422538,0,0
plugin_ios_activity_recognition,"[""stationary""]",0,2,0,33726ebb-721a-4177-a12a-1beec88ce573,203BN,,0,1,1601739434679,0,0
plugin_ios_activity_recognition,,0,2,0,33726ebb-721a-4177-a12a-1beec88ce573,203BN,,0,0,1601739440424,0,0
plugin_ios_activity_recognition,"[""stationary""]",0,2,0,33726ebb-721a-4177-a12a-1beec88ce573,203BN,,0,1,1601739486008,0,0
plugin_ios_activity_recognition,,0,2,0,33726ebb-721a-4177-a12a-1beec88ce573,203BN,,0,0,1601739489868,0,0
plugin_ios_activity_recognition,"[""stationary""]",0,2,0,33726ebb-721a-4177-a12a-1beec88ce573,203BN,,0,1,1601739504493,0,0
plugin_ios_activity_recognition,,0,2,0,33726ebb-721a-4177-a12a-1beec88ce573,203BN,,0,0,1601739506727,0,0
plugin_ios_activity_recognition,"[""walking""]",0,1,0,33726ebb-721a-4177-a12a-1beec88ce573,203BN,,0,0,1601739512847,0,1
plugin_ios_activity_recognition,"[""walking""]",0,2,0,33726ebb-721a-4177-a12a-1beec88ce573,203BN,,0,0,1601739518875,0,1
plugin_ios_activity_recognition,"[""walking""]",0,2,0,33726ebb-721a-4177-a12a-1beec88ce573,203BN,,0,0,1601739545040,0,1
plugin_ios_activity_recognition,"[""stationary""]",0,2,0,33726ebb-721a-4177-a12a-1beec88ce573,203BN,,0,1,1601739564494,0,0
plugin_ios_activity_recognition,"[""walking""]",0,2,0,33726ebb-721a-4177-a12a-1beec88ce573,203BN,,0,0,1601739567037,0,1
plugin_ios_activity_recognition,,0,2,0,33726ebb-721a-4177-a12a-1beec88ce573,203BN,,0,0,1601739568994,0,0
plugin_ios_activity_recognition,"[""stationary""]",0,2,0,33726ebb-721a-4177-a12a-1beec88ce573,203BN,,0,1,1601739577245,0,0
plugin_ios_activity_recognition,,0,2,0,33726ebb-721a-4177-a12a-1beec88ce573,203BN,,0,0,1601739581072,0,0
plugin_ios_activity_recognition,"[""stationary""]",0,2,0,33726ebb-721a-4177-a12a-1beec88ce573,203BN,,0,1,1601739587142,0,0
plugin_ios_activity_recognition,,0,2,0,33726ebb-721a-4177-a12a-1beec88ce573,203BN,,0,0,1601739588101,0,0
plugin_ios_activity_recognition,"[""stationary""]",0,2,0,33726ebb-721a-4177-a12a-1beec88ce573,203BN,,0,1,1601739603410,0,0
plugin_ios_activity_recognition,,0,2,0,33726ebb-721a-4177-a12a-1beec88ce573,203BN,,0,0,1601739606278,0,0
plugin_ios_activity_recognition,"[""stationary""]",0,2,0,33726ebb-721a-4177-a12a-1beec88ce573,203BN,,0,1,1601739610437,0,0
plugin_ios_activity_recognition,,0,2,0,33726ebb-721a-4177-a12a-1beec88ce573,203BN,,0,0,1601739612664,0,0
plugin_ios_activity_recognition,"[""stationary""]",0,2,0,33726ebb-721a-4177-a12a-1beec88ce573,203BN,,0,1,1601739632449,0,0
plugin_ios_activity_recognition,,0,2,0,33726ebb-721a-4177-a12a-1beec88ce573,203BN,,0,0,1601739634358,0,0
plugin_ios_activity_recognition,"[""stationary""]",0,2,0,33726ebb-721a-4177-a12a-1beec88ce573,203BN,,0,1,1601739647128,0,0
plugin_ios_activity_recognition,,0,2,0,33726ebb-721a-4177-a12a-1beec88ce573,203BN,,0,0,1601739649676,0,0
plugin_ios_activity_recognition,"[""stationary""]",0,2,0,33726ebb-721a-4177-a12a-1beec88ce573,203BN,,0,1,1601739659574,0,0
plugin_ios_activity_recognition,,0,2,0,33726ebb-721a-4177-a12a-1beec88ce573,203BN,,0,0,1601739663077,0,0
plugin_ios_activity_recognition,"[""stationary""]",0,2,0,33726ebb-721a-4177-a12a-1beec88ce573,203BN,,0,1,1601739702982,0,0
plugin_ios_activity_recognition,,0,2,0,33726ebb-721a-4177-a12a-1beec88ce573,203BN,,0,0,1601739711616,0,0
plugin_ios_activity_recognition,,0,2,0,33726ebb-721a-4177-a12a-1beec88ce573,203BN,,0,0,1601739725031,0,0
plugin_ios_activity_recognition,"[""stationary""]",0,2,0,33726ebb-721a-4177-a12a-1beec88ce573,203BN,,0,1,1601739733337,0,0
plugin_ios_activity_recognition,,0,2,0,33726ebb-721a-4177-a12a-1beec88ce573,203BN,,0,0,1601739756635,0,0
plugin_ios_activity_recognition,"[""stationary""]",0,2,0,33726ebb-721a-4177-a12a-1beec88ce573,203BN,,0,1,1601739761742,0,0
plugin_ios_activity_recognition,,0,2,0,33726ebb-721a-4177-a12a-1beec88ce573,203BN,,0,0,1601739767168,0,0
plugin_ios_activity_recognition,"[""stationary""]",0,2,0,33726ebb-721a-4177-a12a-1beec88ce573,203BN,,0,1,1601739846697,0,0
plugin_ios_activity_recognition,,0,2,0,33726ebb-721a-4177-a12a-1beec88ce573,203BN,,0,0,1601739868136,0,0
plugin_ios_activity_recognition,,0,2,0,33726ebb-721a-4177-a12a-1beec88ce573,203BN,,0,0,1601739905040,0,0
plugin_ios_activity_recognition,"[""stationary""]",0,2,0,33726ebb-721a-4177-a12a-1beec88ce573,203BN,,0,1,1601739925917,0,0
plugin_ios_activity_recognition,,0,2,0,33726ebb-721a-4177-a12a-1beec88ce573,203BN,,0,0,1601739926237,0,0
plugin_ios_activity_recognition,"[""stationary""]",0,2,0,33726ebb-721a-4177-a12a-1beec88ce573,203BN,,0,1,1601739953073,0,0
plugin_ios_activity_recognition,,0,2,0,33726ebb-721a-4177-a12a-1beec88ce573,203BN,,0,0,1601739955626,0,0
plugin_ios_activity_recognition,"[""stationary""]",0,2,0,33726ebb-721a-4177-a12a-1beec88ce573,203BN,,0,1,1601739985601,0,0
plugin_ios_activity_recognition,,0,2,0,33726ebb-721a-4177-a12a-1beec88ce573,203BN,,0,0,1601739995192,0,0
plugin_ios_activity_recognition,"[""stationary""]",0,2,0,33726ebb-721a-4177-a12a-1beec88ce573,203BN,,0,1,1601740008324,0,0
plugin_ios_activity_recognition,,0,2,0,33726ebb-721a-4177-a12a-1beec88ce573,203BN,,0,0,1601740019779,0,0
plugin_ios_activity_recognition,"[""stationary""]",0,2,0,33726ebb-721a-4177-a12a-1beec88ce573,203BN,,0,1,1601740027764,0,0
plugin_ios_activity_recognition,,0,2,0,33726ebb-721a-4177-a12a-1beec88ce573,203BN,,0,0,1601740039291,0,0
plugin_ios_activity_recognition,"[""stationary""]",0,2,0,33726ebb-721a-4177-a12a-1beec88ce573,203BN,,0,1,1601740046677,0,0
plugin_ios_activity_recognition,,0,2,0,33726ebb-721a-4177-a12a-1beec88ce573,203BN,,0,0,1601740057158,0,0
plugin_ios_activity_recognition,"[""stationary""]",0,2,0,33726ebb-721a-4177-a12a-1beec88ce573,203BN,,0,1,1601740071204,0,0
plugin_ios_activity_recognition,,0,2,0,33726ebb-721a-4177-a12a-1beec88ce573,203BN,,0,0,1601740075981,0,0
plugin_ios_activity_recognition,,0,2,0,33726ebb-721a-4177-a12a-1beec88ce573,203BN,,0,0,1601740085040,0,0
plugin_ios_activity_recognition,"[""stationary""]",0,2,0,33726ebb-721a-4177-a12a-1beec88ce573,203BN,,0,1,1601740088118,0,0
plugin_ios_activity_recognition,,0,2,0,33726ebb-721a-4177-a12a-1beec88ce573,203BN,,0,0,1601740089072,0,0
plugin_ios_activity_recognition,"[""stationary""]",0,2,0,33726ebb-721a-4177-a12a-1beec88ce573,203BN,,0,1,1601740093855,0,0
plugin_ios_activity_recognition,,0,2,0,33726ebb-721a-4177-a12a-1beec88ce573,203BN,,0,0,1601740097368,0,0
plugin_ios_activity_recognition,"[""stationary""]",0,2,0,33726ebb-721a-4177-a12a-1beec88ce573,203BN,,0,1,1601740100886,0,0
plugin_ios_activity_recognition,,0,2,0,33726ebb-721a-4177-a12a-1beec88ce573,203BN,,0,0,1601740104728,0,0
plugin_ios_activity_recognition,"[""stationary""]",0,2,0,33726ebb-721a-4177-a12a-1beec88ce573,203BN,,0,1,1601740116225,0,0
plugin_ios_activity_recognition,,0,2,0,33726ebb-721a-4177-a12a-1beec88ce573,203BN,,0,0,1601740116545,0,0
plugin_ios_activity_recognition,"[""stationary""]",0,2,0,33726ebb-721a-4177-a12a-1beec88ce573,203BN,,0,1,1601740120053,0,0
plugin_ios_activity_recognition,,0,2,0,33726ebb-721a-4177-a12a-1beec88ce573,203BN,,0,0,1601740142742,0,0
plugin_ios_activity_recognition,"[""stationary""]",0,2,0,33726ebb-721a-4177-a12a-1beec88ce573,203BN,,0,1,1601740152310,0,0
plugin_ios_activity_recognition,,0,2,0,33726ebb-721a-4177-a12a-1beec88ce573,203BN,,0,0,1601740157731,0,0
plugin_ios_activity_recognition,"[""stationary""]",0,2,0,33726ebb-721a-4177-a12a-1beec88ce573,203BN,,0,1,1601740167640,0,0
plugin_ios_activity_recognition,,0,2,0,33726ebb-721a-4177-a12a-1beec88ce573,203BN,,0,0,1601740174991,0,0
plugin_ios_activity_recognition,"[""stationary""]",0,2,0,33726ebb-721a-4177-a12a-1beec88ce573,203BN,,0,1,1601740188382,0,0
plugin_ios_activity_recognition,,0,2,0,33726ebb-721a-4177-a12a-1beec88ce573,203BN,,0,0,1601740190615,0,0
plugin_ios_activity_recognition,"[""stationary""]",0,2,0,33726ebb-721a-4177-a12a-1beec88ce573,203BN,,0,1,1601740198280,0,0
plugin_ios_activity_recognition,,0,2,0,33726ebb-721a-4177-a12a-1beec88ce573,203BN,,0,0,1601740216223,0,0
plugin_ios_activity_recognition,"[""stationary""]",0,2,0,33726ebb-721a-4177-a12a-1beec88ce573,203BN,,0,1,1601740244649,0,0
plugin_ios_activity_recognition,,0,2,0,33726ebb-721a-4177-a12a-1beec88ce573,203BN,,0,0,1601740246563,0,0
plugin_ios_activity_recognition,"[""stationary""]",0,2,0,33726ebb-721a-4177-a12a-1beec88ce573,203BN,,0,1,1601740251660,0,0
plugin_ios_activity_recognition,,0,2,0,33726ebb-721a-4177-a12a-1beec88ce573,203BN,,0,0,1601740253888,0,0
plugin_ios_activity_recognition,"[""stationary""]",0,2,0,33726ebb-721a-4177-a12a-1beec88ce573,203BN,,0,1,1601740263466,0,0
plugin_ios_activity_recognition,"[""stationary""]",0,2,0,33726ebb-721a-4177-a12a-1beec88ce573,203BN,,0,1,1601740265042,0,0
plugin_ios_activity_recognition,,0,2,0,33726ebb-721a-4177-a12a-1beec88ce573,203BN,,0,0,1601740271489,0,0
plugin_ios_activity_recognition,"[""stationary""]",0,2,0,33726ebb-721a-4177-a12a-1beec88ce573,203BN,,0,1,1601740332137,0,0
plugin_ios_activity_recognition,,0,2,0,33726ebb-721a-4177-a12a-1beec88ce573,203BN,,0,0,1601740344588,0,0
plugin_ios_activity_recognition,"[""stationary""]",0,2,0,33726ebb-721a-4177-a12a-1beec88ce573,203BN,,0,1,1601740350019,0,0
plugin_ios_activity_recognition,,0,2,0,33726ebb-721a-4177-a12a-1beec88ce573,203BN,,0,0,1601740357040,0,0
plugin_ios_activity_recognition,"[""stationary""]",0,2,0,33726ebb-721a-4177-a12a-1beec88ce573,203BN,,0,1,1601740361822,0,0
plugin_ios_activity_recognition,,0,2,0,33726ebb-721a-4177-a12a-1beec88ce573,203BN,,0,0,1601740369162,0,0
plugin_ios_activity_recognition,"[""stationary""]",0,2,0,33726ebb-721a-4177-a12a-1beec88ce573,203BN,,0,1,1601740372680,0,0
plugin_ios_activity_recognition,,0,2,0,33726ebb-721a-4177-a12a-1beec88ce573,203BN,,0,0,1601740378426,0,0
plugin_ios_activity_recognition,"[""stationary""]",0,2,0,33726ebb-721a-4177-a12a-1beec88ce573,203BN,,0,1,1601740384812,0,0
plugin_ios_activity_recognition,,0,2,0,33726ebb-721a-4177-a12a-1beec88ce573,203BN,,0,0,1601740398562,0,0
plugin_ios_activity_recognition,,0,2,0,33726ebb-721a-4177-a12a-1beec88ce573,203BN,,0,0,1601740445036,0,0
plugin_ios_activity_recognition,"[""stationary""]",0,2,0,33726ebb-721a-4177-a12a-1beec88ce573,203BN,,0,1,1601740468750,0,0
plugin_ios_activity_recognition,,0,2,0,33726ebb-721a-4177-a12a-1beec88ce573,203BN,,0,0,1601740470349,0,0
plugin_ios_activity_recognition,"[""stationary""]",0,2,0,33726ebb-721a-4177-a12a-1beec88ce573,203BN,,0,1,1601740473856,0,0
plugin_ios_activity_recognition,,0,2,0,33726ebb-721a-4177-a12a-1beec88ce573,203BN,,0,0,1601740482811,0,0
plugin_ios_activity_recognition,"[""stationary""]",0,2,0,33726ebb-721a-4177-a12a-1beec88ce573,203BN,,0,1,1601740507390,0,0
plugin_ios_activity_recognition,,0,2,0,33726ebb-721a-4177-a12a-1beec88ce573,203BN,,0,0,1601740509943,0,0
plugin_ios_activity_recognition,"[""stationary""]",0,2,0,33726ebb-721a-4177-a12a-1beec88ce573,203BN,,0,1,1601740514405,0,0
plugin_ios_activity_recognition,,0,2,0,33726ebb-721a-4177-a12a-1beec88ce573,203BN,,0,0,1601740519826,0,0
plugin_ios_activity_recognition,"[""stationary""]",0,2,0,33726ebb-721a-4177-a12a-1beec88ce573,203BN,,0,1,1601740573115,0,0
plugin_ios_activity_recognition,,0,2,0,33726ebb-721a-4177-a12a-1beec88ce573,203BN,,0,0,1601740573750,0,0
plugin_ios_activity_recognition,"[""stationary""]",0,2,0,33726ebb-721a-4177-a12a-1beec88ce573,203BN,,0,1,1601740582689,0,0
plugin_ios_activity_recognition,,0,2,0,33726ebb-721a-4177-a12a-1beec88ce573,203BN,,0,0,1601740598974,0,0
plugin_ios_activity_recognition,"[""stationary""]",0,2,0,33726ebb-721a-4177-a12a-1beec88ce573,203BN,,0,1,1601740609822,0,0
plugin_ios_activity_recognition,,0,2,0,33726ebb-721a-4177-a12a-1beec88ce573,203BN,,0,0,1601740610136,0,0
plugin_ios_activity_recognition,,0,2,0,33726ebb-721a-4177-a12a-1beec88ce573,203BN,,0,0,1601740625040,0,0
plugin_ios_activity_recognition,"[""stationary""]",0,2,0,33726ebb-721a-4177-a12a-1beec88ce573,203BN,,0,1,1601740633765,0,0
plugin_ios_activity_recognition,,0,2,0,33726ebb-721a-4177-a12a-1beec88ce573,203BN,,0,0,1601740637919,0,0
plugin_ios_activity_recognition,"[""stationary""]",0,2,0,33726ebb-721a-4177-a12a-1beec88ce573,203BN,,0,1,1601740641432,0,0
plugin_ios_activity_recognition,,0,2,0,33726ebb-721a-4177-a12a-1beec88ce573,203BN,,0,0,1601740662280,0,0
plugin_ios_activity_recognition,"[""stationary""]",0,2,0,33726ebb-721a-4177-a12a-1beec88ce573,203BN,,0,1,1601740666395,0,0
plugin_ios_activity_recognition,,0,2,0,33726ebb-721a-4177-a12a-1beec88ce573,203BN,,0,0,1601740672146,0,0
plugin_ios_activity_recognition,"[""stationary""]",0,2,0,33726ebb-721a-4177-a12a-1beec88ce573,203BN,,0,1,1601740694495,0,0
plugin_ios_activity_recognition,,0,2,0,33726ebb-721a-4177-a12a-1beec88ce573,203BN,,0,0,1601740701181,0,0
plugin_ios_activity_recognition,"[""stationary""]",0,2,0,33726ebb-721a-4177-a12a-1beec88ce573,203BN,,0,1,1601740719998,0,0
plugin_ios_activity_recognition,,0,2,0,33726ebb-721a-4177-a12a-1beec88ce573,203BN,,0,0,1601740728666,0,0
plugin_ios_activity_recognition,"[""stationary""]",0,2,0,33726ebb-721a-4177-a12a-1beec88ce573,203BN,,0,1,1601740739796,0,0
plugin_ios_activity_recognition,,0,2,0,33726ebb-721a-4177-a12a-1beec88ce573,203BN,,0,0,1601740746553,0,0
plugin_ios_activity_recognition,"[""stationary""]",0,2,0,33726ebb-721a-4177-a12a-1beec88ce573,203BN,,0,1,1601740754475,0,0
plugin_ios_activity_recognition,,0,2,0,33726ebb-721a-4177-a12a-1beec88ce573,203BN,,0,0,1601740776847,0,0
plugin_ios_activity_recognition,"[""stationary""]",0,2,0,33726ebb-721a-4177-a12a-1beec88ce573,203BN,,0,1,1601740788329,0,0
plugin_ios_activity_recognition,,0,2,0,33726ebb-721a-4177-a12a-1beec88ce573,203BN,,0,0,1601740790248,0,0
plugin_ios_activity_recognition,"[""stationary""]",0,2,0,33726ebb-721a-4177-a12a-1beec88ce573,203BN,,0,1,1601740795067,0,0
plugin_ios_activity_recognition,"[""stationary""]",0,2,0,33726ebb-721a-4177-a12a-1beec88ce573,203BN,,0,1,1601740805049,0,0
plugin_ios_activity_recognition,,0,2,0,33726ebb-721a-4177-a12a-1beec88ce573,203BN,,0,0,1601740818301,0,0
plugin_ios_activity_recognition,"[""stationary""]",0,2,0,33726ebb-721a-4177-a12a-1beec88ce573,203BN,,0,1,1601740891091,0,0
plugin_ios_activity_recognition,,0,2,0,33726ebb-721a-4177-a12a-1beec88ce573,203BN,,0,0,1601740903237,0,0
plugin_ios_activity_recognition,,0,2,0,33726ebb-721a-4177-a12a-1beec88ce573,203BN,,0,0,1601740985040,0,0
plugin_ios_activity_recognition,"[""stationary""]",0,2,0,33726ebb-721a-4177-a12a-1beec88ce573,203BN,,0,1,1601740993860,0,0
plugin_ios_activity_recognition,,0,2,0,33726ebb-721a-4177-a12a-1beec88ce573,203BN,,0,0,1601741001856,0,0
plugin_ios_activity_recognition,"[""stationary""]",0,2,0,33726ebb-721a-4177-a12a-1beec88ce573,203BN,,0,1,1601741034061,0,0
plugin_ios_activity_recognition,,0,2,0,33726ebb-721a-4177-a12a-1beec88ce573,203BN,,0,0,1601741041091,0,0
plugin_ios_activity_recognition,"[""stationary""]",0,2,0,33726ebb-721a-4177-a12a-1beec88ce573,203BN,,0,1,1601741050392,0,0
plugin_ios_activity_recognition,,0,2,0,33726ebb-721a-4177-a12a-1beec88ce573,203BN,,0,0,1601741061537,0,0
plugin_ios_activity_recognition,"[""stationary""]",0,2,0,33726ebb-721a-4177-a12a-1beec88ce573,203BN,,0,1,1601741111740,0,0
plugin_ios_activity_recognition,,0,2,0,33726ebb-721a-4177-a12a-1beec88ce573,203BN,,0,0,1601741115215,0,0
plugin_ios_activity_recognition,"[""stationary""]",0,2,0,33726ebb-721a-4177-a12a-1beec88ce573,203BN,,0,1,1601741131800,0,0
plugin_ios_activity_recognition,,0,2,0,33726ebb-721a-4177-a12a-1beec88ce573,203BN,,0,0,1601741136262,0,0
plugin_ios_activity_recognition,"[""stationary""]",0,2,0,33726ebb-721a-4177-a12a-1beec88ce573,203BN,,0,1,1601741140415,0,0
plugin_ios_activity_recognition,,0,2,0,33726ebb-721a-4177-a12a-1beec88ce573,203BN,,0,0,1601741142360,0,0
plugin_ios_activity_recognition,,0,2,0,33726ebb-721a-4177-a12a-1beec88ce573,203BN,,0,0,1601741165044,0,0
plugin_ios_activity_recognition,"[""stationary""]",0,2,0,33726ebb-721a-4177-a12a-1beec88ce573,203BN,,0,1,1601741168810,0,0
plugin_ios_activity_recognition,,0,2,0,33726ebb-721a-4177-a12a-1beec88ce573,203BN,,0,0,1601741171684,0,0
plugin_ios_activity_recognition,"[""stationary""]",0,2,0,33726ebb-721a-4177-a12a-1beec88ce573,203BN,,0,1,1601741177755,0,0
plugin_ios_activity_recognition,,0,2,0,33726ebb-721a-4177-a12a-1beec88ce573,203BN,,0,0,1601741186679,0,0
plugin_ios_activity_recognition,"[""stationary""]",0,2,0,33726ebb-721a-4177-a12a-1beec88ce573,203BN,,0,1,1601741216713,0,0
plugin_ios_activity_recognition,,0,2,0,33726ebb-721a-4177-a12a-1beec88ce573,203BN,,0,0,1601741219586,0,0
plugin_ios_activity_recognition,"[""stationary""]",0,2,0,33726ebb-721a-4177-a12a-1beec88ce573,203BN,,0,1,1601741240033,0,0
plugin_ios_activity_recognition,,0,2,0,33726ebb-721a-4177-a12a-1beec88ce573,203BN,,0,0,1601741244190,0,0
plugin_ios_activity_recognition,"[""stationary""]",0,2,0,33726ebb-721a-4177-a12a-1beec88ce573,203BN,,0,1,1601741249658,0,0
plugin_ios_activity_recognition,,0,2,0,33726ebb-721a-4177-a12a-1beec88ce573,203BN,,0,0,1601741250256,0,0
plugin_ios_activity_recognition,"[""stationary""]",0,2,0,33726ebb-721a-4177-a12a-1beec88ce573,203BN,,0,1,1601741320194,0,0
plugin_ios_activity_recognition,,0,2,0,33726ebb-721a-4177-a12a-1beec88ce573,203BN,,0,0,1601741323067,0,0
plugin_ios_activity_recognition,"[""stationary""]",0,2,0,33726ebb-721a-4177-a12a-1beec88ce573,203BN,,0,1,1601741331692,0,0
plugin_ios_activity_recognition,,0,2,0,33726ebb-721a-4177-a12a-1beec88ce573,203BN,,0,0,1601741342878,0,0
plugin_ios_activity_recognition,,0,2,0,33726ebb-721a-4177-a12a-1beec88ce573,203BN,,0,0,1601741345038,0,0
plugin_ios_activity_recognition,"[""stationary""]",0,2,0,33726ebb-721a-4177-a12a-1beec88ce573,203BN,,0,1,1601741381798,0,0
plugin_ios_activity_recognition,,0,2,0,33726ebb-721a-4177-a12a-1beec88ce573,203BN,,0,0,1601741391363,0,0
plugin_ios_activity_recognition,"[""stationary""]",0,2,0,33726ebb-721a-4177-a12a-1beec88ce573,203BN,,0,1,1601741394866,0,0
plugin_ios_activity_recognition,,0,2,0,33726ebb-721a-4177-a12a-1beec88ce573,203BN,,0,0,1601741412121,0,0
plugin_ios_activity_recognition,"[""stationary""]",0,2,0,33726ebb-721a-4177-a12a-1beec88ce573,203BN,,0,1,1601741467375,0,0
plugin_ios_activity_recognition,,0,2,0,33726ebb-721a-4177-a12a-1beec88ce573,203BN,,0,0,1601741474441,0,0
plugin_ios_activity_recognition,"[""walking""]",0,1,0,33726ebb-721a-4177-a12a-1beec88ce573,203BN,,0,0,1601741479560,0,1
plugin_ios_activity_recognition,"[""walking""]",0,2,0,33726ebb-721a-4177-a12a-1beec88ce573,203BN,,0,0,1601741489793,0,1
plugin_ios_activity_recognition,"[""walking""]",0,2,0,33726ebb-721a-4177-a12a-1beec88ce573,203BN,,0,0,1601741525133,0,1
plugin_ios_activity_recognition,"[""stationary""]",0,2,0,33726ebb-721a-4177-a12a-1beec88ce573,203BN,,0,1,1601741533204,0,0
plugin_ios_activity_recognition,,0,2,0,33726ebb-721a-4177-a12a-1beec88ce573,203BN,,0,0,1601741554878,0,0
plugin_ios_activity_recognition,"[""stationary""]",0,2,0,33726ebb-721a-4177-a12a-1beec88ce573,203BN,,0,1,1601741591957,0,0
plugin_ios_activity_recognition,,0,2,0,33726ebb-721a-4177-a12a-1beec88ce573,203BN,,0,0,1601741600556,0,0
plugin_ios_activity_recognition,"[""stationary""]",0,2,0,33726ebb-721a-4177-a12a-1beec88ce573,203BN,,0,1,1601741625784,0,0
plugin_ios_activity_recognition,,0,2,0,33726ebb-721a-4177-a12a-1beec88ce573,203BN,,0,0,1601741630293,0,0
plugin_ios_activity_recognition,"[""stationary""]",0,2,0,33726ebb-721a-4177-a12a-1beec88ce573,203BN,,0,1,1601741639510,0,0
plugin_ios_activity_recognition,,0,2,0,33726ebb-721a-4177-a12a-1beec88ce573,203BN,,0,0,1601741650041,0,0
plugin_ios_activity_recognition,"[""stationary""]",0,2,0,33726ebb-721a-4177-a12a-1beec88ce573,203BN,,0,1,1601741688385,0,0
plugin_ios_activity_recognition,,0,2,0,33726ebb-721a-4177-a12a-1beec88ce573,203BN,,0,0,1601741690624,0,0
plugin_ios_activity_recognition,,0,2,0,33726ebb-721a-4177-a12a-1beec88ce573,203BN,,0,0,1601741705098,0,0
plugin_ios_activity_recognition,"[""stationary""]",0,2,0,33726ebb-721a-4177-a12a-1beec88ce573,203BN,,0,1,1601741724146,0,0
plugin_ios_activity_recognition,,0,2,0,33726ebb-721a-4177-a12a-1beec88ce573,203BN,,0,0,1601741727377,0,0
plugin_ios_activity_recognition,"[""stationary""]",0,2,0,33726ebb-721a-4177-a12a-1beec88ce573,203BN,,0,1,1601741735973,0,0
plugin_ios_activity_recognition,,0,2,0,33726ebb-721a-4177-a12a-1beec88ce573,203BN,,0,0,1601741737252,0,0
plugin_ios_activity_recognition,"[""stationary""]",0,2,0,33726ebb-721a-4177-a12a-1beec88ce573,203BN,,0,1,1601741784526,0,0
plugin_ios_activity_recognition,,0,2,0,33726ebb-721a-4177-a12a-1beec88ce573,203BN,,0,0,1601741788999,0,0
plugin_ios_activity_recognition,"[""stationary""]",0,2,0,33726ebb-721a-4177-a12a-1beec88ce573,203BN,,0,1,1601741830532,0,0
plugin_ios_activity_recognition,,0,2,0,33726ebb-721a-4177-a12a-1beec88ce573,203BN,,0,0,1601741835318,0,0
plugin_ios_activity_recognition,"[""stationary""]",0,2,0,33726ebb-721a-4177-a12a-1beec88ce573,203BN,,0,1,1601741844577,0,0
plugin_ios_activity_recognition,,0,2,0,33726ebb-721a-4177-a12a-1beec88ce573,203BN,,0,0,1601741867562,0,0
plugin_ios_activity_recognition,,0,2,0,33726ebb-721a-4177-a12a-1beec88ce573,203BN,,0,0,1601741885044,0,0
plugin_ios_activity_recognition,"[""stationary""]",0,2,0,33726ebb-721a-4177-a12a-1beec88ce573,203BN,,0,1,1601741888948,0,0
plugin_ios_activity_recognition,,0,2,0,33726ebb-721a-4177-a12a-1beec88ce573,203BN,,0,0,1601741891506,0,0
plugin_ios_activity_recognition,"[""stationary""]",0,2,0,33726ebb-721a-4177-a12a-1beec88ce573,203BN,,0,1,1601741901409,0,0
plugin_ios_activity_recognition,,0,2,0,33726ebb-721a-4177-a12a-1beec88ce573,203BN,,0,0,1601741908787,0,0
plugin_ios_activity_recognition,"[""stationary""]",0,2,0,33726ebb-721a-4177-a12a-1beec88ce573,203BN,,0,1,1601741920242,0,0
plugin_ios_activity_recognition,,0,2,0,33726ebb-721a-4177-a12a-1beec88ce573,203BN,,0,0,1601741922151,0,0
plugin_ios_activity_recognition,"[""walking""]",0,1,0,33726ebb-721a-4177-a12a-1beec88ce573,203BN,,0,0,1601741926668,0,1
plugin_ios_activity_recognition,"[""walking""]",0,2,0,33726ebb-721a-4177-a12a-1beec88ce573,203BN,,0,0,1601741929227,0,1
plugin_ios_activity_recognition,"[""stationary""]",0,2,0,33726ebb-721a-4177-a12a-1beec88ce573,203BN,,0,1,1601741985466,0,0
plugin_ios_activity_recognition,,0,2,0,33726ebb-721a-4177-a12a-1beec88ce573,203BN,,0,0,1601741990563,0,0
plugin_ios_activity_recognition,,0,2,0,33726ebb-721a-4177-a12a-1beec88ce573,203BN,,0,0,1601742065037,0,0
plugin_ios_activity_recognition,"[""stationary""]",0,2,0,33726ebb-721a-4177-a12a-1beec88ce573,203BN,,0,1,1601742094011,0,0
plugin_ios_activity_recognition,,0,2,0,33726ebb-721a-4177-a12a-1beec88ce573,203BN,,0,0,1601742099769,0,0
plugin_ios_activity_recognition,"[""stationary""]",0,2,0,33726ebb-721a-4177-a12a-1beec88ce573,203BN,,0,1,1601742173955,0,0
plugin_ios_activity_recognition,,0,2,0,33726ebb-721a-4177-a12a-1beec88ce573,203BN,,0,0,1601742185790,0,0
plugin_ios_activity_recognition,"[""stationary""]",0,2,0,33726ebb-721a-4177-a12a-1beec88ce573,203BN,,0,1,1601742202754,0,0
plugin_ios_activity_recognition,,0,2,0,33726ebb-721a-4177-a12a-1beec88ce573,203BN,,0,0,1601742206547,0,0
plugin_ios_activity_recognition,"[""walking""]",0,1,0,33726ebb-721a-4177-a12a-1beec88ce573,203BN,,0,0,1601742215541,0,1
plugin_ios_activity_recognition,,0,2,0,33726ebb-721a-4177-a12a-1beec88ce573,203BN,,0,0,1601742218099,0,0
plugin_ios_activity_recognition,,0,2,0,33726ebb-721a-4177-a12a-1beec88ce573,203BN,,0,0,1601742245140,0,0
plugin_ios_activity_recognition,"[""stationary""]",0,2,0,33726ebb-721a-4177-a12a-1beec88ce573,203BN,,0,1,1601742347754,0,0
plugin_ios_activity_recognition,,0,2,0,33726ebb-721a-4177-a12a-1beec88ce573,203BN,,0,0,1601742349028,0,0
plugin_ios_activity_recognition,"[""stationary""]",0,2,0,33726ebb-721a-4177-a12a-1beec88ce573,203BN,,0,1,1601742358653,0,0
plugin_ios_activity_recognition,,0,2,0,33726ebb-721a-4177-a12a-1beec88ce573,203BN,,0,0,1601742361207,0,0
plugin_ios_activity_recognition,"[""stationary""]",0,2,0,33726ebb-721a-4177-a12a-1beec88ce573,203BN,,0,1,1601742370428,0,0
plugin_ios_activity_recognition,,0,2,0,33726ebb-721a-4177-a12a-1beec88ce573,203BN,,0,0,1601742397027,0,0
plugin_ios_activity_recognition,"[""walking""]",0,1,0,33726ebb-721a-4177-a12a-1beec88ce573,203BN,,0,0,1601742402148,0,1
plugin_ios_activity_recognition,"[""walking""]",0,2,0,33726ebb-721a-4177-a12a-1beec88ce573,203BN,,0,0,1601742405305,0,1
plugin_ios_activity_recognition,"[""stationary""]",0,2,0,33726ebb-721a-4177-a12a-1beec88ce573,203BN,,0,1,1601742420958,0,0
plugin_ios_activity_recognition,"[""stationary""]",0,2,0,33726ebb-721a-4177-a12a-1beec88ce573,203BN,,0,1,1601742425071,0,0
plugin_ios_activity_recognition,"[""walking""]",0,2,0,33726ebb-721a-4177-a12a-1beec88ce573,203BN,,0,0,1601742433416,0,1
plugin_ios_activity_recognition,"[""stationary""]",0,2,0,33726ebb-721a-4177-a12a-1beec88ce573,203BN,,0,1,1601742471771,0,0
plugin_ios_activity_recognition,,0,2,0,33726ebb-721a-4177-a12a-1beec88ce573,203BN,,0,0,1601742563240,0,0
plugin_ios_activity_recognition,"[""stationary""]",0,2,0,33726ebb-721a-4177-a12a-1beec88ce573,203BN,,0,1,1601742567030,0,0
plugin_ios_activity_recognition,"[""stationary""]",0,2,0,33726ebb-721a-4177-a12a-1beec88ce573,203BN,,0,1,1601742605051,0,0
plugin_ios_activity_recognition,"[""stationary""]",0,2,0,33726ebb-721a-4177-a12a-1beec88ce573,203BN,,0,1,1601742785050,0,0
plugin_ios_activity_recognition,,0,2,0,33726ebb-721a-4177-a12a-1beec88ce573,203BN,,0,0,1601742835277,0,0
plugin_ios_activity_recognition,"[""stationary""]",0,2,0,33726ebb-721a-4177-a12a-1beec88ce573,203BN,,0,1,1601742841992,0,0
plugin_ios_activity_recognition,"[""stationary""]",0,2,0,33726ebb-721a-4177-a12a-1beec88ce573,203BN,,0,1,1601742965101,0,0
plugin_ios_activity_recognition,,0,2,0,33726ebb-721a-4177-a12a-1beec88ce573,203BN,,0,0,1601742994281,0,0
plugin_ios_activity_recognition,"[""stationary""]",0,2,0,33726ebb-721a-4177-a12a-1beec88ce573,203BN,,0,1,1601742999072,0,0
plugin_ios_activity_recognition,,0,2,0,33726ebb-721a-4177-a12a-1beec88ce573,203BN,,0,0,1601743019492,0,0
plugin_ios_activity_recognition,"[""walking""]",0,1,0,33726ebb-721a-4177-a12a-1beec88ce573,203BN,,0,0,1601743023050,0,1
plugin_ios_activity_recognition,"[""walking""]",0,2,0,33726ebb-721a-4177-a12a-1beec88ce573,203BN,,0,0,1601743025609,0,1
plugin_ios_activity_recognition,,0,2,0,33726ebb-721a-4177-a12a-1beec88ce573,203BN,,0,0,1601743076760,0,0
plugin_ios_activity_recognition,"[""stationary""]",0,2,0,33726ebb-721a-4177-a12a-1beec88ce573,203BN,,0,1,1601743095578,0,0
plugin_ios_activity_recognition,,0,2,0,33726ebb-721a-4177-a12a-1beec88ce573,203BN,,0,0,1601743113139,0,0
plugin_ios_activity_recognition,"[""stationary""]",0,2,0,33726ebb-721a-4177-a12a-1beec88ce573,203BN,,0,1,1601743120208,0,0
plugin_ios_activity_recognition,"[""stationary""]",0,2,0,33726ebb-721a-4177-a12a-1beec88ce573,203BN,,0,1,1601743145055,0,0
plugin_ios_activity_recognition,,0,2,0,33726ebb-721a-4177-a12a-1beec88ce573,203BN,,0,0,1601743295206,0,0
plugin_ios_activity_recognition,"[""stationary""]",0,2,0,33726ebb-721a-4177-a12a-1beec88ce573,203BN,,0,1,1601743300319,0,0
plugin_ios_activity_recognition,,0,2,0,33726ebb-721a-4177-a12a-1beec88ce573,203BN,,0,0,1601743301950,0,0
plugin_ios_activity_recognition,"[""stationary""]",0,2,0,33726ebb-721a-4177-a12a-1beec88ce573,203BN,,0,1,1601743306069,0,0
plugin_ios_activity_recognition,"[""stationary""]",0,2,0,33726ebb-721a-4177-a12a-1beec88ce573,203BN,,0,1,1601743325055,0,0
plugin_ios_activity_recognition,,0,2,0,33726ebb-721a-4177-a12a-1beec88ce573,203BN,,0,0,1601743327823,0,0
plugin_ios_activity_recognition,"[""stationary""]",0,2,0,33726ebb-721a-4177-a12a-1beec88ce573,203BN,,0,1,1601743332939,0,0
plugin_ios_activity_recognition,"[""stationary""]",0,2,0,33726ebb-721a-4177-a12a-1beec88ce573,203BN,,0,1,1601743505052,0,0
plugin_ios_activity_recognition,"[""stationary""]",0,2,0,33726ebb-721a-4177-a12a-1beec88ce573,203BN,supplement,0,1,1601743685052,0,0
plugin_ios_activity_recognition,"[""stationary""]",0,2,0,33726ebb-721a-4177-a12a-1beec88ce573,203BN,,0,1,1601743685119,0,0
plugin_ios_activity_recognition,,0,2,0,33726ebb-721a-4177-a12a-1beec88ce573,203BN,,0,0,1601743688518,0,0
plugin_ios_activity_recognition,"[""stationary""]",0,2,0,33726ebb-721a-4177-a12a-1beec88ce573,203BN,,0,1,1601743694907,0,0
plugin_ios_activity_recognition,,0,2,0,33726ebb-721a-4177-a12a-1beec88ce573,203BN,,0,0,1601743699059,0,0
plugin_ios_activity_recognition,"[""stationary""]",0,2,0,33726ebb-721a-4177-a12a-1beec88ce573,203BN,,0,1,1601743708689,0,0
plugin_ios_activity_recognition,,0,2,0,33726ebb-721a-4177-a12a-1beec88ce573,203BN,,0,0,1601743720486,0,0
plugin_ios_activity_recognition,"[""stationary""]",0,2,0,33726ebb-721a-4177-a12a-1beec88ce573,203BN,,0,1,1601743724962,0,0
plugin_ios_activity_recognition,"[""stationary""]",0,2,0,33726ebb-721a-4177-a12a-1beec88ce573,203BN,supplement,0,1,1601743865052,0,0
plugin_ios_activity_recognition,"[""stationary""]",0,2,0,33726ebb-721a-4177-a12a-1beec88ce573,203BN,,0,1,1601743865057,0,0
plugin_ios_activity_recognition,"[""stationary""]",0,2,0,33726ebb-721a-4177-a12a-1beec88ce573,203BN,,0,1,1601744045056,0,0
plugin_ios_activity_recognition,"[""stationary""]",0,2,0,33726ebb-721a-4177-a12a-1beec88ce573,203BN,supplement,0,1,1601744225056,0,0
plugin_ios_activity_recognition,"[""stationary""]",0,2,0,33726ebb-721a-4177-a12a-1beec88ce573,203BN,,0,1,1601744225057,0,0
plugin_ios_activity_recognition,"[""stationary""]",0,2,0,33726ebb-721a-4177-a12a-1beec88ce573,203BN,supplement,0,1,1601744405056,0,0
plugin_ios_activity_recognition,"[""stationary""]",0,2,0,33726ebb-721a-4177-a12a-1beec88ce573,203BN,supplement,0,1,1601744405057,0,0
plugin_ios_activity_recognition,"[""stationary""]",0,2,0,33726ebb-721a-4177-a12a-1beec88ce573,203BN,,0,1,1601744405152,0,0
plugin_ios_activity_recognition,"[""stationary""]",0,2,0,33726ebb-721a-4177-a12a-1beec88ce573,203BN,,0,1,1601744585057,0,0
plugin_ios_activity_recognition,,0,2,0,33726ebb-721a-4177-a12a-1beec88ce573,203BN,,0,0,1601744615389,0,0
plugin_ios_activity_recognition,"[""stationary""]",0,2,0,33726ebb-721a-4177-a12a-1beec88ce573,203BN,,0,1,1601744620525,0,0
plugin_ios_activity_recognition,,0,2,0,33726ebb-721a-4177-a12a-1beec88ce573,203BN,,0,0,1601744654425,0,0
plugin_ios_activity_recognition,"[""stationary""]",0,2,0,33726ebb-721a-4177-a12a-1beec88ce573,203BN,,0,1,1601744658926,0,0
plugin_ios_activity_recognition,"[""stationary""]",0,2,0,33726ebb-721a-4177-a12a-1beec88ce573,203BN,,0,1,1601744765059,0,0
plugin_ios_activity_recognition,"[""stationary""]",0,2,0,33726ebb-721a-4177-a12a-1beec88ce573,203BN,,0,1,1601744945054,0,0
plugin_ios_activity_recognition,,0,2,0,33726ebb-721a-4177-a12a-1beec88ce573,203BN,,0,0,1601745119329,0,0
plugin_ios_activity_recognition,"[""stationary""]",0,2,0,33726ebb-721a-4177-a12a-1beec88ce573,203BN,,0,1,1601745123805,0,0
plugin_ios_activity_recognition,"[""stationary""]",0,2,0,33726ebb-721a-4177-a12a-1beec88ce573,203BN,,0,1,1601745125062,0,0
plugin_ios_activity_recognition,,0,2,0,33726ebb-721a-4177-a12a-1beec88ce573,203BN,,0,0,1601745175600,0,0
plugin_ios_activity_recognition,"[""stationary""]",0,2,0,33726ebb-721a-4177-a12a-1beec88ce573,203BN,,0,1,1601745185192,0,0
plugin_ios_activity_recognition,,0,2,0,33726ebb-721a-4177-a12a-1beec88ce573,203BN,,0,0,1601745260327,0,0
plugin_ios_activity_recognition,"[""walking""]",0,1,0,33726ebb-721a-4177-a12a-1beec88ce573,203BN,,0,0,1601745263879,0,1
plugin_ios_activity_recognition,"[""walking""]",0,2,0,33726ebb-721a-4177-a12a-1beec88ce573,203BN,,0,0,1601745271832,0,1
plugin_ios_activity_recognition,,0,2,0,33726ebb-721a-4177-a12a-1beec88ce573,203BN,,0,0,1601745274110,0,0
plugin_ios_activity_recognition,"[""walking""]",0,1,0,33726ebb-721a-4177-a12a-1beec88ce573,203BN,,0,0,1601745281784,0,1
plugin_ios_activity_recognition,"[""walking""]",0,2,0,33726ebb-721a-4177-a12a-1beec88ce573,203BN,,0,0,1601745294573,0,1
plugin_ios_activity_recognition,"[""walking""]",0,2,0,33726ebb-721a-4177-a12a-1beec88ce573,203BN,,0,0,1601745305082,0,1
plugin_ios_activity_recognition,"[""stationary""]",0,2,0,33726ebb-721a-4177-a12a-1beec88ce573,203BN,,0,1,1601745369986,0,0
plugin_ios_activity_recognition,,0,2,0,33726ebb-721a-4177-a12a-1beec88ce573,203BN,,0,0,1601745415710,0,0
plugin_ios_activity_recognition,"[""walking""]",0,2,0,33726ebb-721a-4177-a12a-1beec88ce573,203BN,,0,0,1601745427582,0,1
plugin_ios_activity_recognition,,0,2,0,33726ebb-721a-4177-a12a-1beec88ce573,203BN,,0,0,1601745455715,0,0
plugin_ios_activity_recognition,"[""walking""]",0,1,0,33726ebb-721a-4177-a12a-1beec88ce573,203BN,,0,0,1601745465954,0,1
plugin_ios_activity_recognition,"[""walking""]",0,1,0,33726ebb-721a-4177-a12a-1beec88ce573,203BN,,0,0,1601745485056,0,1
plugin_ios_activity_recognition,,0,2,0,33726ebb-721a-4177-a12a-1beec88ce573,203BN,,0,0,1601745495005,0,0
plugin_ios_activity_recognition,"[""stationary""]",0,2,0,33726ebb-721a-4177-a12a-1beec88ce573,203BN,,0,1,1601745501401,0,0
plugin_ios_activity_recognition,,0,2,0,33726ebb-721a-4177-a12a-1beec88ce573,203BN,,0,0,1601745614897,0,0
plugin_ios_activity_recognition,"[""stationary""]",0,2,0,33726ebb-721a-4177-a12a-1beec88ce573,203BN,,0,1,1601745618734,0,0
plugin_ios_activity_recognition,"[""stationary""]",0,2,0,33726ebb-721a-4177-a12a-1beec88ce573,203BN,,0,1,1601745665062,0,0
plugin_ios_activity_recognition,,0,2,0,33726ebb-721a-4177-a12a-1beec88ce573,203BN,,0,0,1601745711486,0,0
plugin_ios_activity_recognition,"[""walking""]",0,1,0,33726ebb-721a-4177-a12a-1beec88ce573,203BN,,0,0,1601745714046,0,1
plugin_ios_activity_recognition,"[""stationary""]",0,2,0,33726ebb-721a-4177-a12a-1beec88ce573,203BN,,0,1,1601745730948,0,0
plugin_ios_activity_recognition,"[""walking""]",0,2,0,33726ebb-721a-4177-a12a-1beec88ce573,203BN,,0,0,1601745735104,0,1
plugin_ios_activity_recognition,"[""stationary""]",0,2,0,33726ebb-721a-4177-a12a-1beec88ce573,203BN,,0,1,1601745742177,0,0
plugin_ios_activity_recognition,"[""walking""]",0,2,0,33726ebb-721a-4177-a12a-1beec88ce573,203BN,,0,0,1601745764200,0,1
plugin_ios_activity_recognition,"[""stationary""]",0,2,0,33726ebb-721a-4177-a12a-1beec88ce573,203BN,,0,1,1601745767756,0,0
plugin_ios_activity_recognition,,0,2,0,33726ebb-721a-4177-a12a-1beec88ce573,203BN,,0,0,1601745824308,0,0
plugin_ios_activity_recognition,"[""stationary""]",0,2,0,33726ebb-721a-4177-a12a-1beec88ce573,203BN,,0,1,1601745827825,0,0
plugin_ios_activity_recognition,"[""stationary""]",0,2,0,33726ebb-721a-4177-a12a-1beec88ce573,203BN,,0,1,1601745845064,0,0
plugin_ios_activity_recognition,,0,2,0,33726ebb-721a-4177-a12a-1beec88ce573,203BN,,0,0,1601745891450,0,0
plugin_ios_activity_recognition,"[""walking""]",0,1,0,33726ebb-721a-4177-a12a-1beec88ce573,203BN,,0,0,1601745898208,0,1
plugin_ios_activity_recognition,"[""walking""]",0,2,0,33726ebb-721a-4177-a12a-1beec88ce573,203BN,,0,0,1601745900760,0,1
plugin_ios_activity_recognition,,0,2,0,33726ebb-721a-4177-a12a-1beec88ce573,203BN,,0,0,1601746000514,0,0
plugin_ios_activity_recognition,"[""walking""]",0,1,0,33726ebb-721a-4177-a12a-1beec88ce573,203BN,,0,0,1601746013304,0,1
plugin_ios_activity_recognition,"[""walking""]",0,2,0,33726ebb-721a-4177-a12a-1beec88ce573,203BN,,0,0,1601746015861,0,1
plugin_ios_activity_recognition,"[""walking""]",0,2,0,33726ebb-721a-4177-a12a-1beec88ce573,203BN,,0,0,1601746025059,0,1
plugin_ios_activity_recognition,"[""stationary""]",0,2,0,33726ebb-721a-4177-a12a-1beec88ce573,203BN,,0,1,1601746099593,0,0
plugin_ios_activity_recognition,,0,2,0,33726ebb-721a-4177-a12a-1beec88ce573,203BN,,0,0,1601746099913,0,0
plugin_ios_activity_recognition,"[""stationary""]",0,2,0,33726ebb-721a-4177-a12a-1beec88ce573,203BN,,0,1,1601746137322,0,0
plugin_ios_activity_recognition,,0,2,0,33726ebb-721a-4177-a12a-1beec88ce573,203BN,,0,0,1601746143754,0,0
plugin_ios_activity_recognition,"[""stationary""]",0,2,0,33726ebb-721a-4177-a12a-1beec88ce573,203BN,,0,1,1601746173452,0,0
plugin_ios_activity_recognition,"[""stationary""]",0,2,0,33726ebb-721a-4177-a12a-1beec88ce573,203BN,,0,1,1601746205060,0,0
plugin_ios_activity_recognition,,0,2,0,33726ebb-721a-4177-a12a-1beec88ce573,203BN,,0,0,1601746281522,0,0
plugin_ios_activity_recognition,"[""stationary""]",0,2,0,33726ebb-721a-4177-a12a-1beec88ce573,203BN,,0,1,1601746285678,0,0
plugin_ios_activity_recognition,,0,2,0,33726ebb-721a-4177-a12a-1beec88ce573,203BN,,0,0,1601746308061,0,0
plugin_ios_activity_recognition,"[""stationary""]",0,2,0,33726ebb-721a-4177-a12a-1beec88ce573,203BN,,0,1,1601746312857,0,0
plugin_ios_activity_recognition,"[""stationary""]",0,2,0,33726ebb-721a-4177-a12a-1beec88ce573,203BN,,0,1,1601746385060,0,0
plugin_ios_activity_recognition,,0,2,0,33726ebb-721a-4177-a12a-1beec88ce573,203BN,,0,0,1601746400147,0,0
plugin_ios_activity_recognition,"[""automotive""]",1,2,0,33726ebb-721a-4177-a12a-1beec88ce573,203BN,,0,0,1601746453261,0,0
plugin_ios_activity_recognition,"[""automotive""]",1,2,0,33726ebb-721a-4177-a12a-1beec88ce573,203BN,,0,0,1601746504421,0,0
plugin_ios_activity_recognition,"[""automotive""]",1,2,0,33726ebb-721a-4177-a12a-1beec88ce573,203BN,,0,0,1601746530002,0,0
plugin_ios_activity_recognition,"[""automotive""]",1,2,0,33726ebb-721a-4177-a12a-1beec88ce573,203BN,,0,0,1601746560709,0,0
plugin_ios_activity_recognition,"[""automotive""]",1,2,0,33726ebb-721a-4177-a12a-1beec88ce573,203BN,,0,0,1601746565158,0,0
plugin_ios_activity_recognition,"[""automotive""]",1,2,0,33726ebb-721a-4177-a12a-1beec88ce573,203BN,,0,0,1601746599091,0,0
plugin_ios_activity_recognition,"[""automotive""]",1,2,0,33726ebb-721a-4177-a12a-1beec88ce573,203BN,,0,0,1601746604207,0,0
plugin_ios_activity_recognition,"[""automotive""]",1,2,0,33726ebb-721a-4177-a12a-1beec88ce573,203BN,,0,0,1601746609324,0,0
plugin_ios_activity_recognition,"[""automotive""]",1,2,0,33726ebb-721a-4177-a12a-1beec88ce573,203BN,,0,0,1601746617001,0,0
plugin_ios_activity_recognition,"[""automotive""]",1,2,0,33726ebb-721a-4177-a12a-1beec88ce573,203BN,,0,0,1601746663057,0,0
plugin_ios_activity_recognition,"[""automotive""]",1,2,0,33726ebb-721a-4177-a12a-1beec88ce573,203BN,,0,0,1601746668174,0,0
plugin_ios_activity_recognition,"[""automotive""]",1,2,0,33726ebb-721a-4177-a12a-1beec88ce573,203BN,,0,0,1601746670733,0,0
plugin_ios_activity_recognition,"[""automotive""]",1,2,0,33726ebb-721a-4177-a12a-1beec88ce573,203BN,,0,0,1601746680967,0,0
plugin_ios_activity_recognition,"[""automotive""]",1,2,0,33726ebb-721a-4177-a12a-1beec88ce573,203BN,,0,0,1601746727018,0,0
plugin_ios_activity_recognition,"[""automotive""]",1,2,0,33726ebb-721a-4177-a12a-1beec88ce573,203BN,,0,0,1601746732136,0,0
plugin_ios_activity_recognition,"[""automotive""]",1,2,0,33726ebb-721a-4177-a12a-1beec88ce573,203BN,,0,0,1601746745102,0,0
plugin_ios_activity_recognition,"[""automotive""]",1,2,0,33726ebb-721a-4177-a12a-1beec88ce573,203BN,,0,0,1601746773086,0,0
plugin_ios_activity_recognition,"[""stationary"",""automotive""]",1,2,0,33726ebb-721a-4177-a12a-1beec88ce573,203BN,,0,1,1601746779445,0,0
plugin_ios_activity_recognition,"[""automotive""]",1,2,0,33726ebb-721a-4177-a12a-1beec88ce573,203BN,,0,0,1601746780762,0,0
plugin_ios_activity_recognition,"[""stationary"",""automotive""]",1,2,0,33726ebb-721a-4177-a12a-1beec88ce573,203BN,,0,1,1601746787120,0,0
plugin_ios_activity_recognition,"[""automotive""]",1,2,0,33726ebb-721a-4177-a12a-1beec88ce573,203BN,,0,0,1601746790638,0,0
plugin_ios_activity_recognition,"[""automotive""]",1,2,0,33726ebb-721a-4177-a12a-1beec88ce573,203BN,,0,0,1601746806348,0,0
plugin_ios_activity_recognition,"[""automotive""]",1,2,0,33726ebb-721a-4177-a12a-1beec88ce573,203BN,,0,0,1601746834491,0,0
plugin_ios_activity_recognition,"[""automotive""]",1,2,0,33726ebb-721a-4177-a12a-1beec88ce573,203BN,,0,0,1601746860073,0,0
plugin_ios_activity_recognition,"[""automotive""]",1,2,0,33726ebb-721a-4177-a12a-1beec88ce573,203BN,,0,0,1601746921480,0,0
plugin_ios_activity_recognition,"[""automotive""]",1,2,0,33726ebb-721a-4177-a12a-1beec88ce573,203BN,,0,0,1601746925062,0,0
plugin_ios_activity_recognition,"[""automotive""]",1,2,0,33726ebb-721a-4177-a12a-1beec88ce573,203BN,,0,0,1601746988006,0,0
plugin_ios_activity_recognition,"[""automotive""]",1,2,0,33726ebb-721a-4177-a12a-1beec88ce573,203BN,,0,0,1601747026387,0,0
plugin_ios_activity_recognition,"[""automotive""]",1,2,0,33726ebb-721a-4177-a12a-1beec88ce573,203BN,,0,0,1601747098036,0,0
plugin_ios_activity_recognition,"[""automotive""]",1,2,0,33726ebb-721a-4177-a12a-1beec88ce573,203BN,,0,0,1601747105059,0,0
plugin_ios_activity_recognition,"[""automotive""]",1,2,0,33726ebb-721a-4177-a12a-1beec88ce573,203BN,,0,0,1601747113382,0,0
plugin_ios_activity_recognition,"[""automotive""]",1,2,0,33726ebb-721a-4177-a12a-1beec88ce573,203BN,,0,0,1601747136415,0,0
plugin_ios_activity_recognition,"[""automotive""]",1,2,0,33726ebb-721a-4177-a12a-1beec88ce573,203BN,,0,0,1601747177363,0,0
plugin_ios_activity_recognition,"[""automotive""]",1,2,0,33726ebb-721a-4177-a12a-1beec88ce573,203BN,,0,0,1601747179923,0,0
plugin_ios_activity_recognition,"[""automotive""]",1,2,0,33726ebb-721a-4177-a12a-1beec88ce573,203BN,,0,0,1601747215743,0,0
plugin_ios_activity_recognition,"[""automotive""]",1,2,0,33726ebb-721a-4177-a12a-1beec88ce573,203BN,,0,0,1601747285168,0,0
plugin_ios_activity_recognition,"[""automotive""]",1,2,0,33726ebb-721a-4177-a12a-1beec88ce573,203BN,,0,0,1601747307863,0,0
plugin_ios_activity_recognition,"[""automotive""]",1,2,0,33726ebb-721a-4177-a12a-1beec88ce573,203BN,,0,0,1601747369280,0,0
plugin_ios_activity_recognition,"[""automotive""]",1,2,0,33726ebb-721a-4177-a12a-1beec88ce573,203BN,,0,0,1601747371834,0,0
plugin_ios_activity_recognition,"[""automotive""]",1,2,0,33726ebb-721a-4177-a12a-1beec88ce573,203BN,,0,0,1601747397422,0,0
plugin_ios_activity_recognition,"[""automotive""]",1,2,0,33726ebb-721a-4177-a12a-1beec88ce573,203BN,,0,0,1601747435804,0,0
plugin_ios_activity_recognition,"[""automotive""]",1,2,0,33726ebb-721a-4177-a12a-1beec88ce573,203BN,,0,0,1601747465161,0,0
plugin_ios_activity_recognition,"[""automotive""]",1,2,0,33726ebb-721a-4177-a12a-1beec88ce573,203BN,,0,0,1601747497215,0,0
plugin_ios_activity_recognition,"[""automotive""]",1,2,0,33726ebb-721a-4177-a12a-1beec88ce573,203BN,,0,0,1601747499774,0,0
plugin_ios_activity_recognition,"[""automotive""]",1,2,0,33726ebb-721a-4177-a12a-1beec88ce573,203BN,,0,0,1601747512567,0,0
plugin_ios_activity_recognition,"[""automotive""]",1,2,0,33726ebb-721a-4177-a12a-1beec88ce573,203BN,,0,0,1601747645066,0,0
plugin_ios_activity_recognition,"[""automotive""]",1,2,0,33726ebb-721a-4177-a12a-1beec88ce573,203BN,,0,0,1601747684013,0,0
plugin_ios_activity_recognition,,0,2,0,33726ebb-721a-4177-a12a-1beec88ce573,203BN,,0,0,1601747686854,0,0
plugin_ios_activity_recognition,"[""stationary""]",0,2,0,33726ebb-721a-4177-a12a-1beec88ce573,203BN,,0,1,1601747757863,0,0
plugin_ios_activity_recognition,,0,2,0,33726ebb-721a-4177-a12a-1beec88ce573,203BN,,0,0,1601747758220,0,0
plugin_ios_activity_recognition,"[""stationary""]",0,2,0,33726ebb-721a-4177-a12a-1beec88ce573,203BN,,0,1,1601747822191,0,0
plugin_ios_activity_recognition,"[""stationary""]",0,2,0,33726ebb-721a-4177-a12a-1beec88ce573,203BN,,0,1,1601747825067,0,0
plugin_ios_activity_recognition,,0,2,0,33726ebb-721a-4177-a12a-1beec88ce573,203BN,,0,0,1601747827309,0,0
plugin_ios_activity_recognition,"[""stationary""]",0,2,0,33726ebb-721a-4177-a12a-1beec88ce573,203BN,,0,1,1601747848703,0,0
plugin_ios_activity_recognition,,0,2,0,33726ebb-721a-4177-a12a-1beec88ce573,203BN,,0,0,1601747849022,0,0
plugin_ios_activity_recognition,"[""stationary""]",0,2,0,33726ebb-721a-4177-a12a-1beec88ce573,203BN,,0,1,1601747854780,0,0
plugin_ios_activity_recognition,,0,2,0,33726ebb-721a-4177-a12a-1beec88ce573,203BN,,0,0,1601747855458,0,0
plugin_ios_activity_recognition,"[""stationary""]",0,2,0,33726ebb-721a-4177-a12a-1beec88ce573,203BN,,0,1,1601747982730,0,0
plugin_ios_activity_recognition,,0,2,0,33726ebb-721a-4177-a12a-1beec88ce573,203BN,,0,0,1601747989448,0,0
plugin_ios_activity_recognition,,0,2,0,33726ebb-721a-4177-a12a-1beec88ce573,203BN,,0,0,1601748005160,0,0
plugin_ios_activity_recognition,"[""stationary""]",0,2,0,33726ebb-721a-4177-a12a-1beec88ce573,203BN,,0,1,1601748105883,0,0
plugin_ios_activity_recognition,,0,2,0,33726ebb-721a-4177-a12a-1beec88ce573,203BN,,0,0,1601748111959,0,0
plugin_ios_activity_recognition,"[""stationary""]",0,2,0,33726ebb-721a-4177-a12a-1beec88ce573,203BN,,0,1,1601748117397,0,0
plugin_ios_activity_recognition,,0,2,0,33726ebb-721a-4177-a12a-1beec88ce573,203BN,,0,0,1601748121245,0,0
plugin_ios_activity_recognition,,0,2,0,33726ebb-721a-4177-a12a-1beec88ce573,203BN,,0,0,1601748185139,0,0
plugin_ios_activity_recognition,"[""automotive""]",1,2,0,33726ebb-721a-4177-a12a-1beec88ce573,203BN,,0,0,1601748313390,0,0
plugin_ios_activity_recognition,"[""automotive""]",1,2,0,33726ebb-721a-4177-a12a-1beec88ce573,203BN,,0,0,1601748328749,0,0
plugin_ios_activity_recognition,"[""automotive""]",1,2,0,33726ebb-721a-4177-a12a-1beec88ce573,203BN,,0,0,1601748331308,0,0
plugin_ios_activity_recognition,"[""automotive""]",1,1,0,33726ebb-721a-4177-a12a-1beec88ce573,203BN,,0,0,1601748338985,0,0
plugin_ios_activity_recognition,,0,2,0,33726ebb-721a-4177-a12a-1beec88ce573,203BN,,0,0,1601748341544,0,0
plugin_ios_activity_recognition,"[""walking""]",0,1,0,33726ebb-721a-4177-a12a-1beec88ce573,203BN,,0,0,1601748349221,0,1
plugin_ios_activity_recognition,"[""automotive""]",1,2,0,33726ebb-721a-4177-a12a-1beec88ce573,203BN,,0,0,1601748354340,0,0
plugin_ios_activity_recognition,"[""automotive""]",1,2,0,33726ebb-721a-4177-a12a-1beec88ce573,203BN,,0,0,1601748365068,0,0
plugin_ios_activity_recognition,"[""automotive""]",1,2,0,33726ebb-721a-4177-a12a-1beec88ce573,203BN,,0,0,1601748392725,0,0
plugin_ios_activity_recognition,"[""automotive""]",1,2,0,33726ebb-721a-4177-a12a-1beec88ce573,203BN,,0,0,1601748502767,0,0
plugin_ios_activity_recognition,"[""automotive""]",1,2,0,33726ebb-721a-4177-a12a-1beec88ce573,203BN,,0,0,1601748520679,0,0
plugin_ios_activity_recognition,"[""automotive""]",1,2,0,33726ebb-721a-4177-a12a-1beec88ce573,203BN,,0,0,1601748545072,0,0
plugin_ios_activity_recognition,"[""stationary"",""automotive""]",1,2,0,33726ebb-721a-4177-a12a-1beec88ce573,203BN,,0,1,1601748548145,0,0
plugin_ios_activity_recognition,"[""automotive""]",1,2,0,33726ebb-721a-4177-a12a-1beec88ce573,203BN,,0,0,1601748549744,0,0
plugin_ios_activity_recognition,"[""automotive""]",1,2,0,33726ebb-721a-4177-a12a-1beec88ce573,203BN,,0,0,1601748725193,0,0
plugin_ios_activity_recognition,"[""automotive""]",1,2,0,33726ebb-721a-4177-a12a-1beec88ce573,203BN,,0,0,1601748905075,0,0
plugin_ios_activity_recognition,"[""automotive""]",1,2,0,33726ebb-721a-4177-a12a-1beec88ce573,203BN,supplement,0,0,1601749085075,0,0
plugin_ios_activity_recognition,"[""automotive""]",1,2,0,33726ebb-721a-4177-a12a-1beec88ce573,203BN,,0,0,1601749085076,0,0
plugin_ios_activity_recognition,,0,2,0,33726ebb-721a-4177-a12a-1beec88ce573,203BN,,0,0,1601749119476,0,0
plugin_ios_activity_recognition,"[""stationary""]",0,2,0,33726ebb-721a-4177-a12a-1beec88ce573,203BN,,0,1,1601749243440,0,0
plugin_ios_activity_recognition,,0,2,0,33726ebb-721a-4177-a12a-1beec88ce573,203BN,,0,0,1601749244079,0,0
plugin_ios_activity_recognition,"[""walking""]",0,1,0,33726ebb-721a-4177-a12a-1beec88ce573,203BN,,0,0,1601749263881,0,1
plugin_ios_activity_recognition,"[""automotive""]",1,2,0,33726ebb-721a-4177-a12a-1beec88ce573,203BN,supplement,0,0,1601749265075,0,0
plugin_ios_activity_recognition,"[""walking""]",0,1,0,33726ebb-721a-4177-a12a-1beec88ce573,203BN,,0,0,1601749265086,0,1
plugin_ios_activity_recognition,"[""walking""]",0,2,0,33726ebb-721a-4177-a12a-1beec88ce573,203BN,,0,0,1601749267399,0,1
plugin_ios_activity_recognition,"[""stationary""]",0,2,0,33726ebb-721a-4177-a12a-1beec88ce573,203BN,,0,1,1601749277977,0,0
plugin_ios_activity_recognition,"[""walking""]",0,2,0,33726ebb-721a-4177-a12a-1beec88ce573,203BN,,0,0,1601749282083,0,1
plugin_ios_activity_recognition,"[""stationary""]",0,2,0,33726ebb-721a-4177-a12a-1beec88ce573,203BN,,0,1,1601749285619,0,0
plugin_ios_activity_recognition,"[""walking""]",0,2,0,33726ebb-721a-4177-a12a-1beec88ce573,203BN,,0,0,1601749285901,0,1
plugin_ios_activity_recognition,"[""stationary""]",0,2,0,33726ebb-721a-4177-a12a-1beec88ce573,203BN,,0,1,1601749292608,0,0
plugin_ios_activity_recognition,"[""walking""]",0,2,0,33726ebb-721a-4177-a12a-1beec88ce573,203BN,,0,0,1601749294847,0,1
plugin_ios_activity_recognition,,0,2,0,33726ebb-721a-4177-a12a-1beec88ce573,203BN,,0,0,1601749317217,0,0
plugin_ios_activity_recognition,,0,2,0,33726ebb-721a-4177-a12a-1beec88ce573,203BN,,0,0,1601749445175,0,0
plugin_ios_activity_recognition,"[""walking""]",0,1,0,33726ebb-721a-4177-a12a-1beec88ce573,203BN,,0,0,1601749454299,0,1
plugin_ios_activity_recognition,"[""walking""]",0,2,0,33726ebb-721a-4177-a12a-1beec88ce573,203BN,,0,0,1601749456856,0,1
plugin_ios_activity_recognition,,0,2,0,33726ebb-721a-4177-a12a-1beec88ce573,203BN,,0,0,1601749477328,0,0
plugin_ios_activity_recognition,"[""stationary""]",0,2,0,33726ebb-721a-4177-a12a-1beec88ce573,203BN,,0,1,1601749492962,0,0
plugin_ios_activity_recognition,,0,2,0,33726ebb-721a-4177-a12a-1beec88ce573,203BN,,0,0,1601749498079,0,0
plugin_ios_activity_recognition,"[""stationary""]",0,2,0,33726ebb-721a-4177-a12a-1beec88ce573,203BN,,0,1,1601749529728,0,0
plugin_ios_activity_recognition,,0,2,0,33726ebb-721a-4177-a12a-1beec88ce573,203BN,,0,0,1601749533241,0,0
plugin_ios_activity_recognition,"[""stationary""]",0,2,0,33726ebb-721a-4177-a12a-1beec88ce573,203BN,,0,1,1601749595530,0,0
plugin_ios_activity_recognition,,0,2,0,33726ebb-721a-4177-a12a-1beec88ce573,203BN,,0,0,1601749602585,0,0
plugin_ios_activity_recognition,"[""stationary""]",0,2,0,33726ebb-721a-4177-a12a-1beec88ce573,203BN,,0,1,1601749616267,0,0
plugin_ios_activity_recognition,,0,2,0,33726ebb-721a-4177-a12a-1beec88ce573,203BN,,0,0,1601749623279,0,0
plugin_ios_activity_recognition,,0,2,0,33726ebb-721a-4177-a12a-1beec88ce573,203BN,,0,0,1601749625148,0,0
plugin_ios_activity_recognition,"[""stationary""]",0,2,0,33726ebb-721a-4177-a12a-1beec88ce573,203BN,,0,1,1601749666752,0,0
plugin_ios_activity_recognition,,0,2,0,33726ebb-721a-4177-a12a-1beec88ce573,203BN,,0,0,1601749675998,0,0
plugin_ios_activity_recognition,"[""walking""]",0,1,0,33726ebb-721a-4177-a12a-1beec88ce573,203BN,,0,0,1601749732975,0,1
plugin_ios_activity_recognition,"[""walking""]",0,2,0,33726ebb-721a-4177-a12a-1beec88ce573,203BN,,0,0,1601749738093,0,1
plugin_ios_activity_recognition,"[""stationary""]",0,2,0,33726ebb-721a-4177-a12a-1beec88ce573,203BN,,0,1,1601749784369,0,0
plugin_ios_activity_recognition,,0,2,0,33726ebb-721a-4177-a12a-1beec88ce573,203BN,,0,0,1601749789473,0,0
plugin_ios_activity_recognition,,0,2,0,33726ebb-721a-4177-a12a-1beec88ce573,203BN,,0,0,1601749805081,0,0
plugin_ios_activity_recognition,"[""automotive""]",1,2,0,33726ebb-721a-4177-a12a-1beec88ce573,203BN,,0,0,1601749963180,0,0
plugin_ios_activity_recognition,"[""automotive""]",1,2,0,33726ebb-721a-4177-a12a-1beec88ce573,203BN,,0,0,1601749985087,0,0
plugin_ios_activity_recognition,"[""automotive""]",1,2,0,33726ebb-721a-4177-a12a-1beec88ce573,203BN,,0,0,1601749991342,0,0
plugin_ios_activity_recognition,"[""automotive""]",1,2,0,33726ebb-721a-4177-a12a-1beec88ce573,203BN,,0,0,1601749999015,0,0
plugin_ios_activity_recognition,"[""automotive""]",1,2,0,33726ebb-721a-4177-a12a-1beec88ce573,203BN,,0,0,1601750004133,0,0
plugin_ios_activity_recognition,"[""automotive""]",1,2,0,33726ebb-721a-4177-a12a-1beec88ce573,203BN,,0,0,1601750014369,0,0
plugin_ios_activity_recognition,"[""automotive""]",1,2,0,33726ebb-721a-4177-a12a-1beec88ce573,203BN,,0,0,1601750042516,0,0
plugin_ios_activity_recognition,"[""automotive""]",1,2,0,33726ebb-721a-4177-a12a-1beec88ce573,203BN,,0,0,1601750055311,0,0
plugin_ios_activity_recognition,"[""automotive""]",1,2,0,33726ebb-721a-4177-a12a-1beec88ce573,203BN,,0,0,1601750060428,0,0
plugin_ios_activity_recognition,"[""automotive""]",1,2,0,33726ebb-721a-4177-a12a-1beec88ce573,203BN,,0,0,1601750098807,0,0
plugin_ios_activity_recognition,"[""stationary"",""automotive""]",1,2,0,33726ebb-721a-4177-a12a-1beec88ce573,203BN,,0,1,1601750107723,0,0
plugin_ios_activity_recognition,"[""automotive""]",1,2,0,33726ebb-721a-4177-a12a-1beec88ce573,203BN,,0,0,1601750110921,0,0
plugin_ios_activity_recognition,"[""stationary"",""automotive""]",1,2,0,33726ebb-721a-4177-a12a-1beec88ce573,203BN,,0,1,1601750124391,0,0
plugin_ios_activity_recognition,"[""automotive""]",1,2,0,33726ebb-721a-4177-a12a-1beec88ce573,203BN,,0,0,1601750126593,0,0
plugin_ios_activity_recognition,"[""automotive""]",1,2,0,33726ebb-721a-4177-a12a-1beec88ce573,203BN,,0,0,1601750144863,0,0
plugin_ios_activity_recognition,"[""automotive""]",1,2,0,33726ebb-721a-4177-a12a-1beec88ce573,203BN,,0,0,1601750165180,0,0
plugin_ios_activity_recognition,"[""automotive""]",1,2,0,33726ebb-721a-4177-a12a-1beec88ce573,203BN,,0,0,1601750183243,0,0
plugin_ios_activity_recognition,"[""automotive""]",1,2,0,33726ebb-721a-4177-a12a-1beec88ce573,203BN,,0,0,1601750188360,0,0
plugin_ios_activity_recognition,"[""automotive""]",1,2,0,33726ebb-721a-4177-a12a-1beec88ce573,203BN,,0,0,1601750247204,0,0
plugin_ios_activity_recognition,"[""automotive""]",1,2,0,33726ebb-721a-4177-a12a-1beec88ce573,203BN,,0,0,1601750252321,0,0
plugin_ios_activity_recognition,"[""automotive""]",1,2,0,33726ebb-721a-4177-a12a-1beec88ce573,203BN,,0,0,1601750277909,0,0
plugin_ios_activity_recognition,"[""automotive""]",1,2,0,33726ebb-721a-4177-a12a-1beec88ce573,203BN,,0,0,1601750345087,0,0
plugin_ios_activity_recognition,"[""stationary"",""automotive""]",1,2,0,33726ebb-721a-4177-a12a-1beec88ce573,203BN,,0,1,1601750481914,0,0
plugin_ios_activity_recognition,"[""automotive""]",1,2,0,33726ebb-721a-4177-a12a-1beec88ce573,203BN,,0,0,1601750495384,0,0
plugin_ios_activity_recognition,"[""automotive""]",1,2,0,33726ebb-721a-4177-a12a-1beec88ce573,203BN,,0,0,1601750525090,0,0
plugin_ios_activity_recognition,"[""stationary"",""automotive""]",1,2,0,33726ebb-721a-4177-a12a-1beec88ce573,203BN,,0,1,1601750687295,0,0
plugin_ios_activity_recognition,"[""automotive""]",1,2,0,33726ebb-721a-4177-a12a-1beec88ce573,203BN,,0,0,1601750692054,0,0
plugin_ios_activity_recognition,"[""automotive""]",1,2,0,33726ebb-721a-4177-a12a-1beec88ce573,203BN,,0,0,1601750705091,0,0
plugin_ios_activity_recognition,"[""automotive""]",1,2,0,33726ebb-721a-4177-a12a-1beec88ce573,203BN,,0,0,1601750723117,0,0
plugin_ios_activity_recognition,"[""automotive""]",1,2,0,33726ebb-721a-4177-a12a-1beec88ce573,203BN,,0,0,1601750761494,0,0
plugin_ios_activity_recognition,"[""automotive""]",1,2,0,33726ebb-721a-4177-a12a-1beec88ce573,203BN,,0,0,1601750764053,0,0
plugin_ios_activity_recognition,"[""automotive""]",1,2,0,33726ebb-721a-4177-a12a-1beec88ce573,203BN,,0,0,1601750826053,0,0
plugin_ios_activity_recognition,"[""automotive""]",1,2,0,33726ebb-721a-4177-a12a-1beec88ce573,203BN,,0,0,1601750885247,0,0
plugin_ios_activity_recognition,"[""automotive""]",1,2,0,33726ebb-721a-4177-a12a-1beec88ce573,203BN,,0,0,1601751065093,0,0
plugin_ios_activity_recognition,"[""automotive""]",1,2,0,33726ebb-721a-4177-a12a-1beec88ce573,203BN,,0,0,1601751245091,0,0
plugin_ios_activity_recognition,"[""automotive""]",1,2,0,33726ebb-721a-4177-a12a-1beec88ce573,203BN,supplement,0,0,1601751425091,0,0
plugin_ios_activity_recognition,"[""automotive""]",1,2,0,33726ebb-721a-4177-a12a-1beec88ce573,203BN,,0,0,1601751425093,0,0
plugin_ios_activity_recognition,"[""automotive""]",1,2,0,33726ebb-721a-4177-a12a-1beec88ce573,203BN,supplement,0,0,1601751605091,0,0
plugin_ios_activity_recognition,"[""automotive""]",1,2,0,33726ebb-721a-4177-a12a-1beec88ce573,203BN,supplement,0,0,1601751605093,0,0
plugin_ios_activity_recognition,,0,2,0,33726ebb-721a-4177-a12a-1beec88ce573,203BN,,0,0,1601751762647,0,0
plugin_ios_activity_recognition,"[""automotive""]",1,2,0,33726ebb-721a-4177-a12a-1beec88ce573,203BN,supplement,0,0,1601751785093,0,0
plugin_ios_activity_recognition,,0,2,0,33726ebb-721a-4177-a12a-1beec88ce573,203BN,,0,0,1601751785097,0,0
plugin_ios_activity_recognition,,0,2,0,33726ebb-721a-4177-a12a-1beec88ce573,203BN,,0,0,1601751965096,0,0
plugin_ios_activity_recognition,"[""stationary""]",0,2,0,33726ebb-721a-4177-a12a-1beec88ce573,203BN,,0,1,1601752012777,0,0
plugin_ios_activity_recognition,,0,2,0,33726ebb-721a-4177-a12a-1beec88ce573,203BN,,0,0,1601752013379,0,0
plugin_ios_activity_recognition,,0,2,0,33726ebb-721a-4177-a12a-1beec88ce573,203BN,,0,0,1601752145098,0,0
plugin_ios_activity_recognition,,0,2,0,33726ebb-721a-4177-a12a-1beec88ce573,203BN,supplement,0,0,1601752325098,0,0
plugin_ios_activity_recognition,,0,2,0,33726ebb-721a-4177-a12a-1beec88ce573,203BN,,0,0,1601752325196,0,0
plugin_ios_activity_recognition,"[""walking""]",0,1,0,33726ebb-721a-4177-a12a-1beec88ce573,203BN,,0,0,1601752429935,0,1
plugin_ios_activity_recognition,"[""walking""]",0,2,0,33726ebb-721a-4177-a12a-1beec88ce573,203BN,,0,0,1601752432493,0,1
plugin_ios_activity_recognition,,0,2,0,33726ebb-721a-4177-a12a-1beec88ce573,203BN,,0,0,1601752452924,0,0
plugin_ios_activity_recognition,,0,2,0,33726ebb-721a-4177-a12a-1beec88ce573,203BN,supplement,0,0,1601752505098,0,0
plugin_ios_activity_recognition,,0,2,0,33726ebb-721a-4177-a12a-1beec88ce573,203BN,,0,0,1601752505103,0,0
plugin_ios_activity_recognition,,0,2,0,33726ebb-721a-4177-a12a-1beec88ce573,203BN,,0,0,1601752685102,0,0
plugin_ios_activity_recognition,,0,2,0,33726ebb-721a-4177-a12a-1beec88ce573,203BN,supplement,0,0,1601752865102,0,0
plugin_ios_activity_recognition,,0,2,0,33726ebb-721a-4177-a12a-1beec88ce573,203BN,,0,0,1601752865104,0,0
plugin_ios_activity_recognition,,0,2,0,33726ebb-721a-4177-a12a-1beec88ce573,203BN,supplement,0,0,1601753045102,0,0
plugin_ios_activity_recognition,,0,2,0,33726ebb-721a-4177-a12a-1beec88ce573,203BN,supplement,0,0,1601753045104,0,0
plugin_ios_activity_recognition,,0,2,0,33726ebb-721a-4177-a12a-1beec88ce573,203BN,,0,0,1601753045197,0,0
plugin_ios_activity_recognition,,0,2,0,33726ebb-721a-4177-a12a-1beec88ce573,203BN,supplement,0,0,1601753225104,0,0
plugin_ios_activity_recognition,,0,2,0,33726ebb-721a-4177-a12a-1beec88ce573,203BN,,0,0,1601753225106,0,0
plugin_ios_activity_recognition,"[""stationary""]",0,2,0,33726ebb-721a-4177-a12a-1beec88ce573,203BN,,0,1,1601753246894,0,0
plugin_ios_activity_recognition,,0,2,0,33726ebb-721a-4177-a12a-1beec88ce573,203BN,,0,0,1601753249773,0,0
plugin_ios_activity_recognition,,0,2,0,33726ebb-721a-4177-a12a-1beec88ce573,203BN,,0,0,1601753405163,0,0
plugin_ios_activity_recognition,"[""walking""]",0,1,0,33726ebb-721a-4177-a12a-1beec88ce573,203BN,,0,0,1601753458056,0,1
plugin_ios_activity_recognition,"[""walking""]",0,2,0,33726ebb-721a-4177-a12a-1beec88ce573,203BN,,0,0,1601753460615,0,1
plugin_ios_activity_recognition,,0,2,0,33726ebb-721a-4177-a12a-1beec88ce573,203BN,,0,0,1601753516912,0,0
plugin_ios_activity_recognition,,0,2,0,33726ebb-721a-4177-a12a-1beec88ce573,203BN,,0,0,1601753585108,0,0
plugin_ios_activity_recognition,"[""walking""]",0,1,0,33726ebb-721a-4177-a12a-1beec88ce573,203BN,,0,0,1601753754716,0,1
plugin_ios_activity_recognition,"[""walking""]",0,1,0,33726ebb-721a-4177-a12a-1beec88ce573,203BN,,0,0,1601753765117,0,1
plugin_ios_activity_recognition,"[""walking""]",0,2,0,33726ebb-721a-4177-a12a-1beec88ce573,203BN,,0,0,1601753772627,0,1
plugin_ios_activity_recognition,,0,2,0,33726ebb-721a-4177-a12a-1beec88ce573,203BN,,0,0,1601753834031,0,0
plugin_ios_activity_recognition,,0,2,0,33726ebb-721a-4177-a12a-1beec88ce573,203BN,,0,0,1601753945111,0,0
plugin_ios_activity_recognition,,0,2,0,33726ebb-721a-4177-a12a-1beec88ce573,203BN,supplement,0,0,1601754125111,0,0
plugin_ios_activity_recognition,,0,2,0,33726ebb-721a-4177-a12a-1beec88ce573,203BN,,0,0,1601754125120,0,0
plugin_ios_activity_recognition,,0,2,0,33726ebb-721a-4177-a12a-1beec88ce573,203BN,supplement,0,0,1601754305111,0,0
plugin_ios_activity_recognition,,0,2,0,33726ebb-721a-4177-a12a-1beec88ce573,203BN,supplement,0,0,1601754305120,0,0
plugin_ios_activity_recognition,,0,2,0,33726ebb-721a-4177-a12a-1beec88ce573,203BN,,0,0,1601754305215,0,0
plugin_ios_activity_recognition,"[""stationary""]",0,2,0,33726ebb-721a-4177-a12a-1beec88ce573,203BN,,0,1,1601754395133,0,0
plugin_ios_activity_recognition,,0,2,0,33726ebb-721a-4177-a12a-1beec88ce573,203BN,,0,0,1601754397372,0,0
plugin_ios_activity_recognition,,0,2,0,33726ebb-721a-4177-a12a-1beec88ce573,203BN,,0,0,1601754485120,0,0
plugin_ios_activity_recognition,,0,2,0,33726ebb-721a-4177-a12a-1beec88ce573,203BN,supplement,0,0,1601754665120,0,0
plugin_ios_activity_recognition,,0,2,0,33726ebb-721a-4177-a12a-1beec88ce573,203BN,,0,0,1601754665123,0,0
plugin_ios_activity_recognition,,0,2,0,33726ebb-721a-4177-a12a-1beec88ce573,203BN,supplement,0,0,1601754845120,0,0
plugin_ios_activity_recognition,,0,2,0,33726ebb-721a-4177-a12a-1beec88ce573,203BN,supplement,0,0,1601754845123,0,0
plugin_ios_activity_recognition,,0,2,0,33726ebb-721a-4177-a12a-1beec88ce573,203BN,,0,0,1601754845124,0,0
plugin_ios_activity_recognition,,0,2,0,33726ebb-721a-4177-a12a-1beec88ce573,203BN,supplement,0,0,1601755025123,0,0
plugin_ios_activity_recognition,,0,2,0,33726ebb-721a-4177-a12a-1beec88ce573,203BN,supplement,0,0,1601755025124,0,0
plugin_ios_activity_recognition,,0,2,0,33726ebb-721a-4177-a12a-1beec88ce573,203BN,,0,0,1601755025220,0,0
plugin_ios_activity_recognition,,0,2,0,33726ebb-721a-4177-a12a-1beec88ce573,203BN,supplement,0,0,1601755205124,0,0
plugin_ios_activity_recognition,,0,2,0,33726ebb-721a-4177-a12a-1beec88ce573,203BN,,0,0,1601755205129,0,0
plugin_ios_activity_recognition,,0,2,0,33726ebb-721a-4177-a12a-1beec88ce573,203BN,supplement,0,0,1601755385129,0,0
plugin_ios_activity_recognition,,0,2,0,33726ebb-721a-4177-a12a-1beec88ce573,203BN,,0,0,1601755385131,0,0
plugin_ios_activity_recognition,"[""stationary""]",0,2,0,33726ebb-721a-4177-a12a-1beec88ce573,203BN,,0,1,1601755394591,0,0
plugin_ios_activity_recognition,,0,2,0,33726ebb-721a-4177-a12a-1beec88ce573,203BN,,0,0,1601755399427,0,0
plugin_ios_activity_recognition,"[""stationary""]",0,2,0,33726ebb-721a-4177-a12a-1beec88ce573,203BN,,0,1,1601755402907,0,0
plugin_ios_activity_recognition,,0,2,0,33726ebb-721a-4177-a12a-1beec88ce573,203BN,,0,0,1601755405776,0,0
plugin_ios_activity_recognition,,0,2,0,33726ebb-721a-4177-a12a-1beec88ce573,203BN,supplement,0,0,1601755565129,0,0
plugin_ios_activity_recognition,,0,2,0,33726ebb-721a-4177-a12a-1beec88ce573,203BN,,0,0,1601755565133,0,0
plugin_ios_activity_recognition,"[""walking""]",0,1,0,33726ebb-721a-4177-a12a-1beec88ce573,203BN,,0,0,1601755626901,0,1
plugin_ios_activity_recognition,"[""walking""]",0,2,0,33726ebb-721a-4177-a12a-1beec88ce573,203BN,,0,0,1601755629459,0,1
plugin_ios_activity_recognition,"[""stationary""]",0,2,0,33726ebb-721a-4177-a12a-1beec88ce573,203BN,,0,1,1601755659448,0,0
plugin_ios_activity_recognition,"[""walking""]",0,2,0,33726ebb-721a-4177-a12a-1beec88ce573,203BN,,0,0,1601755660717,0,1
plugin_ios_activity_recognition,,0,2,0,33726ebb-721a-4177-a12a-1beec88ce573,203BN,,0,0,1601755685699,0,0
plugin_ios_activity_recognition,,0,2,0,33726ebb-721a-4177-a12a-1beec88ce573,203BN,,0,0,1601755745129,0,0
plugin_ios_activity_recognition,"[""walking""]",0,1,0,33726ebb-721a-4177-a12a-1beec88ce573,203BN,,0,0,1601755859615,0,1
plugin_ios_activity_recognition,,0,2,0,33726ebb-721a-4177-a12a-1beec88ce573,203BN,,0,0,1601755862173,0,0
plugin_ios_activity_recognition,"[""walking""]",0,1,0,33726ebb-721a-4177-a12a-1beec88ce573,203BN,,0,0,1601755867291,0,1
plugin_ios_activity_recognition,"[""walking""]",0,2,0,33726ebb-721a-4177-a12a-1beec88ce573,203BN,,0,0,1601755872406,0,1
plugin_ios_activity_recognition,,0,2,0,33726ebb-721a-4177-a12a-1beec88ce573,203BN,,0,0,1601755913623,0,0
plugin_ios_activity_recognition,,0,2,0,33726ebb-721a-4177-a12a-1beec88ce573,203BN,,0,0,1601755925135,0,0
plugin_ios_activity_recognition,"[""stationary""]",0,2,0,33726ebb-721a-4177-a12a-1beec88ce573,203BN,,0,1,1601755927987,0,0
plugin_ios_activity_recognition,,0,2,0,33726ebb-721a-4177-a12a-1beec88ce573,203BN,,0,0,1601755931496,0,0
plugin_ios_activity_recognition,"[""walking""]",0,1,0,33726ebb-721a-4177-a12a-1beec88ce573,203BN,,0,0,1601756071785,0,1
plugin_ios_activity_recognition,"[""walking""]",0,2,0,33726ebb-721a-4177-a12a-1beec88ce573,203BN,,0,0,1601756074344,0,1
plugin_ios_activity_recognition,"[""walking""]",0,2,0,33726ebb-721a-4177-a12a-1beec88ce573,203BN,,0,0,1601756105139,0,1
plugin_ios_activity_recognition,,0,2,0,33726ebb-721a-4177-a12a-1beec88ce573,203BN,,0,0,1601756125465,0,0
plugin_ios_activity_recognition,"[""stationary""]",0,2,0,33726ebb-721a-4177-a12a-1beec88ce573,203BN,,0,1,1601756215631,0,0
plugin_ios_activity_recognition,,0,2,0,33726ebb-721a-4177-a12a-1beec88ce573,203BN,,0,0,1601756219150,0,0
plugin_ios_activity_recognition,"[""walking""]",0,1,0,33726ebb-721a-4177-a12a-1beec88ce573,203BN,,0,0,1601756222709,0,1
plugin_ios_activity_recognition,"[""stationary""]",0,2,0,33726ebb-721a-4177-a12a-1beec88ce573,203BN,,0,1,1601756230986,0,0
plugin_ios_activity_recognition,,0,2,0,33726ebb-721a-4177-a12a-1beec88ce573,203BN,,0,0,1601756250856,0,0
plugin_ios_activity_recognition,"[""stationary""]",0,2,0,33726ebb-721a-4177-a12a-1beec88ce573,203BN,,0,1,1601756258175,0,0
plugin_ios_activity_recognition,,0,2,0,33726ebb-721a-4177-a12a-1beec88ce573,203BN,,0,0,1601756262653,0,0
plugin_ios_activity_recognition,,0,2,0,33726ebb-721a-4177-a12a-1beec88ce573,203BN,,0,0,1601756285144,0,0
plugin_ios_activity_recognition,"[""automotive""]",1,2,0,33726ebb-721a-4177-a12a-1beec88ce573,203BN,,0,0,1601756289239,0,0
plugin_ios_activity_recognition,"[""automotive""]",1,2,0,33726ebb-721a-4177-a12a-1beec88ce573,203BN,,0,0,1601756429980,0,0
plugin_ios_activity_recognition,"[""automotive""]",1,2,0,33726ebb-721a-4177-a12a-1beec88ce573,203BN,,0,0,1601756460682,0,0
plugin_ios_activity_recognition,"[""automotive""]",1,2,0,33726ebb-721a-4177-a12a-1beec88ce573,203BN,,0,0,1601756465240,0,0
plugin_ios_activity_recognition,"[""automotive""]",1,2,0,33726ebb-721a-4177-a12a-1beec88ce573,203BN,,0,0,1601756645147,0,0
plugin_ios_activity_recognition,"[""automotive""]",1,2,0,33726ebb-721a-4177-a12a-1beec88ce573,203BN,,0,0,1601756713990,0,0
plugin_ios_activity_recognition,"[""automotive""]",1,2,0,33726ebb-721a-4177-a12a-1beec88ce573,203BN,,0,0,1601756726782,0,0
plugin_ios_activity_recognition,"[""automotive""]",1,2,0,33726ebb-721a-4177-a12a-1beec88ce573,203BN,,0,0,1601756811232,0,0
plugin_ios_activity_recognition,"[""automotive""]",1,2,0,33726ebb-721a-4177-a12a-1beec88ce573,203BN,,0,0,1601756825148,0,0
plugin_ios_activity_recognition,,0,2,0,33726ebb-721a-4177-a12a-1beec88ce573,203BN,,0,0,1601756916127,0,0
plugin_ios_activity_recognition,"[""walking""]",0,2,0,33726ebb-721a-4177-a12a-1beec88ce573,203BN,,0,0,1601756918685,0,1
plugin_ios_activity_recognition,"[""walking""]",0,2,0,33726ebb-721a-4177-a12a-1beec88ce573,203BN,,0,0,1601757005155,0,1
plugin_ios_activity_recognition,,0,2,0,33726ebb-721a-4177-a12a-1beec88ce573,203BN,,0,0,1601757174432,0,0
plugin_ios_activity_recognition,,0,2,0,33726ebb-721a-4177-a12a-1beec88ce573,203BN,,0,0,1601757185249,0,0
plugin_ios_activity_recognition,"[""walking""]",0,1,0,33726ebb-721a-4177-a12a-1beec88ce573,203BN,,0,0,1601757238374,0,1
plugin_ios_activity_recognition,"[""walking""]",0,2,0,33726ebb-721a-4177-a12a-1beec88ce573,203BN,,0,0,1601757240932,0,1
plugin_ios_activity_recognition,"[""walking""]",0,2,0,33726ebb-721a-4177-a12a-1beec88ce573,203BN,,0,0,1601757365156,0,1
plugin_ios_activity_recognition,,0,2,0,33726ebb-721a-4177-a12a-1beec88ce573,203BN,,0,0,1601757390830,0,0
plugin_ios_activity_recognition,"[""stationary""]",0,2,0,33726ebb-721a-4177-a12a-1beec88ce573,203BN,,0,1,1601757457631,0,0
plugin_ios_activity_recognition,,0,2,0,33726ebb-721a-4177-a12a-1beec88ce573,203BN,,0,0,1601757458303,0,0
plugin_ios_activity_recognition,,0,2,0,33726ebb-721a-4177-a12a-1beec88ce573,203BN,,0,0,1601757545157,0,0
plugin_ios_activity_recognition,,0,2,0,33726ebb-721a-4177-a12a-1beec88ce573,203BN,supplement,0,0,1601757725157,0,0
plugin_ios_activity_recognition,,0,2,0,33726ebb-721a-4177-a12a-1beec88ce573,203BN,,0,0,1601757725159,0,0
plugin_ios_activity_recognition,"[""walking""]",0,1,0,33726ebb-721a-4177-a12a-1beec88ce573,203BN,,0,0,1601757783023,0,1
plugin_ios_activity_recognition,"[""walking""]",0,2,0,33726ebb-721a-4177-a12a-1beec88ce573,203BN,,0,0,1601757795813,0,1
plugin_ios_activity_recognition,,0,2,0,33726ebb-721a-4177-a12a-1beec88ce573,203BN,,0,0,1601757854657,0,0
plugin_ios_activity_recognition,"[""stationary""]",0,2,0,33726ebb-721a-4177-a12a-1beec88ce573,203BN,,0,1,1601757878910,0,0
plugin_ios_activity_recognition,,0,2,0,33726ebb-721a-4177-a12a-1beec88ce573,203BN,supplement,0,0,1601757905157,0,0
plugin_ios_activity_recognition,"[""stationary""]",0,2,0,33726ebb-721a-4177-a12a-1beec88ce573,203BN,,0,1,1601757905224,0,0
plugin_ios_activity_recognition,"[""stationary""]",0,2,0,33726ebb-721a-4177-a12a-1beec88ce573,203BN,supplement,0,1,1601758085224,0,0
plugin_ios_activity_recognition,"[""stationary""]",0,2,0,33726ebb-721a-4177-a12a-1beec88ce573,203BN,,0,1,1601758085256,0,0
plugin_ios_activity_recognition,,0,2,0,33726ebb-721a-4177-a12a-1beec88ce573,203BN,,0,0,1601758194268,0,0
plugin_ios_activity_recognition,"[""stationary""]",0,2,0,33726ebb-721a-4177-a12a-1beec88ce573,203BN,,0,1,1601758198420,0,0
plugin_ios_activity_recognition,,0,2,0,33726ebb-721a-4177-a12a-1beec88ce573,203BN,,0,0,1601758233552,0,0
plugin_ios_activity_recognition,"[""walking""]",0,1,0,33726ebb-721a-4177-a12a-1beec88ce573,203BN,,0,0,1601758238389,0,1
plugin_ios_activity_recognition,"[""walking""]",0,2,0,33726ebb-721a-4177-a12a-1beec88ce573,203BN,,0,0,1601758247291,0,1
plugin_ios_activity_recognition,,0,2,0,33726ebb-721a-4177-a12a-1beec88ce573,203BN,,0,0,1601758251169,0,0
plugin_ios_activity_recognition,"[""walking""]",0,1,0,33726ebb-721a-4177-a12a-1beec88ce573,203BN,,0,0,1601758256288,0,1
plugin_ios_activity_recognition,"[""walking""]",0,1,0,33726ebb-721a-4177-a12a-1beec88ce573,203BN,,0,0,1601758265165,0,1
plugin_ios_activity_recognition,"[""stationary""]",0,2,0,33726ebb-721a-4177-a12a-1beec88ce573,203BN,supplement,0,1,1601758265224,0,0
plugin_ios_activity_recognition,"[""walking""]",0,2,0,33726ebb-721a-4177-a12a-1beec88ce573,203BN,,0,0,1601758286981,0,1
plugin_ios_activity_recognition,,0,2,0,33726ebb-721a-4177-a12a-1beec88ce573,203BN,,0,0,1601758350929,0,0
plugin_ios_activity_recognition,,0,2,0,33726ebb-721a-4177-a12a-1beec88ce573,203BN,,0,0,1601758445166,0,0
plugin_ios_activity_recognition,"[""walking""]",0,1,0,33726ebb-721a-4177-a12a-1beec88ce573,203BN,,0,0,1601758471155,0,1
plugin_ios_activity_recognition,"[""walking""]",0,2,0,33726ebb-721a-4177-a12a-1beec88ce573,203BN,,0,0,1601758473712,0,1
plugin_ios_activity_recognition,,0,2,0,33726ebb-721a-4177-a12a-1beec88ce573,203BN,,0,0,1601758586255,0,0
plugin_ios_activity_recognition,,0,2,0,33726ebb-721a-4177-a12a-1beec88ce573,203BN,,0,0,1601758625160,0,0
plugin_ios_activity_recognition,"[""walking""]",0,1,0,33726ebb-721a-4177-a12a-1beec88ce573,203BN,,0,0,1601758634864,0,1
plugin_ios_activity_recognition,"[""walking""]",0,2,0,33726ebb-721a-4177-a12a-1beec88ce573,203BN,,0,0,1601758650216,0,1
plugin_ios_activity_recognition,,0,2,0,33726ebb-721a-4177-a12a-1beec88ce573,203BN,,0,0,1601758790916,0,0
plugin_ios_activity_recognition,"[""walking""]",0,1,0,33726ebb-721a-4177-a12a-1beec88ce573,203BN,,0,0,1601758796033,0,1
plugin_ios_activity_recognition,"[""walking""]",0,2,0,33726ebb-721a-4177-a12a-1beec88ce573,203BN,,0,0,1601758803707,0,1
plugin_ios_activity_recognition,"[""walking""]",0,2,0,33726ebb-721a-4177-a12a-1beec88ce573,203BN,,0,0,1601758805167,0,1
plugin_ios_activity_recognition,,0,2,0,33726ebb-721a-4177-a12a-1beec88ce573,203BN,,0,0,1601758959759,0,0
plugin_ios_activity_recognition,"[""walking""]",0,1,0,33726ebb-721a-4177-a12a-1beec88ce573,203BN,,0,0,1601758962317,0,1
plugin_ios_activity_recognition,,0,2,0,33726ebb-721a-4177-a12a-1beec88ce573,203BN,,0,0,1601758964875,0,0
plugin_ios_activity_recognition,"[""walking""]",0,1,0,33726ebb-721a-4177-a12a-1beec88ce573,203BN,,0,0,1601758972549,0,1
plugin_ios_activity_recognition,"[""walking""]",0,1,0,33726ebb-721a-4177-a12a-1beec88ce573,203BN,,0,0,1601758985168,0,1
plugin_ios_activity_recognition,"[""walking""]",0,2,0,33726ebb-721a-4177-a12a-1beec88ce573,203BN,,0,0,1601758995569,0,1
plugin_ios_activity_recognition,,0,2,0,33726ebb-721a-4177-a12a-1beec88ce573,203BN,,0,0,1601759138836,0,0
plugin_ios_activity_recognition,,0,2,0,33726ebb-721a-4177-a12a-1beec88ce573,203BN,,0,0,1601759165171,0,0
plugin_ios_activity_recognition,"[""automotive""]",1,2,0,33726ebb-721a-4177-a12a-1beec88ce573,203BN,,0,0,1601759172100,0,0
plugin_ios_activity_recognition,"[""automotive""]",1,2,0,33726ebb-721a-4177-a12a-1beec88ce573,203BN,,0,0,1601759207918,0,0
plugin_ios_activity_recognition,,0,2,0,33726ebb-721a-4177-a12a-1beec88ce573,203BN,,0,0,1601759284672,0,0
plugin_ios_activity_recognition,"[""walking""]",0,2,0,33726ebb-721a-4177-a12a-1beec88ce573,203BN,,0,0,1601759310225,0,1
plugin_ios_activity_recognition,"[""walking""]",0,2,0,33726ebb-721a-4177-a12a-1beec88ce573,203BN,,0,0,1601759345256,0,1
plugin_ios_activity_recognition,,0,2,0,33726ebb-721a-4177-a12a-1beec88ce573,203BN,,0,0,1601759351153,0,0
plugin_ios_activity_recognition,"[""walking""]",0,2,0,33726ebb-721a-4177-a12a-1beec88ce573,203BN,,0,0,1601759399761,0,1
plugin_ios_activity_recognition,,0,2,0,33726ebb-721a-4177-a12a-1beec88ce573,203BN,,0,0,1601759486721,0,0
plugin_ios_activity_recognition,"[""walking""]",0,2,0,33726ebb-721a-4177-a12a-1beec88ce573,203BN,,0,0,1601759499511,0,1
plugin_ios_activity_recognition,"[""walking""]",0,2,0,33726ebb-721a-4177-a12a-1beec88ce573,203BN,,0,0,1601759525162,0,1
plugin_ios_activity_recognition,"[""walking""]",0,2,0,33726ebb-721a-4177-a12a-1beec88ce573,203BN,,0,0,1601759705155,0,1
plugin_ios_activity_recognition,,0,2,0,33726ebb-721a-4177-a12a-1beec88ce573,203BN,,0,0,1601759709278,0,0
plugin_ios_activity_recognition,"[""automotive""]",1,2,0,33726ebb-721a-4177-a12a-1beec88ce573,203BN,,0,0,1601759732301,0,0
plugin_ios_activity_recognition,,0,2,0,33726ebb-721a-4177-a12a-1beec88ce573,203BN,,0,0,1601759752776,0,0
plugin_ios_activity_recognition,"[""automotive""]",1,2,0,33726ebb-721a-4177-a12a-1beec88ce573,203BN,,0,0,1601759765565,0,0
plugin_ios_activity_recognition,"[""automotive""]",1,2,0,33726ebb-721a-4177-a12a-1beec88ce573,203BN,,0,0,1601759783471,0,0
plugin_ios_activity_recognition,"[""automotive""]",1,2,0,33726ebb-721a-4177-a12a-1beec88ce573,203BN,,0,0,1601759885160,0,0
plugin_ios_activity_recognition,,0,2,0,33726ebb-721a-4177-a12a-1beec88ce573,203BN,,0,0,1601759903934,0,0
plugin_ios_activity_recognition,"[""walking""]",0,2,0,33726ebb-721a-4177-a12a-1beec88ce573,203BN,,0,0,1601759988022,0,1
plugin_ios_activity_recognition,"[""walking""]",0,2,0,33726ebb-721a-4177-a12a-1beec88ce573,203BN,,0,0,1601760065256,0,1
plugin_ios_activity_recognition,"[""walking""]",0,2,0,33726ebb-721a-4177-a12a-1beec88ce573,203BN,,0,0,1601760245222,0,1
plugin_ios_activity_recognition,,0,2,0,33726ebb-721a-4177-a12a-1beec88ce573,203BN,,0,0,1601760289868,0,0
plugin_ios_activity_recognition,"[""stationary""]",0,2,0,33726ebb-721a-4177-a12a-1beec88ce573,203BN,,0,1,1601760417898,0,0
plugin_ios_activity_recognition,,0,2,0,33726ebb-721a-4177-a12a-1beec88ce573,203BN,,0,0,1601760422356,0,0
plugin_ios_activity_recognition,,0,2,0,33726ebb-721a-4177-a12a-1beec88ce573,203BN,,0,0,1601760425166,0,0
plugin_ios_activity_recognition,"[""stationary""]",0,2,0,33726ebb-721a-4177-a12a-1beec88ce573,203BN,,0,1,1601760433534,0,0
plugin_ios_activity_recognition,,0,2,0,33726ebb-721a-4177-a12a-1beec88ce573,203BN,,0,0,1601760435770,0,0
plugin_ios_activity_recognition,"[""stationary""]",0,2,0,33726ebb-721a-4177-a12a-1beec88ce573,203BN,,0,1,1601760501553,0,0
plugin_ios_activity_recognition,,0,2,0,33726ebb-721a-4177-a12a-1beec88ce573,203BN,,0,0,1601760509223,0,0
plugin_ios_activity_recognition,"[""stationary""]",0,2,0,33726ebb-721a-4177-a12a-1beec88ce573,203BN,,0,1,1601760515915,0,0
plugin_ios_activity_recognition,,0,2,0,33726ebb-721a-4177-a12a-1beec88ce573,203BN,,0,0,1601760517509,0,0
plugin_ios_activity_recognition,,0,2,0,33726ebb-721a-4177-a12a-1beec88ce573,203BN,,0,0,1601760605161,0,0
plugin_ios_activity_recognition,,0,2,0,33726ebb-721a-4177-a12a-1beec88ce573,203BN,supplement,0,0,1601760785161,0,0
plugin_ios_activity_recognition,,0,2,0,33726ebb-721a-4177-a12a-1beec88ce573,203BN,,0,0,1601760785254,0,0
plugin_ios_activity_recognition,"[""walking""]",0,1,0,33726ebb-721a-4177-a12a-1beec88ce573,203BN,,0,0,1601760810992,0,1
plugin_ios_activity_recognition,"[""walking""]",0,2,0,33726ebb-721a-4177-a12a-1beec88ce573,203BN,,0,0,1601760823781,0,1
plugin_ios_activity_recognition,,0,2,0,33726ebb-721a-4177-a12a-1beec88ce573,203BN,,0,0,1601760876402,0,0
plugin_ios_activity_recognition,,0,2,0,33726ebb-721a-4177-a12a-1beec88ce573,203BN,supplement,0,0,1601760965161,0,0
plugin_ios_activity_recognition,,0,2,0,33726ebb-721a-4177-a12a-1beec88ce573,203BN,,0,0,1601760965186,0,0
plugin_ios_activity_recognition,,0,2,0,33726ebb-721a-4177-a12a-1beec88ce573,203BN,,0,0,1601761145165,0,0
plugin_ios_activity_recognition,,0,2,0,33726ebb-721a-4177-a12a-1beec88ce573,203BN,supplement,0,0,1601761325165,0,0
plugin_ios_activity_recognition,,0,2,0,33726ebb-721a-4177-a12a-1beec88ce573,203BN,,0,0,1601761325169,0,0
plugin_ios_activity_recognition,"[""walking""]",0,1,0,33726ebb-721a-4177-a12a-1beec88ce573,203BN,,0,0,1601761357848,0,1
plugin_ios_activity_recognition,"[""walking""]",0,2,0,33726ebb-721a-4177-a12a-1beec88ce573,203BN,,0,0,1601761370643,0,1
plugin_ios_activity_recognition,"[""stationary""]",0,2,0,33726ebb-721a-4177-a12a-1beec88ce573,203BN,,0,1,1601761383435,0,0
plugin_ios_activity_recognition,"[""walking""]",0,2,0,33726ebb-721a-4177-a12a-1beec88ce573,203BN,,0,0,1601761402903,0,1
plugin_ios_activity_recognition,,0,2,0,33726ebb-721a-4177-a12a-1beec88ce573,203BN,,0,0,1601761429487,0,0
plugin_ios_activity_recognition,"[""stationary""]",0,2,0,33726ebb-721a-4177-a12a-1beec88ce573,203BN,,0,1,1601761435838,0,0
plugin_ios_activity_recognition,,0,2,0,33726ebb-721a-4177-a12a-1beec88ce573,203BN,,0,0,1601761458904,0,0
plugin_ios_activity_recognition,"[""stationary""]",0,2,0,33726ebb-721a-4177-a12a-1beec88ce573,203BN,,0,1,1601761466894,0,0
plugin_ios_activity_recognition,,0,2,0,33726ebb-721a-4177-a12a-1beec88ce573,203BN,,0,0,1601761496083,0,0
plugin_ios_activity_recognition,"[""stationary""]",0,2,0,33726ebb-721a-4177-a12a-1beec88ce573,203BN,,0,1,1601761504356,0,0
plugin_ios_activity_recognition,,0,2,0,33726ebb-721a-4177-a12a-1beec88ce573,203BN,supplement,0,0,1601761505165,0,0
plugin_ios_activity_recognition,"[""stationary""]",0,2,0,33726ebb-721a-4177-a12a-1beec88ce573,203BN,,0,1,1601761505174,0,0
plugin_ios_activity_recognition,,0,2,0,33726ebb-721a-4177-a12a-1beec88ce573,203BN,,0,0,1601761524490,0,0
plugin_ios_activity_recognition,"[""stationary""]",0,2,0,33726ebb-721a-4177-a12a-1beec88ce573,203BN,,0,1,1601761528012,0,0
plugin_ios_activity_recognition,"[""stationary""]",0,2,0,33726ebb-721a-4177-a12a-1beec88ce573,203BN,,0,1,1601761685175,0,0
plugin_ios_activity_recognition,,0,2,0,33726ebb-721a-4177-a12a-1beec88ce573,203BN,,0,0,1601761696861,0,0
plugin_ios_activity_recognition,"[""stationary""]",0,2,0,33726ebb-721a-4177-a12a-1beec88ce573,203BN,,0,1,1601761701051,0,0
plugin_ios_activity_recognition,,0,2,0,33726ebb-721a-4177-a12a-1beec88ce573,203BN,,0,0,1601761764434,0,0
plugin_ios_activity_recognition,"[""stationary""]",0,2,0,33726ebb-721a-4177-a12a-1beec88ce573,203BN,,0,1,1601761773059,0,0
plugin_ios_activity_recognition,"[""stationary""]",0,2,0,33726ebb-721a-4177-a12a-1beec88ce573,203BN,,0,1,1601761865178,0,0
plugin_ios_activity_recognition,,0,2,0,33726ebb-721a-4177-a12a-1beec88ce573,203BN,,0,0,1601761991993,0,0
plugin_ios_activity_recognition,"[""stationary""]",0,2,0,33726ebb-721a-4177-a12a-1beec88ce573,203BN,,0,1,1601762001583,0,0
plugin_ios_activity_recognition,"[""stationary""]",0,2,0,33726ebb-721a-4177-a12a-1beec88ce573,203BN,,0,1,1601762045177,0,0
plugin_ios_activity_recognition,,0,2,0,33726ebb-721a-4177-a12a-1beec88ce573,203BN,,0,0,1601762116762,0,0
plugin_ios_activity_recognition,"[""stationary""]",0,2,0,33726ebb-721a-4177-a12a-1beec88ce573,203BN,,0,1,1601762121545,0,0
plugin_ios_activity_recognition,,0,2,0,33726ebb-721a-4177-a12a-1beec88ce573,203BN,,0,0,1601762139784,0,0
plugin_ios_activity_recognition,"[""stationary""]",0,2,0,33726ebb-721a-4177-a12a-1beec88ce573,203BN,,0,1,1601762152852,0,0
plugin_ios_activity_recognition,"[""stationary""]",0,2,0,33726ebb-721a-4177-a12a-1beec88ce573,203BN,,0,1,1601762225245,0,0
plugin_ios_activity_recognition,"[""stationary""]",0,2,0,33726ebb-721a-4177-a12a-1beec88ce573,203BN,,0,1,1601762405181,0,0
plugin_ios_activity_recognition,,0,2,0,33726ebb-721a-4177-a12a-1beec88ce573,203BN,,0,0,1601762463640,0,0
plugin_ios_activity_recognition,"[""stationary""]",0,2,0,33726ebb-721a-4177-a12a-1beec88ce573,203BN,,0,1,1601762467788,0,0
plugin_ios_activity_recognition,"[""stationary""]",0,2,0,33726ebb-721a-4177-a12a-1beec88ce573,203BN,,0,1,1601762585177,0,0
plugin_ios_activity_recognition,,0,2,0,33726ebb-721a-4177-a12a-1beec88ce573,203BN,,0,0,1601762611239,0,0
plugin_ios_activity_recognition,"[""stationary""]",0,2,0,33726ebb-721a-4177-a12a-1beec88ce573,203BN,,0,1,1601762636802,0,0
plugin_ios_activity_recognition,"[""stationary""]",0,2,0,33726ebb-721a-4177-a12a-1beec88ce573,203BN,,0,1,1601762765185,0,0
plugin_ios_activity_recognition,"[""stationary""]",0,2,0,33726ebb-721a-4177-a12a-1beec88ce573,203BN,supplement,0,1,1601762945185,0,0
plugin_ios_activity_recognition,"[""stationary""]",0,2,0,33726ebb-721a-4177-a12a-1beec88ce573,203BN,,0,1,1601762945279,0,0
plugin_ios_activity_recognition,,0,2,0,33726ebb-721a-4177-a12a-1beec88ce573,203BN,,0,0,1601763018102,0,0
plugin_ios_activity_recognition,"[""stationary""]",0,2,0,33726ebb-721a-4177-a12a-1beec88ce573,203BN,,0,1,1601763022597,0,0
plugin_ios_activity_recognition,"[""stationary""]",0,2,0,33726ebb-721a-4177-a12a-1beec88ce573,203BN,supplement,0,1,1601763125185,0,0
plugin_ios_activity_recognition,"[""stationary""]",0,2,0,33726ebb-721a-4177-a12a-1beec88ce573,203BN,,0,1,1601763125261,0,0
plugin_ios_activity_recognition,,0,2,0,33726ebb-721a-4177-a12a-1beec88ce573,203BN,,0,0,1601763185654,0,0
plugin_ios_activity_recognition,"[""stationary""]",0,2,0,33726ebb-721a-4177-a12a-1beec88ce573,203BN,,0,1,1601763189204,0,0
plugin_ios_activity_recognition,"[""stationary""]",0,2,0,33726ebb-721a-4177-a12a-1beec88ce573,203BN,,0,1,1601763305191,0,0
plugin_ios_activity_recognition,,0,2,0,33726ebb-721a-4177-a12a-1beec88ce573,203BN,,0,0,1601763417971,0,0
plugin_ios_activity_recognition,"[""stationary""]",0,2,0,33726ebb-721a-4177-a12a-1beec88ce573,203BN,,0,1,1601763426597,0,0
plugin_ios_activity_recognition,,0,2,0,33726ebb-721a-4177-a12a-1beec88ce573,203BN,,0,0,1601763442610,0,0
plugin_ios_activity_recognition,"[""stationary""]",0,2,0,33726ebb-721a-4177-a12a-1beec88ce573,203BN,,0,1,1601763452478,0,0
plugin_ios_activity_recognition,"[""stationary""]",0,2,0,33726ebb-721a-4177-a12a-1beec88ce573,203BN,,0,1,1601763485188,0,0
plugin_ios_activity_recognition,"[""stationary""]",0,2,0,33726ebb-721a-4177-a12a-1beec88ce573,203BN,supplement,0,1,1601763665188,0,0
plugin_ios_activity_recognition,"[""stationary""]",0,2,0,33726ebb-721a-4177-a12a-1beec88ce573,203BN,,0,1,1601763665280,0,0
plugin_ios_activity_recognition,,0,2,0,33726ebb-721a-4177-a12a-1beec88ce573,203BN,,0,0,1601763787065,0,0
plugin_ios_activity_recognition,"[""stationary""]",0,2,0,33726ebb-721a-4177-a12a-1beec88ce573,203BN,,0,1,1601763791850,0,0
plugin_ios_activity_recognition,,0,2,0,33726ebb-721a-4177-a12a-1beec88ce573,203BN,,0,0,1601763796039,0,0
plugin_ios_activity_recognition,"[""stationary""]",0,2,0,33726ebb-721a-4177-a12a-1beec88ce573,203BN,,0,1,1601763804303,0,0
plugin_ios_activity_recognition,"[""stationary""]",0,2,0,33726ebb-721a-4177-a12a-1beec88ce573,203BN,supplement,0,1,1601763845188,0,0
plugin_ios_activity_recognition,"[""stationary""]",0,2,0,33726ebb-721a-4177-a12a-1beec88ce573,203BN,,0,1,1601763845228,0,0
plugin_ios_activity_recognition,"[""stationary""]",0,2,0,33726ebb-721a-4177-a12a-1beec88ce573,203BN,,0,1,1601764025187,0,0
plugin_ios_activity_recognition,,0,2,0,33726ebb-721a-4177-a12a-1beec88ce573,203BN,,0,0,1601764083306,0,0
plugin_ios_activity_recognition,"[""stationary""]",0,2,0,33726ebb-721a-4177-a12a-1beec88ce573,203BN,,0,1,1601764090695,0,0
plugin_ios_activity_recognition,,0,2,0,33726ebb-721a-4177-a12a-1beec88ce573,203BN,,0,0,1601764167193,0,0
plugin_ios_activity_recognition,"[""stationary""]",0,2,0,33726ebb-721a-4177-a12a-1beec88ce573,203BN,,0,1,1601764172301,0,0
plugin_ios_activity_recognition,,0,2,0,33726ebb-721a-4177-a12a-1beec88ce573,203BN,,0,0,1601764192469,0,0
plugin_ios_activity_recognition,"[""stationary""]",0,2,0,33726ebb-721a-4177-a12a-1beec88ce573,203BN,,0,1,1601764198542,0,0
plugin_ios_activity_recognition,"[""stationary""]",0,2,0,33726ebb-721a-4177-a12a-1beec88ce573,203BN,,0,1,1601764205189,0,0
plugin_ios_activity_recognition,,0,2,0,33726ebb-721a-4177-a12a-1beec88ce573,203BN,,0,0,1601764258711,0,0
plugin_ios_activity_recognition,"[""stationary""]",0,2,0,33726ebb-721a-4177-a12a-1beec88ce573,203BN,,0,1,1601764269568,0,0
plugin_ios_activity_recognition,,0,2,0,33726ebb-721a-4177-a12a-1beec88ce573,203BN,,0,0,1601764296157,0,0
plugin_ios_activity_recognition,"[""stationary""]",0,2,0,33726ebb-721a-4177-a12a-1beec88ce573,203BN,,0,1,1601764313058,0,0
plugin_ios_activity_recognition,,0,2,0,33726ebb-721a-4177-a12a-1beec88ce573,203BN,,0,0,1601764329017,0,0
plugin_ios_activity_recognition,"[""stationary""]",0,2,0,33726ebb-721a-4177-a12a-1beec88ce573,203BN,,0,1,1601764334770,0,0
plugin_ios_activity_recognition,"[""stationary""]",0,2,0,33726ebb-721a-4177-a12a-1beec88ce573,203BN,,0,1,1601764385242,0,0
plugin_ios_activity_recognition,"[""stationary""]",0,2,0,33726ebb-721a-4177-a12a-1beec88ce573,203BN,,0,1,1601764565193,0,0
plugin_ios_activity_recognition,,0,2,0,33726ebb-721a-4177-a12a-1beec88ce573,203BN,,0,0,1601764580286,0,0
plugin_ios_activity_recognition,"[""stationary""]",0,2,0,33726ebb-721a-4177-a12a-1beec88ce573,203BN,,0,1,1601764589233,0,0
plugin_ios_activity_recognition,,0,2,0,33726ebb-721a-4177-a12a-1beec88ce573,203BN,,0,0,1601764660297,0,0
plugin_ios_activity_recognition,"[""stationary""]",0,2,0,33726ebb-721a-4177-a12a-1beec88ce573,203BN,,0,1,1601764665090,0,0
plugin_ios_activity_recognition,"[""stationary""]",0,2,0,33726ebb-721a-4177-a12a-1beec88ce573,203BN,,0,1,1601764745192,0,0
plugin_ios_activity_recognition,,0,2,0,33726ebb-721a-4177-a12a-1beec88ce573,203BN,,0,0,1601764762196,0,0
plugin_ios_activity_recognition,"[""stationary""]",0,2,0,33726ebb-721a-4177-a12a-1beec88ce573,203BN,,0,1,1601764816203,0,0
plugin_ios_activity_recognition,,0,2,0,33726ebb-721a-4177-a12a-1beec88ce573,203BN,,0,0,1601764841193,0,0
plugin_ios_activity_recognition,"[""stationary""]",0,2,0,33726ebb-721a-4177-a12a-1beec88ce573,203BN,,0,1,1601764848854,0,0
plugin_ios_activity_recognition,,0,2,0,33726ebb-721a-4177-a12a-1beec88ce573,203BN,,0,0,1601764910958,0,0
plugin_ios_activity_recognition,,0,2,0,33726ebb-721a-4177-a12a-1beec88ce573,203BN,,0,0,1601764925193,0,0
plugin_ios_activity_recognition,"[""stationary""]",0,2,0,33726ebb-721a-4177-a12a-1beec88ce573,203BN,,0,1,1601764933639,0,0
plugin_ios_activity_recognition,,0,2,0,33726ebb-721a-4177-a12a-1beec88ce573,203BN,,0,0,1601764934599,0,0
plugin_ios_activity_recognition,"[""stationary""]",0,2,0,33726ebb-721a-4177-a12a-1beec88ce573,203BN,,0,1,1601764945450,0,0
plugin_ios_activity_recognition,,0,2,0,33726ebb-721a-4177-a12a-1beec88ce573,203BN,,0,0,1601764959830,0,0
plugin_ios_activity_recognition,"[""stationary""]",0,2,0,33726ebb-721a-4177-a12a-1beec88ce573,203BN,,0,1,1601764997860,0,0
plugin_ios_activity_recognition,,0,2,0,33726ebb-721a-4177-a12a-1beec88ce573,203BN,,0,0,1601765002368,0,0
plugin_ios_activity_recognition,"[""stationary""]",0,2,0,33726ebb-721a-4177-a12a-1beec88ce573,203BN,,0,1,1601765012242,0,0
plugin_ios_activity_recognition,"[""stationary""]",0,2,0,33726ebb-721a-4177-a12a-1beec88ce573,203BN,,0,1,1601765105292,0,0
plugin_ios_activity_recognition,"[""stationary""]",0,2,0,33726ebb-721a-4177-a12a-1beec88ce573,203BN,,0,1,1601765285208,0,0
plugin_ios_activity_recognition,"[""stationary""]",0,2,0,33726ebb-721a-4177-a12a-1beec88ce573,203BN,,0,1,1601765465206,0,0
plugin_ios_activity_recognition,"[""stationary""]",0,2,0,33726ebb-721a-4177-a12a-1beec88ce573,203BN,supplement,0,1,1601765645206,0,0
plugin_ios_activity_recognition,"[""stationary""]",0,2,0,33726ebb-721a-4177-a12a-1beec88ce573,203BN,,0,1,1601765645211,0,0
plugin_ios_activity_recognition,"[""stationary""]",0,2,0,33726ebb-721a-4177-a12a-1beec88ce573,203BN,supplement,0,1,1601765825206,0,0
plugin_ios_activity_recognition,"[""stationary""]",0,2,0,33726ebb-721a-4177-a12a-1beec88ce573,203BN,supplement,0,1,1601765825211,0,0
plugin_ios_activity_recognition,"[""stationary""]",0,2,0,33726ebb-721a-4177-a12a-1beec88ce573,203BN,,0,1,1601765825268,0,0
plugin_ios_activity_recognition,"[""stationary""]",0,2,0,33726ebb-721a-4177-a12a-1beec88ce573,203BN,supplement,0,1,1601766005211,0,0
plugin_ios_activity_recognition,"[""stationary""]",0,2,0,33726ebb-721a-4177-a12a-1beec88ce573,203BN,,0,1,1601766005214,0,0
plugin_ios_activity_recognition,,0,2,0,33726ebb-721a-4177-a12a-1beec88ce573,203BN,,0,0,1601766132067,0,0
plugin_ios_activity_recognition,"[""walking""]",0,1,0,33726ebb-721a-4177-a12a-1beec88ce573,203BN,,0,0,1601766138506,0,1
plugin_ios_activity_recognition,"[""walking""]",0,2,0,33726ebb-721a-4177-a12a-1beec88ce573,203BN,,0,0,1601766143620,0,1
plugin_ios_activity_recognition,"[""stationary""]",0,2,0,33726ebb-721a-4177-a12a-1beec88ce573,203BN,,0,1,1601766147733,0,0
plugin_ios_activity_recognition,"[""stationary""]",0,2,0,33726ebb-721a-4177-a12a-1beec88ce573,203BN,,0,1,1601766185216,0,0
plugin_ios_activity_recognition,"[""walking""]",0,2,0,33726ebb-721a-4177-a12a-1beec88ce573,203BN,,0,0,1601766188761,0,1
plugin_ios_activity_recognition,"[""stationary""]",0,2,0,33726ebb-721a-4177-a12a-1beec88ce573,203BN,,0,1,1601766201543,0,0
plugin_ios_activity_recognition,,0,2,0,33726ebb-721a-4177-a12a-1beec88ce573,203BN,,0,0,1601766275578,0,0
plugin_ios_activity_recognition,"[""stationary""]",0,2,0,33726ebb-721a-4177-a12a-1beec88ce573,203BN,,0,1,1601766281004,0,0
plugin_ios_activity_recognition,,0,2,0,33726ebb-721a-4177-a12a-1beec88ce573,203BN,,0,0,1601766293759,0,0
plugin_ios_activity_recognition,"[""stationary""]",0,2,0,33726ebb-721a-4177-a12a-1beec88ce573,203BN,,0,1,1601766322873,0,0
plugin_ios_activity_recognition,,0,2,0,33726ebb-721a-4177-a12a-1beec88ce573,203BN,,0,0,1601766326021,0,0
plugin_ios_activity_recognition,"[""stationary""]",0,2,0,33726ebb-721a-4177-a12a-1beec88ce573,203BN,,0,1,1601766330820,0,0
plugin_ios_activity_recognition,,0,2,0,33726ebb-721a-4177-a12a-1beec88ce573,203BN,,0,0,1601766351971,0,0
plugin_ios_activity_recognition,"[""stationary""]",0,2,0,33726ebb-721a-4177-a12a-1beec88ce573,203BN,,0,1,1601766356448,0,0
plugin_ios_activity_recognition,,0,2,0,33726ebb-721a-4177-a12a-1beec88ce573,203BN,,0,0,1601766360285,0,0
plugin_ios_activity_recognition,"[""stationary""]",0,2,0,33726ebb-721a-4177-a12a-1beec88ce573,203BN,,0,1,1601766364122,0,0
plugin_ios_activity_recognition,"[""stationary""]",0,2,0,33726ebb-721a-4177-a12a-1beec88ce573,203BN,,0,1,1601766365212,0,0
plugin_ios_activity_recognition,,0,2,0,33726ebb-721a-4177-a12a-1beec88ce573,203BN,,0,0,1601766384567,0,0
plugin_ios_activity_recognition,"[""stationary""]",0,2,0,33726ebb-721a-4177-a12a-1beec88ce573,203BN,,0,1,1601766398957,0,0
plugin_ios_activity_recognition,,0,2,0,33726ebb-721a-4177-a12a-1beec88ce573,203BN,,0,0,1601766403105,0,0
plugin_ios_activity_recognition,"[""stationary""]",0,2,0,33726ebb-721a-4177-a12a-1beec88ce573,203BN,,0,1,1601766443967,0,0
plugin_ios_activity_recognition,,0,2,0,33726ebb-721a-4177-a12a-1beec88ce573,203BN,,0,0,1601766445604,0,0
plugin_ios_activity_recognition,,0,2,0,33726ebb-721a-4177-a12a-1beec88ce573,203BN,,0,0,1601766545316,0,0
plugin_ios_activity_recognition,"[""stationary""]",0,2,0,33726ebb-721a-4177-a12a-1beec88ce573,203BN,,0,1,1601766691180,0,0
plugin_ios_activity_recognition,,0,2,0,33726ebb-721a-4177-a12a-1beec88ce573,203BN,,0,0,1601766694026,0,0
plugin_ios_activity_recognition,"[""stationary""]",0,2,0,33726ebb-721a-4177-a12a-1beec88ce573,203BN,,0,1,1601766706178,0,0
plugin_ios_activity_recognition,,0,2,0,33726ebb-721a-4177-a12a-1beec88ce573,203BN,,0,0,1601766714493,0,0
plugin_ios_activity_recognition,"[""stationary""]",0,2,0,33726ebb-721a-4177-a12a-1beec88ce573,203BN,,0,1,1601766721199,0,0
plugin_ios_activity_recognition,,0,2,0,33726ebb-721a-4177-a12a-1beec88ce573,203BN,,0,0,1601766721519,0,0
plugin_ios_activity_recognition,,0,2,0,33726ebb-721a-4177-a12a-1beec88ce573,203BN,,0,0,1601766725215,0,0
plugin_ios_activity_recognition,"[""stationary""]",0,2,0,33726ebb-721a-4177-a12a-1beec88ce573,203BN,,0,1,1601766736545,0,0
plugin_ios_activity_recognition,,0,2,0,33726ebb-721a-4177-a12a-1beec88ce573,203BN,,0,0,1601766737220,0,0
plugin_ios_activity_recognition,"[""stationary""]",0,2,0,33726ebb-721a-4177-a12a-1beec88ce573,203BN,,0,1,1601766741654,0,0
plugin_ios_activity_recognition,,0,2,0,33726ebb-721a-4177-a12a-1beec88ce573,203BN,,0,0,1601766752569,0,0
plugin_ios_activity_recognition,"[""stationary""]",0,2,0,33726ebb-721a-4177-a12a-1beec88ce573,203BN,,0,1,1601766868298,0,0
plugin_ios_activity_recognition,,0,2,0,33726ebb-721a-4177-a12a-1beec88ce573,203BN,,0,0,1601766877916,0,0
plugin_ios_activity_recognition,,0,2,0,33726ebb-721a-4177-a12a-1beec88ce573,203BN,,0,0,1601766905225,0,0
plugin_ios_activity_recognition,"[""walking""]",0,1,0,33726ebb-721a-4177-a12a-1beec88ce573,203BN,,0,0,1601766952022,0,1
plugin_ios_activity_recognition,"[""walking""]",0,2,0,33726ebb-721a-4177-a12a-1beec88ce573,203BN,,0,0,1601766954579,0,1
plugin_ios_activity_recognition,,0,2,0,33726ebb-721a-4177-a12a-1beec88ce573,203BN,,0,0,1601767026186,0,0
plugin_ios_activity_recognition,"[""walking""]",0,1,0,33726ebb-721a-4177-a12a-1beec88ce573,203BN,,0,0,1601767028746,0,1
plugin_ios_activity_recognition,"[""walking""]",0,2,0,33726ebb-721a-4177-a12a-1beec88ce573,203BN,,0,0,1601767033863,0,1
plugin_ios_activity_recognition,"[""walking""]",0,2,0,33726ebb-721a-4177-a12a-1beec88ce573,203BN,,0,0,1601767085226,0,1
plugin_ios_activity_recognition,,0,2,0,33726ebb-721a-4177-a12a-1beec88ce573,203BN,,0,0,1601767087574,0,0
plugin_ios_activity_recognition,"[""stationary""]",0,2,0,33726ebb-721a-4177-a12a-1beec88ce573,203BN,,0,1,1601767228887,0,0
plugin_ios_activity_recognition,,0,2,0,33726ebb-721a-4177-a12a-1beec88ce573,203BN,,0,0,1601767249944,0,0
plugin_ios_activity_recognition,"[""walking""]",0,1,0,33726ebb-721a-4177-a12a-1beec88ce573,203BN,,0,0,1601767253828,0,1
plugin_ios_activity_recognition,"[""walking""]",0,2,0,33726ebb-721a-4177-a12a-1beec88ce573,203BN,,0,0,1601767258941,0,1
plugin_ios_activity_recognition,"[""walking""]",0,2,0,33726ebb-721a-4177-a12a-1beec88ce573,203BN,,0,0,1601767265319,0,1
plugin_ios_activity_recognition,"[""stationary""]",0,2,0,33726ebb-721a-4177-a12a-1beec88ce573,203BN,,0,1,1601767308772,0,0
plugin_ios_activity_recognition,,0,2,0,33726ebb-721a-4177-a12a-1beec88ce573,203BN,,0,0,1601767315805,0,0
plugin_ios_activity_recognition,"[""stationary""]",0,2,0,33726ebb-721a-4177-a12a-1beec88ce573,203BN,,0,1,1601767321876,0,0
plugin_ios_activity_recognition,,0,2,0,33726ebb-721a-4177-a12a-1beec88ce573,203BN,,0,0,1601767339174,0,0
plugin_ios_activity_recognition,"[""stationary""]",0,2,0,33726ebb-721a-4177-a12a-1beec88ce573,203BN,,0,1,1601767345244,0,0
plugin_ios_activity_recognition,,0,2,0,33726ebb-721a-4177-a12a-1beec88ce573,203BN,,0,0,1601767355803,0,0
plugin_ios_activity_recognition,"[""stationary""]",0,2,0,33726ebb-721a-4177-a12a-1beec88ce573,203BN,,0,1,1601767364752,0,0
plugin_ios_activity_recognition,,0,2,0,33726ebb-721a-4177-a12a-1beec88ce573,203BN,,0,0,1601767382657,0,0
plugin_ios_activity_recognition,,0,2,0,33726ebb-721a-4177-a12a-1beec88ce573,203BN,,0,0,1601767445228,0,0
plugin_ios_activity_recognition,"[""stationary""]",0,2,0,33726ebb-721a-4177-a12a-1beec88ce573,203BN,,0,1,1601767508885,0,0
plugin_ios_activity_recognition,,0,2,0,33726ebb-721a-4177-a12a-1beec88ce573,203BN,,0,0,1601767515908,0,0
plugin_ios_activity_recognition,"[""stationary""]",0,2,0,33726ebb-721a-4177-a12a-1beec88ce573,203BN,,0,1,1601767520700,0,0
plugin_ios_activity_recognition,,0,2,0,33726ebb-721a-4177-a12a-1beec88ce573,203BN,,0,0,1601767544692,0,0
plugin_ios_activity_recognition,"[""stationary""]",0,2,0,33726ebb-721a-4177-a12a-1beec88ce573,203BN,,0,1,1601767553311,0,0
plugin_ios_activity_recognition,"[""stationary""]",0,2,0,33726ebb-721a-4177-a12a-1beec88ce573,203BN,,0,1,1601767625232,0,0
plugin_ios_activity_recognition,,0,2,0,33726ebb-721a-4177-a12a-1beec88ce573,203BN,,0,0,1601767689818,0,0
plugin_ios_activity_recognition,,0,2,0,33726ebb-721a-4177-a12a-1beec88ce573,203BN,,0,0,1601767805225,0,0
plugin_ios_activity_recognition,"[""walking""]",0,2,0,33726ebb-721a-4177-a12a-1beec88ce573,203BN,,0,0,1601767873017,0,1
plugin_ios_activity_recognition,"[""stationary""]",0,2,0,33726ebb-721a-4177-a12a-1beec88ce573,203BN,,0,1,1601767893124,0,0
plugin_ios_activity_recognition,"[""walking""]",0,2,0,33726ebb-721a-4177-a12a-1beec88ce573,203BN,,0,0,1601767908149,0,1
plugin_ios_activity_recognition,,0,2,0,33726ebb-721a-4177-a12a-1beec88ce573,203BN,,0,0,1601767939533,0,0
plugin_ios_activity_recognition,"[""walking""]",0,1,0,33726ebb-721a-4177-a12a-1beec88ce573,203BN,,0,0,1601767967676,0,1
plugin_ios_activity_recognition,"[""walking""]",0,2,0,33726ebb-721a-4177-a12a-1beec88ce573,203BN,,0,0,1601767970235,0,1
plugin_ios_activity_recognition,"[""walking""]",0,2,0,33726ebb-721a-4177-a12a-1beec88ce573,203BN,,0,0,1601767985228,0,1
plugin_ios_activity_recognition,,0,2,0,33726ebb-721a-4177-a12a-1beec88ce573,203BN,,0,0,1601768031641,0,0
plugin_ios_activity_recognition,"[""stationary""]",0,2,0,33726ebb-721a-4177-a12a-1beec88ce573,203BN,,0,1,1601768084943,0,0
plugin_ios_activity_recognition,,0,2,0,33726ebb-721a-4177-a12a-1beec88ce573,203BN,,0,0,1601768089395,0,0
plugin_ios_activity_recognition,"[""stationary""]",0,2,0,33726ebb-721a-4177-a12a-1beec88ce573,203BN,,0,1,1601768095489,0,0
plugin_ios_activity_recognition,,0,2,0,33726ebb-721a-4177-a12a-1beec88ce573,203BN,,0,0,1601768097360,0,0
plugin_ios_activity_recognition,"[""stationary""]",0,2,0,33726ebb-721a-4177-a12a-1beec88ce573,203BN,,0,1,1601768114889,0,0
plugin_ios_activity_recognition,,0,2,0,33726ebb-721a-4177-a12a-1beec88ce573,203BN,,0,0,1601768116798,0,0
plugin_ios_activity_recognition,"[""stationary""]",0,2,0,33726ebb-721a-4177-a12a-1beec88ce573,203BN,,0,1,1601768152942,0,0
plugin_ios_activity_recognition,,0,2,0,33726ebb-721a-4177-a12a-1beec88ce573,203BN,,0,0,1601768154861,0,0
plugin_ios_activity_recognition,,0,2,0,33726ebb-721a-4177-a12a-1beec88ce573,203BN,,0,0,1601768165240,0,0
plugin_ios_activity_recognition,"[""stationary""]",0,2,0,33726ebb-721a-4177-a12a-1beec88ce573,203BN,,0,1,1601768244361,0,0
plugin_ios_activity_recognition,,0,2,0,33726ebb-721a-4177-a12a-1beec88ce573,203BN,,0,0,1601768246915,0,0
plugin_ios_activity_recognition,"[""stationary""]",0,2,0,33726ebb-721a-4177-a12a-1beec88ce573,203BN,,0,1,1601768283345,0,0
plugin_ios_activity_recognition,,0,2,0,33726ebb-721a-4177-a12a-1beec88ce573,203BN,,0,0,1601768287482,0,0
plugin_ios_activity_recognition,"[""stationary""]",0,2,0,33726ebb-721a-4177-a12a-1beec88ce573,203BN,,0,1,1601768299620,0,0
plugin_ios_activity_recognition,,0,2,0,33726ebb-721a-4177-a12a-1beec88ce573,203BN,,0,0,1601768301854,0,0
plugin_ios_activity_recognition,,0,2,0,33726ebb-721a-4177-a12a-1beec88ce573,203BN,,0,0,1601768345234,0,0
plugin_ios_activity_recognition,"[""stationary""]",0,2,0,33726ebb-721a-4177-a12a-1beec88ce573,203BN,,0,1,1601768360342,0,0
plugin_ios_activity_recognition,,0,2,0,33726ebb-721a-4177-a12a-1beec88ce573,203BN,,0,0,1601768361619,0,0
plugin_ios_activity_recognition,"[""stationary""]",0,2,0,33726ebb-721a-4177-a12a-1beec88ce573,203BN,,0,1,1601768365124,0,0
plugin_ios_activity_recognition,,0,2,0,33726ebb-721a-4177-a12a-1beec88ce573,203BN,,0,0,1601768367362,0,0
plugin_ios_activity_recognition,"[""stationary""]",0,2,0,33726ebb-721a-4177-a12a-1beec88ce573,203BN,,0,1,1601768372799,0,0
plugin_ios_activity_recognition,,0,2,0,33726ebb-721a-4177-a12a-1beec88ce573,203BN,,0,0,1601768379234,0,0
plugin_ios_activity_recognition,"[""stationary""]",0,2,0,33726ebb-721a-4177-a12a-1beec88ce573,203BN,,0,1,1601768475791,0,0
plugin_ios_activity_recognition,,0,2,0,33726ebb-721a-4177-a12a-1beec88ce573,203BN,,0,0,1601768477386,0,0
plugin_ios_activity_recognition,"[""stationary""]",0,2,0,33726ebb-721a-4177-a12a-1beec88ce573,203BN,,0,1,1601768484732,0,0
plugin_ios_activity_recognition,,0,2,0,33726ebb-721a-4177-a12a-1beec88ce573,203BN,,0,0,1601768500040,0,0
plugin_ios_activity_recognition,,0,2,0,33726ebb-721a-4177-a12a-1beec88ce573,203BN,,0,0,1601768525237,0,0
plugin_ios_activity_recognition,"[""stationary""]",0,2,0,33726ebb-721a-4177-a12a-1beec88ce573,203BN,,0,1,1601768597900,0,0
plugin_ios_activity_recognition,,0,2,0,33726ebb-721a-4177-a12a-1beec88ce573,203BN,,0,0,1601768602059,0,0
plugin_ios_activity_recognition,,0,2,0,33726ebb-721a-4177-a12a-1beec88ce573,203BN,,0,0,1601768705282,0,0
plugin_ios_activity_recognition,"[""stationary""]",0,2,0,33726ebb-721a-4177-a12a-1beec88ce573,203BN,,0,1,1601768736616,0,0
plugin_ios_activity_recognition,,0,2,0,33726ebb-721a-4177-a12a-1beec88ce573,203BN,,0,0,1601768741394,0,0
plugin_ios_activity_recognition,"[""stationary""]",0,2,0,33726ebb-721a-4177-a12a-1beec88ce573,203BN,,0,1,1601768755188,0,0
plugin_ios_activity_recognition,,0,2,0,33726ebb-721a-4177-a12a-1beec88ce573,203BN,,0,0,1601768766327,0,0
plugin_ios_activity_recognition,"[""walking""]",0,2,0,33726ebb-721a-4177-a12a-1beec88ce573,203BN,,0,0,1601768839598,0,1
plugin_ios_activity_recognition,"[""walking""]",0,2,0,33726ebb-721a-4177-a12a-1beec88ce573,203BN,,0,0,1601768885233,0,1
plugin_ios_activity_recognition,"[""stationary""]",0,2,0,33726ebb-721a-4177-a12a-1beec88ce573,203BN,,0,1,1601768917864,0,0
plugin_ios_activity_recognition,"[""walking""]",0,2,0,33726ebb-721a-4177-a12a-1beec88ce573,203BN,,0,0,1601768918184,0,1
plugin_ios_activity_recognition,,0,2,0,33726ebb-721a-4177-a12a-1beec88ce573,203BN,,0,0,1601768982804,0,0
plugin_ios_activity_recognition,"[""walking""]",0,2,0,33726ebb-721a-4177-a12a-1beec88ce573,203BN,,0,0,1601769013509,0,1
plugin_ios_activity_recognition,,0,2,0,33726ebb-721a-4177-a12a-1beec88ce573,203BN,,0,0,1601769057004,0,0
plugin_ios_activity_recognition,,0,2,0,33726ebb-721a-4177-a12a-1beec88ce573,203BN,,0,0,1601769065228,0,0
plugin_ios_activity_recognition,"[""stationary""]",0,2,0,33726ebb-721a-4177-a12a-1beec88ce573,203BN,,0,1,1601769094064,0,0
plugin_ios_activity_recognition,,0,2,0,33726ebb-721a-4177-a12a-1beec88ce573,203BN,,0,0,1601769107817,0,0
plugin_ios_activity_recognition,"[""automotive""]",1,2,0,33726ebb-721a-4177-a12a-1beec88ce573,203BN,,0,0,1601769230967,0,0
plugin_ios_activity_recognition,"[""automotive""]",1,2,0,33726ebb-721a-4177-a12a-1beec88ce573,203BN,,0,0,1601769245231,0,0
plugin_ios_activity_recognition,"[""automotive""]",1,2,0,33726ebb-721a-4177-a12a-1beec88ce573,203BN,supplement,0,0,1601769425231,0,0
plugin_ios_activity_recognition,"[""automotive""]",1,2,0,33726ebb-721a-4177-a12a-1beec88ce573,203BN,,0,0,1601769425326,0,0
plugin_ios_activity_recognition,"[""stationary"",""automotive""]",1,2,0,33726ebb-721a-4177-a12a-1beec88ce573,203BN,,0,1,1601769588149,0,0
plugin_ios_activity_recognition,"[""automotive""]",1,2,0,33726ebb-721a-4177-a12a-1beec88ce573,203BN,,0,0,1601769593906,0,0
