name,activities,automotive,confidence,cycling,device_id,device_label,label,running,stationary,timestamp,unknown,walking
plugin_ios_activity_recognition,"[""stationary""]",0,2,0,c050a6e9-7e5b-4da4-95a0-60c287f0557d,104HT,supplement,0,1,1600387229728,0,0
plugin_ios_activity_recognition,"[""stationary""]",0,2,0,c050a6e9-7e5b-4da4-95a0-60c287f0557d,104HT,,0,1,1600387229805,0,0
plugin_ios_activity_recognition,"[""stationary""]",0,2,0,c050a6e9-7e5b-4da4-95a0-60c287f0557d,104HT,supplement,0,1,1600387409728,0,0
plugin_ios_activity_recognition,"[""stationary""]",0,2,0,c050a6e9-7e5b-4da4-95a0-60c287f0557d,104HT,supplement,0,1,1600387409805,0,0
plugin_ios_activity_recognition,"[""stationary""]",0,2,0,c050a6e9-7e5b-4da4-95a0-60c287f0557d,104HT,,0,1,1600387413183,0,0
plugin_ios_activity_recognition,,0,2,0,c050a6e9-7e5b-4da4-95a0-60c287f0557d,104HT,,0,0,1600387509652,0,0
plugin_ios_activity_recognition,"[""stationary""]",0,2,0,c050a6e9-7e5b-4da4-95a0-60c287f0557d,104HT,supplement,0,1,1600387589805,0,0
plugin_ios_activity_recognition,,0,2,0,c050a6e9-7e5b-4da4-95a0-60c287f0557d,104HT,,0,0,1600387589811,0,0
plugin_ios_activity_recognition,"[""stationary""]",0,2,0,c050a6e9-7e5b-4da4-95a0-60c287f0557d,104HT,,0,1,1600387608464,0,0
plugin_ios_activity_recognition,"[""stationary""]",0,2,0,c050a6e9-7e5b-4da4-95a0-60c287f0557d,104HT,,0,1,1600387770469,0,0
plugin_ios_activity_recognition,"[""stationary""]",0,2,0,c050a6e9-7e5b-4da4-95a0-60c287f0557d,104HT,,0,1,1600387949719,0,0
plugin_ios_activity_recognition,"[""stationary""]",0,2,0,c050a6e9-7e5b-4da4-95a0-60c287f0557d,104HT,supplement,0,1,1600388129719,0,0
plugin_ios_activity_recognition,"[""stationary""]",0,2,0,c050a6e9-7e5b-4da4-95a0-60c287f0557d,104HT,,0,1,1600388129802,0,0
plugin_ios_activity_recognition,,0,2,0,c050a6e9-7e5b-4da4-95a0-60c287f0557d,104HT,,0,0,1600388214330,0,0
plugin_ios_activity_recognition,"[""stationary""]",0,2,0,c050a6e9-7e5b-4da4-95a0-60c287f0557d,104HT,,0,1,1600388276777,0,0
plugin_ios_activity_recognition,"[""stationary""]",0,2,0,c050a6e9-7e5b-4da4-95a0-60c287f0557d,104HT,supplement,0,1,1600388309719,0,0
plugin_ios_activity_recognition,"[""stationary""]",0,2,0,c050a6e9-7e5b-4da4-95a0-60c287f0557d,104HT,,0,1,1600388309724,0,0
plugin_ios_activity_recognition,"[""stationary""]",0,2,0,c050a6e9-7e5b-4da4-95a0-60c287f0557d,104HT,supplement,0,1,1600388489724,0,0
plugin_ios_activity_recognition,"[""stationary""]",0,2,0,c050a6e9-7e5b-4da4-95a0-60c287f0557d,104HT,,0,1,1600388489804,0,0
plugin_ios_activity_recognition,"[""stationary""]",0,2,0,c050a6e9-7e5b-4da4-95a0-60c287f0557d,104HT,supplement,0,1,1600388669724,0,0
plugin_ios_activity_recognition,"[""stationary""]",0,2,0,c050a6e9-7e5b-4da4-95a0-60c287f0557d,104HT,supplement,0,1,1600388669804,0,0
plugin_ios_activity_recognition,"[""stationary""]",0,2,0,c050a6e9-7e5b-4da4-95a0-60c287f0557d,104HT,,0,1,1600388670442,0,0
plugin_ios_activity_recognition,,0,2,0,c050a6e9-7e5b-4da4-95a0-60c287f0557d,104HT,,0,0,1600388796528,0,0
plugin_ios_activity_recognition,"[""stationary""]",0,2,0,c050a6e9-7e5b-4da4-95a0-60c287f0557d,104HT,,0,1,1600388819354,0,0
plugin_ios_activity_recognition,"[""stationary""]",0,2,0,c050a6e9-7e5b-4da4-95a0-60c287f0557d,104HT,,0,1,1600388849802,0,0
plugin_ios_activity_recognition,"[""stationary""]",0,2,0,c050a6e9-7e5b-4da4-95a0-60c287f0557d,104HT,supplement,0,1,1600388849804,0,0
plugin_ios_activity_recognition,,0,2,0,c050a6e9-7e5b-4da4-95a0-60c287f0557d,104HT,,0,0,1600388883150,0,0
plugin_ios_activity_recognition,,0,2,0,c050a6e9-7e5b-4da4-95a0-60c287f0557d,104HT,,0,0,1600389029810,0,0
plugin_ios_activity_recognition,"[""stationary""]",0,2,0,c050a6e9-7e5b-4da4-95a0-60c287f0557d,104HT,,0,1,1600389083167,0,0
plugin_ios_activity_recognition,,0,2,0,c050a6e9-7e5b-4da4-95a0-60c287f0557d,104HT,,0,0,1600389107789,0,0
plugin_ios_activity_recognition,,0,2,0,c050a6e9-7e5b-4da4-95a0-60c287f0557d,104HT,,0,0,1600389209718,0,0
plugin_ios_activity_recognition,"[""stationary""]",0,2,0,c050a6e9-7e5b-4da4-95a0-60c287f0557d,104HT,,0,1,1600389329628,0,0
plugin_ios_activity_recognition,,0,2,0,c050a6e9-7e5b-4da4-95a0-60c287f0557d,104HT,,0,0,1600389343976,0,0
plugin_ios_activity_recognition,,0,2,0,c050a6e9-7e5b-4da4-95a0-60c287f0557d,104HT,,0,0,1600389389719,0,0
plugin_ios_activity_recognition,"[""stationary""]",0,2,0,c050a6e9-7e5b-4da4-95a0-60c287f0557d,104HT,,0,1,1600389495123,0,0
plugin_ios_activity_recognition,"[""stationary""]",0,2,0,c050a6e9-7e5b-4da4-95a0-60c287f0557d,104HT,,0,1,1600389570547,0,0
plugin_ios_activity_recognition,,0,2,0,c050a6e9-7e5b-4da4-95a0-60c287f0557d,104HT,,0,0,1600389579541,0,0
plugin_ios_activity_recognition,"[""stationary""]",0,2,0,c050a6e9-7e5b-4da4-95a0-60c287f0557d,104HT,,0,1,1600389584027,0,0
plugin_ios_activity_recognition,,0,2,0,c050a6e9-7e5b-4da4-95a0-60c287f0557d,104HT,,0,0,1600389612469,0,0
plugin_ios_activity_recognition,"[""stationary""]",0,2,0,c050a6e9-7e5b-4da4-95a0-60c287f0557d,104HT,,0,1,1600389674247,0,0
plugin_ios_activity_recognition,"[""stationary""]",0,2,0,c050a6e9-7e5b-4da4-95a0-60c287f0557d,104HT,,0,1,1600389749800,0,0
plugin_ios_activity_recognition,,0,2,0,c050a6e9-7e5b-4da4-95a0-60c287f0557d,104HT,,0,0,1600389776414,0,0
plugin_ios_activity_recognition,,0,2,0,c050a6e9-7e5b-4da4-95a0-60c287f0557d,104HT,,0,0,1600389929801,0,0
plugin_ios_activity_recognition,,0,2,0,c050a6e9-7e5b-4da4-95a0-60c287f0557d,104HT,,0,0,1600390109717,0,0
plugin_ios_activity_recognition,,0,2,0,c050a6e9-7e5b-4da4-95a0-60c287f0557d,104HT,supplement,0,0,1600390289717,0,0
plugin_ios_activity_recognition,,0,2,0,c050a6e9-7e5b-4da4-95a0-60c287f0557d,104HT,,0,0,1600390289800,0,0
plugin_ios_activity_recognition,,0,2,0,c050a6e9-7e5b-4da4-95a0-60c287f0557d,104HT,supplement,0,0,1600390469717,0,0
plugin_ios_activity_recognition,,0,2,0,c050a6e9-7e5b-4da4-95a0-60c287f0557d,104HT,supplement,0,0,1600390469800,0,0
plugin_ios_activity_recognition,,0,2,0,c050a6e9-7e5b-4da4-95a0-60c287f0557d,104HT,,0,0,1600390470812,0,0
plugin_ios_activity_recognition,,0,2,0,c050a6e9-7e5b-4da4-95a0-60c287f0557d,104HT,,0,0,1600390649713,0,0
plugin_ios_activity_recognition,,0,2,0,c050a6e9-7e5b-4da4-95a0-60c287f0557d,104HT,supplement,0,0,1600390649800,0,0
plugin_ios_activity_recognition,,0,2,0,c050a6e9-7e5b-4da4-95a0-60c287f0557d,104HT,supplement,0,0,1600390829713,0,0
plugin_ios_activity_recognition,,0,2,0,c050a6e9-7e5b-4da4-95a0-60c287f0557d,104HT,,0,0,1600390829803,0,0
plugin_ios_activity_recognition,,0,2,0,c050a6e9-7e5b-4da4-95a0-60c287f0557d,104HT,supplement,0,0,1600391009713,0,0
plugin_ios_activity_recognition,,0,2,0,c050a6e9-7e5b-4da4-95a0-60c287f0557d,104HT,supplement,0,0,1600391009803,0,0
plugin_ios_activity_recognition,,0,2,0,c050a6e9-7e5b-4da4-95a0-60c287f0557d,104HT,,0,0,1600391009812,0,0
plugin_ios_activity_recognition,"[""stationary""]",0,2,0,c050a6e9-7e5b-4da4-95a0-60c287f0557d,104HT,,0,1,1600391042993,0,0
plugin_ios_activity_recognition,,0,2,0,c050a6e9-7e5b-4da4-95a0-60c287f0557d,104HT,,0,0,1600391044281,0,0
plugin_ios_activity_recognition,,0,2,0,c050a6e9-7e5b-4da4-95a0-60c287f0557d,104HT,supplement,0,0,1600391189803,0,0
plugin_ios_activity_recognition,,0,2,0,c050a6e9-7e5b-4da4-95a0-60c287f0557d,104HT,,0,0,1600391189806,0,0
plugin_ios_activity_recognition,"[""stationary""]",0,2,0,c050a6e9-7e5b-4da4-95a0-60c287f0557d,104HT,,0,1,1600391214322,0,0
plugin_ios_activity_recognition,,0,2,0,c050a6e9-7e5b-4da4-95a0-60c287f0557d,104HT,,0,0,1600391261703,0,0
plugin_ios_activity_recognition,,0,2,0,c050a6e9-7e5b-4da4-95a0-60c287f0557d,104HT,,0,0,1600391370627,0,0
plugin_ios_activity_recognition,"[""walking""]",0,1,0,c050a6e9-7e5b-4da4-95a0-60c287f0557d,104HT,,0,0,1600391510833,0,1
plugin_ios_activity_recognition,,0,2,0,c050a6e9-7e5b-4da4-95a0-60c287f0557d,104HT,,0,0,1600391515983,0,0
plugin_ios_activity_recognition,,0,2,0,c050a6e9-7e5b-4da4-95a0-60c287f0557d,104HT,,0,0,1600391549718,0,0
plugin_ios_activity_recognition,,0,2,0,c050a6e9-7e5b-4da4-95a0-60c287f0557d,104HT,supplement,0,0,1600391729718,0,0
plugin_ios_activity_recognition,,0,2,0,c050a6e9-7e5b-4da4-95a0-60c287f0557d,104HT,,0,0,1600391729803,0,0
plugin_ios_activity_recognition,,0,2,0,c050a6e9-7e5b-4da4-95a0-60c287f0557d,104HT,,0,0,1600391909718,0,0
plugin_ios_activity_recognition,,0,2,0,c050a6e9-7e5b-4da4-95a0-60c287f0557d,104HT,,0,0,1600392089717,0,0
plugin_ios_activity_recognition,,0,2,0,c050a6e9-7e5b-4da4-95a0-60c287f0557d,104HT,supplement,0,0,1600392269717,0,0
plugin_ios_activity_recognition,,0,2,0,c050a6e9-7e5b-4da4-95a0-60c287f0557d,104HT,,0,0,1600392270680,0,0
plugin_ios_activity_recognition,,0,2,0,c050a6e9-7e5b-4da4-95a0-60c287f0557d,104HT,supplement,0,0,1600392449717,0,0
plugin_ios_activity_recognition,,0,2,0,c050a6e9-7e5b-4da4-95a0-60c287f0557d,104HT,,0,0,1600392449799,0,0
plugin_ios_activity_recognition,,0,2,0,c050a6e9-7e5b-4da4-95a0-60c287f0557d,104HT,supplement,0,0,1600392629799,0,0
plugin_ios_activity_recognition,,0,2,0,c050a6e9-7e5b-4da4-95a0-60c287f0557d,104HT,,0,0,1600392629811,0,0
plugin_ios_activity_recognition,,0,2,0,c050a6e9-7e5b-4da4-95a0-60c287f0557d,104HT,,0,0,1600392809715,0,0
plugin_ios_activity_recognition,,0,2,0,c050a6e9-7e5b-4da4-95a0-60c287f0557d,104HT,supplement,0,0,1600392809799,0,0
plugin_ios_activity_recognition,"[""stationary""]",0,2,0,c050a6e9-7e5b-4da4-95a0-60c287f0557d,104HT,,0,1,1600392913615,0,0
plugin_ios_activity_recognition,,0,2,0,c050a6e9-7e5b-4da4-95a0-60c287f0557d,104HT,,0,0,1600392916165,0,0
plugin_ios_activity_recognition,"[""stationary""]",0,2,0,c050a6e9-7e5b-4da4-95a0-60c287f0557d,104HT,,0,1,1600392919686,0,0
plugin_ios_activity_recognition,,0,2,0,c050a6e9-7e5b-4da4-95a0-60c287f0557d,104HT,,0,0,1600392923220,0,0
plugin_ios_activity_recognition,"[""walking""]",0,1,0,c050a6e9-7e5b-4da4-95a0-60c287f0557d,104HT,,0,0,1600392970502,0,1
plugin_ios_activity_recognition,"[""walking""]",0,2,0,c050a6e9-7e5b-4da4-95a0-60c287f0557d,104HT,,0,0,1600392975653,0,1
plugin_ios_activity_recognition,"[""walking""]",0,2,0,c050a6e9-7e5b-4da4-95a0-60c287f0557d,104HT,,0,0,1600392989718,0,1
plugin_ios_activity_recognition,"[""stationary""]",0,2,0,c050a6e9-7e5b-4da4-95a0-60c287f0557d,104HT,,0,1,1600393013577,0,0
plugin_ios_activity_recognition,,0,2,0,c050a6e9-7e5b-4da4-95a0-60c287f0557d,104HT,,0,0,1600393075157,0,0
plugin_ios_activity_recognition,"[""stationary""]",0,2,0,c050a6e9-7e5b-4da4-95a0-60c287f0557d,104HT,,0,1,1600393097985,0,0
plugin_ios_activity_recognition,,0,2,0,c050a6e9-7e5b-4da4-95a0-60c287f0557d,104HT,,0,0,1600393098664,0,0
plugin_ios_activity_recognition,"[""walking""]",0,1,0,c050a6e9-7e5b-4da4-95a0-60c287f0557d,104HT,,0,0,1600393101243,0,1
plugin_ios_activity_recognition,"[""walking""]",0,2,0,c050a6e9-7e5b-4da4-95a0-60c287f0557d,104HT,,0,0,1600393103817,0,1
plugin_ios_activity_recognition,,0,2,0,c050a6e9-7e5b-4da4-95a0-60c287f0557d,104HT,,0,0,1600393155276,0,0
plugin_ios_activity_recognition,,0,2,0,c050a6e9-7e5b-4da4-95a0-60c287f0557d,104HT,,0,0,1600393170679,0,0
plugin_ios_activity_recognition,"[""stationary""]",0,2,0,c050a6e9-7e5b-4da4-95a0-60c287f0557d,104HT,,0,1,1600393184113,0,0
plugin_ios_activity_recognition,,0,2,0,c050a6e9-7e5b-4da4-95a0-60c287f0557d,104HT,,0,0,1600393186663,0,0
plugin_ios_activity_recognition,"[""walking""]",0,2,0,c050a6e9-7e5b-4da4-95a0-60c287f0557d,104HT,,0,0,1600393237582,0,1
plugin_ios_activity_recognition,,0,2,0,c050a6e9-7e5b-4da4-95a0-60c287f0557d,104HT,,0,0,1600393296832,0,0
plugin_ios_activity_recognition,,0,2,0,c050a6e9-7e5b-4da4-95a0-60c287f0557d,104HT,,0,0,1600393349716,0,0
plugin_ios_activity_recognition,,0,2,0,c050a6e9-7e5b-4da4-95a0-60c287f0557d,104HT,supplement,0,0,1600393529716,0,0
plugin_ios_activity_recognition,,0,2,0,c050a6e9-7e5b-4da4-95a0-60c287f0557d,104HT,,0,0,1600393529804,0,0
plugin_ios_activity_recognition,"[""stationary""]",0,2,0,c050a6e9-7e5b-4da4-95a0-60c287f0557d,104HT,,0,1,1600393579516,0,0
plugin_ios_activity_recognition,,0,2,0,c050a6e9-7e5b-4da4-95a0-60c287f0557d,104HT,,0,0,1600393580761,0,0
plugin_ios_activity_recognition,,0,2,0,c050a6e9-7e5b-4da4-95a0-60c287f0557d,104HT,,0,0,1600393709715,0,0
plugin_ios_activity_recognition,,0,2,0,c050a6e9-7e5b-4da4-95a0-60c287f0557d,104HT,supplement,0,0,1600393709716,0,0
plugin_ios_activity_recognition,,0,2,0,c050a6e9-7e5b-4da4-95a0-60c287f0557d,104HT,supplement,0,0,1600393889715,0,0
plugin_ios_activity_recognition,,0,2,0,c050a6e9-7e5b-4da4-95a0-60c287f0557d,104HT,,0,0,1600393889807,0,0
plugin_ios_activity_recognition,,0,2,0,c050a6e9-7e5b-4da4-95a0-60c287f0557d,104HT,supplement,0,0,1600394069715,0,0
plugin_ios_activity_recognition,,0,2,0,c050a6e9-7e5b-4da4-95a0-60c287f0557d,104HT,supplement,0,0,1600394069807,0,0
plugin_ios_activity_recognition,,0,2,0,c050a6e9-7e5b-4da4-95a0-60c287f0557d,104HT,,0,0,1600394070510,0,0
plugin_ios_activity_recognition,"[""stationary""]",0,2,0,c050a6e9-7e5b-4da4-95a0-60c287f0557d,104HT,,0,1,1600394134515,0,0
plugin_ios_activity_recognition,,0,2,0,c050a6e9-7e5b-4da4-95a0-60c287f0557d,104HT,,0,0,1600394137655,0,0
plugin_ios_activity_recognition,,0,2,0,c050a6e9-7e5b-4da4-95a0-60c287f0557d,104HT,,0,0,1600394249715,0,0
plugin_ios_activity_recognition,,0,2,0,c050a6e9-7e5b-4da4-95a0-60c287f0557d,104HT,supplement,0,0,1600394249807,0,0
plugin_ios_activity_recognition,,0,2,0,c050a6e9-7e5b-4da4-95a0-60c287f0557d,104HT,supplement,0,0,1600394429715,0,0
plugin_ios_activity_recognition,,0,2,0,c050a6e9-7e5b-4da4-95a0-60c287f0557d,104HT,,0,0,1600394429805,0,0
plugin_ios_activity_recognition,"[""stationary""]",0,2,0,c050a6e9-7e5b-4da4-95a0-60c287f0557d,104HT,,0,1,1600394508615,0,0
plugin_ios_activity_recognition,,0,2,0,c050a6e9-7e5b-4da4-95a0-60c287f0557d,104HT,,0,0,1600394518270,0,0
plugin_ios_activity_recognition,"[""stationary""]",0,2,0,c050a6e9-7e5b-4da4-95a0-60c287f0557d,104HT,,0,1,1600394525668,0,0
plugin_ios_activity_recognition,"[""stationary""]",0,2,0,c050a6e9-7e5b-4da4-95a0-60c287f0557d,104HT,,0,1,1600394609711,0,0
plugin_ios_activity_recognition,,0,2,0,c050a6e9-7e5b-4da4-95a0-60c287f0557d,104HT,supplement,0,0,1600394609715,0,0
plugin_ios_activity_recognition,,0,2,0,c050a6e9-7e5b-4da4-95a0-60c287f0557d,104HT,,0,0,1600394648070,0,0
plugin_ios_activity_recognition,"[""walking""]",0,2,0,c050a6e9-7e5b-4da4-95a0-60c287f0557d,104HT,,0,0,1600394678979,0,1
plugin_ios_activity_recognition,"[""stationary""]",0,2,0,c050a6e9-7e5b-4da4-95a0-60c287f0557d,104HT,,0,1,1600394744917,0,0
plugin_ios_activity_recognition,"[""stationary""]",0,2,0,c050a6e9-7e5b-4da4-95a0-60c287f0557d,104HT,,0,1,1600394789794,0,0
plugin_ios_activity_recognition,"[""stationary""]",0,2,0,c050a6e9-7e5b-4da4-95a0-60c287f0557d,104HT,supplement,0,1,1600394969794,0,0
plugin_ios_activity_recognition,"[""stationary""]",0,2,0,c050a6e9-7e5b-4da4-95a0-60c287f0557d,104HT,,0,1,1600394970494,0,0
plugin_ios_activity_recognition,"[""stationary""]",0,2,0,c050a6e9-7e5b-4da4-95a0-60c287f0557d,104HT,,0,1,1600395149793,0,0
plugin_ios_activity_recognition,"[""stationary""]",0,2,0,c050a6e9-7e5b-4da4-95a0-60c287f0557d,104HT,supplement,0,1,1600395149794,0,0
plugin_ios_activity_recognition,"[""stationary""]",0,2,0,c050a6e9-7e5b-4da4-95a0-60c287f0557d,104HT,,0,1,1600395329793,0,0
plugin_ios_activity_recognition,"[""stationary""]",0,2,0,c050a6e9-7e5b-4da4-95a0-60c287f0557d,104HT,,0,1,1600395509708,0,0
plugin_ios_activity_recognition,,0,2,0,c050a6e9-7e5b-4da4-95a0-60c287f0557d,104HT,,0,0,1600395531050,0,0
plugin_ios_activity_recognition,"[""walking""]",0,2,0,c050a6e9-7e5b-4da4-95a0-60c287f0557d,104HT,,0,0,1600395562961,0,1
plugin_ios_activity_recognition,"[""stationary""]",0,2,0,c050a6e9-7e5b-4da4-95a0-60c287f0557d,104HT,,0,1,1600395588012,0,0
plugin_ios_activity_recognition,"[""stationary""]",0,2,0,c050a6e9-7e5b-4da4-95a0-60c287f0557d,104HT,,0,1,1600395689709,0,0
plugin_ios_activity_recognition,,0,2,0,c050a6e9-7e5b-4da4-95a0-60c287f0557d,104HT,,0,0,1600395798610,0,0
plugin_ios_activity_recognition,,0,2,0,c050a6e9-7e5b-4da4-95a0-60c287f0557d,104HT,,0,0,1600395870689,0,0
plugin_ios_activity_recognition,"[""walking""]",0,2,0,c050a6e9-7e5b-4da4-95a0-60c287f0557d,104HT,,0,0,1600395962499,0,1
plugin_ios_activity_recognition,"[""walking""]",0,2,0,c050a6e9-7e5b-4da4-95a0-60c287f0557d,104HT,,0,0,1600396049798,0,1
plugin_ios_activity_recognition,,0,2,0,c050a6e9-7e5b-4da4-95a0-60c287f0557d,104HT,,0,0,1600396060188,0,0
plugin_ios_activity_recognition,"[""walking""]",0,1,0,c050a6e9-7e5b-4da4-95a0-60c287f0557d,104HT,,0,0,1600396093680,0,1
plugin_ios_activity_recognition,"[""walking""]",0,2,0,c050a6e9-7e5b-4da4-95a0-60c287f0557d,104HT,,0,0,1600396121998,0,1
plugin_ios_activity_recognition,"[""stationary""]",0,2,0,c050a6e9-7e5b-4da4-95a0-60c287f0557d,104HT,,0,1,1600396202076,0,0
plugin_ios_activity_recognition,"[""walking""]",0,2,0,c050a6e9-7e5b-4da4-95a0-60c287f0557d,104HT,,0,0,1600396204647,0,1
plugin_ios_activity_recognition,"[""stationary""]",0,2,0,c050a6e9-7e5b-4da4-95a0-60c287f0557d,104HT,,0,1,1600396210093,0,0
plugin_ios_activity_recognition,"[""stationary""]",0,2,0,c050a6e9-7e5b-4da4-95a0-60c287f0557d,104HT,,0,1,1600396229793,0,0
plugin_ios_activity_recognition,,0,2,0,c050a6e9-7e5b-4da4-95a0-60c287f0557d,104HT,,0,0,1600396229913,0,0
plugin_ios_activity_recognition,,0,2,0,c050a6e9-7e5b-4da4-95a0-60c287f0557d,104HT,,0,0,1600396409704,0,0
plugin_ios_activity_recognition,"[""walking""]",0,1,0,c050a6e9-7e5b-4da4-95a0-60c287f0557d,104HT,,0,0,1600396515800,0,1
plugin_ios_activity_recognition,"[""walking""]",0,2,0,c050a6e9-7e5b-4da4-95a0-60c287f0557d,104HT,,0,0,1600396521549,0,1
plugin_ios_activity_recognition,"[""stationary""]",0,2,0,c050a6e9-7e5b-4da4-95a0-60c287f0557d,104HT,,0,1,1600396571780,0,0
plugin_ios_activity_recognition,,0,2,0,c050a6e9-7e5b-4da4-95a0-60c287f0557d,104HT,,0,0,1600396577255,0,0
plugin_ios_activity_recognition,,0,2,0,c050a6e9-7e5b-4da4-95a0-60c287f0557d,104HT,,0,0,1600396589790,0,0
plugin_ios_activity_recognition,,0,2,0,c050a6e9-7e5b-4da4-95a0-60c287f0557d,104HT,supplement,0,0,1600396769790,0,0
plugin_ios_activity_recognition,,0,2,0,c050a6e9-7e5b-4da4-95a0-60c287f0557d,104HT,,0,0,1600396770961,0,0
plugin_ios_activity_recognition,"[""stationary""]",0,2,0,c050a6e9-7e5b-4da4-95a0-60c287f0557d,104HT,,0,1,1600396885726,0,0
plugin_ios_activity_recognition,,0,2,0,c050a6e9-7e5b-4da4-95a0-60c287f0557d,104HT,,0,0,1600396887014,0,0
plugin_ios_activity_recognition,,0,2,0,c050a6e9-7e5b-4da4-95a0-60c287f0557d,104HT,,0,0,1600396949708,0,0
plugin_ios_activity_recognition,,0,2,0,c050a6e9-7e5b-4da4-95a0-60c287f0557d,104HT,supplement,0,0,1600396949790,0,0
plugin_ios_activity_recognition,,0,2,0,c050a6e9-7e5b-4da4-95a0-60c287f0557d,104HT,supplement,0,0,1600397129708,0,0
plugin_ios_activity_recognition,,0,2,0,c050a6e9-7e5b-4da4-95a0-60c287f0557d,104HT,,0,0,1600397129801,0,0
plugin_ios_activity_recognition,,0,2,0,c050a6e9-7e5b-4da4-95a0-60c287f0557d,104HT,supplement,0,0,1600397309708,0,0
plugin_ios_activity_recognition,,0,2,0,c050a6e9-7e5b-4da4-95a0-60c287f0557d,104HT,,0,0,1600397309797,0,0
plugin_ios_activity_recognition,,0,2,0,c050a6e9-7e5b-4da4-95a0-60c287f0557d,104HT,,0,0,1600397489795,0,0
plugin_ios_activity_recognition,,0,2,0,c050a6e9-7e5b-4da4-95a0-60c287f0557d,104HT,supplement,0,0,1600397669795,0,0
plugin_ios_activity_recognition,,0,2,0,c050a6e9-7e5b-4da4-95a0-60c287f0557d,104HT,,0,0,1600397671054,0,0
plugin_ios_activity_recognition,"[""stationary""]",0,2,0,c050a6e9-7e5b-4da4-95a0-60c287f0557d,104HT,,0,1,1600397818843,0,0
plugin_ios_activity_recognition,"[""stationary""]",0,2,0,c050a6e9-7e5b-4da4-95a0-60c287f0557d,104HT,,0,1,1600397849706,0,0
plugin_ios_activity_recognition,,0,2,0,c050a6e9-7e5b-4da4-95a0-60c287f0557d,104HT,supplement,0,0,1600397849795,0,0
plugin_ios_activity_recognition,,0,2,0,c050a6e9-7e5b-4da4-95a0-60c287f0557d,104HT,,0,0,1600397916614,0,0
plugin_ios_activity_recognition,"[""walking""]",0,1,0,c050a6e9-7e5b-4da4-95a0-60c287f0557d,104HT,,0,0,1600397921162,0,1
plugin_ios_activity_recognition,"[""walking""]",0,2,0,c050a6e9-7e5b-4da4-95a0-60c287f0557d,104HT,,0,0,1600397931464,0,1
plugin_ios_activity_recognition,,0,2,0,c050a6e9-7e5b-4da4-95a0-60c287f0557d,104HT,,0,0,1600397982855,0,0
plugin_ios_activity_recognition,,0,2,0,c050a6e9-7e5b-4da4-95a0-60c287f0557d,104HT,,0,0,1600398029803,0,0
plugin_ios_activity_recognition,,0,2,0,c050a6e9-7e5b-4da4-95a0-60c287f0557d,104HT,,0,0,1600398209707,0,0
plugin_ios_activity_recognition,"[""stationary""]",0,2,0,c050a6e9-7e5b-4da4-95a0-60c287f0557d,104HT,,0,1,1600398239944,0,0
plugin_ios_activity_recognition,,0,2,0,c050a6e9-7e5b-4da4-95a0-60c287f0557d,104HT,,0,0,1600398242136,0,0
plugin_ios_activity_recognition,,0,2,0,c050a6e9-7e5b-4da4-95a0-60c287f0557d,104HT,,0,0,1600398389790,0,0
plugin_ios_activity_recognition,"[""stationary""]",0,2,0,c050a6e9-7e5b-4da4-95a0-60c287f0557d,104HT,,0,1,1600398487432,0,0
plugin_ios_activity_recognition,,0,2,0,c050a6e9-7e5b-4da4-95a0-60c287f0557d,104HT,,0,0,1600398504975,0,0
plugin_ios_activity_recognition,,0,2,0,c050a6e9-7e5b-4da4-95a0-60c287f0557d,104HT,,0,0,1600398571088,0,0
plugin_ios_activity_recognition,,0,2,0,c050a6e9-7e5b-4da4-95a0-60c287f0557d,104HT,,0,0,1600398749791,0,0
plugin_ios_activity_recognition,"[""stationary""]",0,2,0,c050a6e9-7e5b-4da4-95a0-60c287f0557d,104HT,,0,1,1600398840592,0,0
plugin_ios_activity_recognition,,0,2,0,c050a6e9-7e5b-4da4-95a0-60c287f0557d,104HT,,0,0,1600398841271,0,0
plugin_ios_activity_recognition,,0,2,0,c050a6e9-7e5b-4da4-95a0-60c287f0557d,104HT,,0,0,1600398929801,0,0
plugin_ios_activity_recognition,"[""stationary""]",0,2,0,c050a6e9-7e5b-4da4-95a0-60c287f0557d,104HT,,0,1,1600398999673,0,0
plugin_ios_activity_recognition,,0,2,0,c050a6e9-7e5b-4da4-95a0-60c287f0557d,104HT,,0,0,1600399003827,0,0
plugin_ios_activity_recognition,"[""stationary""]",0,2,0,c050a6e9-7e5b-4da4-95a0-60c287f0557d,104HT,,0,1,1600399047805,0,0
plugin_ios_activity_recognition,,0,2,0,c050a6e9-7e5b-4da4-95a0-60c287f0557d,104HT,,0,0,1600399052596,0,0
plugin_ios_activity_recognition,"[""stationary""]",0,2,0,c050a6e9-7e5b-4da4-95a0-60c287f0557d,104HT,,0,1,1600399061919,0,0
plugin_ios_activity_recognition,,0,2,0,c050a6e9-7e5b-4da4-95a0-60c287f0557d,104HT,,0,0,1600399064749,0,0
plugin_ios_activity_recognition,"[""stationary""]",0,2,0,c050a6e9-7e5b-4da4-95a0-60c287f0557d,104HT,,0,1,1600399105213,0,0
plugin_ios_activity_recognition,,0,2,0,c050a6e9-7e5b-4da4-95a0-60c287f0557d,104HT,,0,0,1600399105847,0,0
plugin_ios_activity_recognition,,0,2,0,c050a6e9-7e5b-4da4-95a0-60c287f0557d,104HT,,0,0,1600399109705,0,0
plugin_ios_activity_recognition,"[""stationary""]",0,2,0,c050a6e9-7e5b-4da4-95a0-60c287f0557d,104HT,,0,1,1600399206229,0,0
plugin_ios_activity_recognition,,0,2,0,c050a6e9-7e5b-4da4-95a0-60c287f0557d,104HT,,0,0,1600399207837,0,0
plugin_ios_activity_recognition,"[""stationary""]",0,2,0,c050a6e9-7e5b-4da4-95a0-60c287f0557d,104HT,,0,1,1600399266847,0,0
plugin_ios_activity_recognition,,0,2,0,c050a6e9-7e5b-4da4-95a0-60c287f0557d,104HT,,0,0,1600399269391,0,0
plugin_ios_activity_recognition,,0,2,0,c050a6e9-7e5b-4da4-95a0-60c287f0557d,104HT,,0,0,1600399289705,0,0
plugin_ios_activity_recognition,"[""stationary""]",0,2,0,c050a6e9-7e5b-4da4-95a0-60c287f0557d,104HT,,0,1,1600399335167,0,0
plugin_ios_activity_recognition,,0,2,0,c050a6e9-7e5b-4da4-95a0-60c287f0557d,104HT,,0,0,1600399335799,0,0
plugin_ios_activity_recognition,"[""stationary""]",0,2,0,c050a6e9-7e5b-4da4-95a0-60c287f0557d,104HT,,0,1,1600399366629,0,0
plugin_ios_activity_recognition,,0,2,0,c050a6e9-7e5b-4da4-95a0-60c287f0557d,104HT,,0,0,1600399370770,0,0
plugin_ios_activity_recognition,"[""stationary""]",0,2,0,c050a6e9-7e5b-4da4-95a0-60c287f0557d,104HT,,0,1,1600399423303,0,0
plugin_ios_activity_recognition,,0,2,0,c050a6e9-7e5b-4da4-95a0-60c287f0557d,104HT,,0,0,1600399423939,0,0
plugin_ios_activity_recognition,,0,2,0,c050a6e9-7e5b-4da4-95a0-60c287f0557d,104HT,,0,0,1600399471170,0,0
plugin_ios_activity_recognition,"[""stationary""]",0,2,0,c050a6e9-7e5b-4da4-95a0-60c287f0557d,104HT,,0,1,1600399476581,0,0
plugin_ios_activity_recognition,,0,2,0,c050a6e9-7e5b-4da4-95a0-60c287f0557d,104HT,,0,0,1600399478492,0,0
plugin_ios_activity_recognition,"[""stationary""]",0,2,0,c050a6e9-7e5b-4da4-95a0-60c287f0557d,104HT,,0,1,1600399550376,0,0
plugin_ios_activity_recognition,,0,2,0,c050a6e9-7e5b-4da4-95a0-60c287f0557d,104HT,,0,0,1600399560247,0,0
plugin_ios_activity_recognition,,0,2,0,c050a6e9-7e5b-4da4-95a0-60c287f0557d,104HT,,0,0,1600399649702,0,0
plugin_ios_activity_recognition,"[""stationary""]",0,2,0,c050a6e9-7e5b-4da4-95a0-60c287f0557d,104HT,,0,1,1600399773601,0,0
plugin_ios_activity_recognition,,0,2,0,c050a6e9-7e5b-4da4-95a0-60c287f0557d,104HT,,0,0,1600399779032,0,0
plugin_ios_activity_recognition,,0,2,0,c050a6e9-7e5b-4da4-95a0-60c287f0557d,104HT,,0,0,1600399829795,0,0
plugin_ios_activity_recognition,"[""stationary""]",0,2,0,c050a6e9-7e5b-4da4-95a0-60c287f0557d,104HT,,0,1,1600399852717,0,0
plugin_ios_activity_recognition,,0,2,0,c050a6e9-7e5b-4da4-95a0-60c287f0557d,104HT,,0,0,1600399868676,0,0
plugin_ios_activity_recognition,"[""stationary""]",0,2,0,c050a6e9-7e5b-4da4-95a0-60c287f0557d,104HT,,0,1,1600399983045,0,0
plugin_ios_activity_recognition,"[""stationary""]",0,2,0,c050a6e9-7e5b-4da4-95a0-60c287f0557d,104HT,,0,1,1600400009698,0,0
plugin_ios_activity_recognition,"[""stationary""]",0,2,0,c050a6e9-7e5b-4da4-95a0-60c287f0557d,104HT,supplement,0,1,1600400189698,0,0
plugin_ios_activity_recognition,"[""stationary""]",0,2,0,c050a6e9-7e5b-4da4-95a0-60c287f0557d,104HT,,0,1,1600400189780,0,0
plugin_ios_activity_recognition,"[""stationary""]",0,2,0,c050a6e9-7e5b-4da4-95a0-60c287f0557d,104HT,supplement,0,1,1600400369698,0,0
plugin_ios_activity_recognition,"[""stationary""]",0,2,0,c050a6e9-7e5b-4da4-95a0-60c287f0557d,104HT,supplement,0,1,1600400369780,0,0
plugin_ios_activity_recognition,"[""stationary""]",0,2,0,c050a6e9-7e5b-4da4-95a0-60c287f0557d,104HT,,0,1,1600400370441,0,0
plugin_ios_activity_recognition,"[""stationary""]",0,2,0,c050a6e9-7e5b-4da4-95a0-60c287f0557d,104HT,,0,1,1600400549693,0,0
plugin_ios_activity_recognition,"[""stationary""]",0,2,0,c050a6e9-7e5b-4da4-95a0-60c287f0557d,104HT,supplement,0,1,1600400549780,0,0
plugin_ios_activity_recognition,"[""stationary""]",0,2,0,c050a6e9-7e5b-4da4-95a0-60c287f0557d,104HT,supplement,0,1,1600400729693,0,0
plugin_ios_activity_recognition,"[""stationary""]",0,2,0,c050a6e9-7e5b-4da4-95a0-60c287f0557d,104HT,,0,1,1600400729694,0,0
plugin_ios_activity_recognition,,0,2,0,c050a6e9-7e5b-4da4-95a0-60c287f0557d,104HT,,0,0,1600400826978,0,0
plugin_ios_activity_recognition,"[""stationary""]",0,2,0,c050a6e9-7e5b-4da4-95a0-60c287f0557d,104HT,,0,1,1600400831140,0,0
plugin_ios_activity_recognition,"[""stationary""]",0,2,0,c050a6e9-7e5b-4da4-95a0-60c287f0557d,104HT,supplement,0,1,1600400909693,0,0
plugin_ios_activity_recognition,"[""stationary""]",0,2,0,c050a6e9-7e5b-4da4-95a0-60c287f0557d,104HT,,0,1,1600400909694,0,0
plugin_ios_activity_recognition,,0,2,0,c050a6e9-7e5b-4da4-95a0-60c287f0557d,104HT,,0,0,1600400926293,0,0
plugin_ios_activity_recognition,"[""walking""]",0,1,0,c050a6e9-7e5b-4da4-95a0-60c287f0557d,104HT,,0,0,1600400930204,0,1
plugin_ios_activity_recognition,"[""walking""]",0,2,0,c050a6e9-7e5b-4da4-95a0-60c287f0557d,104HT,,0,0,1600400935354,0,1
plugin_ios_activity_recognition,,0,2,0,c050a6e9-7e5b-4da4-95a0-60c287f0557d,104HT,,0,0,1600400987224,0,0
plugin_ios_activity_recognition,,0,2,0,c050a6e9-7e5b-4da4-95a0-60c287f0557d,104HT,,0,0,1600401089788,0,0
plugin_ios_activity_recognition,"[""stationary""]",0,2,0,c050a6e9-7e5b-4da4-95a0-60c287f0557d,104HT,,0,1,1600401103573,0,0
plugin_ios_activity_recognition,,0,2,0,c050a6e9-7e5b-4da4-95a0-60c287f0557d,104HT,,0,0,1600401126540,0,0
plugin_ios_activity_recognition,"[""walking""]",0,1,0,c050a6e9-7e5b-4da4-95a0-60c287f0557d,104HT,,0,0,1600401133024,0,1
plugin_ios_activity_recognition,"[""walking""]",0,2,0,c050a6e9-7e5b-4da4-95a0-60c287f0557d,104HT,,0,0,1600401149067,0,1
plugin_ios_activity_recognition,,0,2,0,c050a6e9-7e5b-4da4-95a0-60c287f0557d,104HT,,0,0,1600401199960,0,0
plugin_ios_activity_recognition,"[""stationary""]",0,2,0,c050a6e9-7e5b-4da4-95a0-60c287f0557d,104HT,,0,1,1600401254645,0,0
plugin_ios_activity_recognition,,0,2,0,c050a6e9-7e5b-4da4-95a0-60c287f0557d,104HT,,0,0,1600401264541,0,0
plugin_ios_activity_recognition,,0,2,0,c050a6e9-7e5b-4da4-95a0-60c287f0557d,104HT,,0,0,1600401270463,0,0
plugin_ios_activity_recognition,"[""stationary""]",0,2,0,c050a6e9-7e5b-4da4-95a0-60c287f0557d,104HT,,0,1,1600401271274,0,0
plugin_ios_activity_recognition,,0,2,0,c050a6e9-7e5b-4da4-95a0-60c287f0557d,104HT,,0,0,1600401277653,0,0
plugin_ios_activity_recognition,"[""stationary""]",0,2,0,c050a6e9-7e5b-4da4-95a0-60c287f0557d,104HT,,0,1,1600401337353,0,0
plugin_ios_activity_recognition,,0,2,0,c050a6e9-7e5b-4da4-95a0-60c287f0557d,104HT,,0,0,1600401357818,0,0
plugin_ios_activity_recognition,"[""stationary""]",0,2,0,c050a6e9-7e5b-4da4-95a0-60c287f0557d,104HT,,0,1,1600401375445,0,0
plugin_ios_activity_recognition,,0,2,0,c050a6e9-7e5b-4da4-95a0-60c287f0557d,104HT,,0,0,1600401386006,0,0
plugin_ios_activity_recognition,"[""stationary""]",0,2,0,c050a6e9-7e5b-4da4-95a0-60c287f0557d,104HT,,0,1,1600401392725,0,0
plugin_ios_activity_recognition,,0,2,0,c050a6e9-7e5b-4da4-95a0-60c287f0557d,104HT,,0,0,1600401394013,0,0
plugin_ios_activity_recognition,"[""stationary""]",0,2,0,c050a6e9-7e5b-4da4-95a0-60c287f0557d,104HT,,0,1,1600401414223,0,0
plugin_ios_activity_recognition,,0,2,0,c050a6e9-7e5b-4da4-95a0-60c287f0557d,104HT,,0,0,1600401421261,0,0
plugin_ios_activity_recognition,"[""stationary""]",0,2,0,c050a6e9-7e5b-4da4-95a0-60c287f0557d,104HT,,0,1,1600401438298,0,0
plugin_ios_activity_recognition,,0,2,0,c050a6e9-7e5b-4da4-95a0-60c287f0557d,104HT,,0,0,1600401440860,0,0
plugin_ios_activity_recognition,,0,2,0,c050a6e9-7e5b-4da4-95a0-60c287f0557d,104HT,,0,0,1600401449774,0,0
plugin_ios_activity_recognition,"[""stationary""]",0,2,0,c050a6e9-7e5b-4da4-95a0-60c287f0557d,104HT,,0,1,1600401451133,0,0
plugin_ios_activity_recognition,,0,2,0,c050a6e9-7e5b-4da4-95a0-60c287f0557d,104HT,,0,0,1600401453318,0,0
plugin_ios_activity_recognition,"[""stationary""]",0,2,0,c050a6e9-7e5b-4da4-95a0-60c287f0557d,104HT,,0,1,1600401460053,0,0
plugin_ios_activity_recognition,,0,2,0,c050a6e9-7e5b-4da4-95a0-60c287f0557d,104HT,,0,0,1600401462285,0,0
plugin_ios_activity_recognition,"[""stationary""]",0,2,0,c050a6e9-7e5b-4da4-95a0-60c287f0557d,104HT,,0,1,1600401471607,0,0
plugin_ios_activity_recognition,,0,2,0,c050a6e9-7e5b-4da4-95a0-60c287f0557d,104HT,,0,0,1600401480207,0,0
plugin_ios_activity_recognition,"[""stationary""]",0,2,0,c050a6e9-7e5b-4da4-95a0-60c287f0557d,104HT,,0,1,1600401490479,0,0
plugin_ios_activity_recognition,,0,2,0,c050a6e9-7e5b-4da4-95a0-60c287f0557d,104HT,,0,0,1600401514151,0,0
plugin_ios_activity_recognition,"[""walking""]",0,1,0,c050a6e9-7e5b-4da4-95a0-60c287f0557d,104HT,,0,0,1600401528041,0,1
plugin_ios_activity_recognition,"[""walking""]",0,2,0,c050a6e9-7e5b-4da4-95a0-60c287f0557d,104HT,,0,0,1600401538332,0,1
plugin_ios_activity_recognition,,0,2,0,c050a6e9-7e5b-4da4-95a0-60c287f0557d,104HT,,0,0,1600401597501,0,0
plugin_ios_activity_recognition,"[""walking""]",0,1,0,c050a6e9-7e5b-4da4-95a0-60c287f0557d,104HT,,0,0,1600401602653,0,1
plugin_ios_activity_recognition,"[""walking""]",0,2,0,c050a6e9-7e5b-4da4-95a0-60c287f0557d,104HT,,0,0,1600401610283,0,1
plugin_ios_activity_recognition,"[""stationary""]",0,2,0,c050a6e9-7e5b-4da4-95a0-60c287f0557d,104HT,,0,1,1600401626629,0,0
plugin_ios_activity_recognition,"[""walking""]",0,2,0,c050a6e9-7e5b-4da4-95a0-60c287f0557d,104HT,,0,0,1600401629522,0,1
plugin_ios_activity_recognition,"[""walking""]",0,2,0,c050a6e9-7e5b-4da4-95a0-60c287f0557d,104HT,,0,0,1600401629773,0,1
plugin_ios_activity_recognition,"[""stationary""]",0,2,0,c050a6e9-7e5b-4da4-95a0-60c287f0557d,104HT,,0,1,1600401651689,0,0
plugin_ios_activity_recognition,"[""walking""]",0,2,0,c050a6e9-7e5b-4da4-95a0-60c287f0557d,104HT,,0,0,1600401652647,0,1
plugin_ios_activity_recognition,,0,2,0,c050a6e9-7e5b-4da4-95a0-60c287f0557d,104HT,,0,0,1600401661652,0,0
plugin_ios_activity_recognition,"[""stationary""]",0,2,0,c050a6e9-7e5b-4da4-95a0-60c287f0557d,104HT,,0,1,1600401669643,0,0
plugin_ios_activity_recognition,,0,2,0,c050a6e9-7e5b-4da4-95a0-60c287f0557d,104HT,,0,0,1600401673810,0,0
plugin_ios_activity_recognition,"[""stationary""]",0,2,0,c050a6e9-7e5b-4da4-95a0-60c287f0557d,104HT,,0,1,1600401726454,0,0
plugin_ios_activity_recognition,,0,2,0,c050a6e9-7e5b-4da4-95a0-60c287f0557d,104HT,,0,0,1600401729324,0,0
plugin_ios_activity_recognition,"[""stationary""]",0,2,0,c050a6e9-7e5b-4da4-95a0-60c287f0557d,104HT,,0,1,1600401748262,0,0
plugin_ios_activity_recognition,,0,2,0,c050a6e9-7e5b-4da4-95a0-60c287f0557d,104HT,,0,0,1600401751784,0,0
plugin_ios_activity_recognition,"[""stationary""]",0,2,0,c050a6e9-7e5b-4da4-95a0-60c287f0557d,104HT,,0,1,1600401760441,0,0
plugin_ios_activity_recognition,,0,2,0,c050a6e9-7e5b-4da4-95a0-60c287f0557d,104HT,,0,0,1600401763305,0,0
plugin_ios_activity_recognition,"[""stationary""]",0,2,0,c050a6e9-7e5b-4da4-95a0-60c287f0557d,104HT,,0,1,1600401801584,0,0
plugin_ios_activity_recognition,,0,2,0,c050a6e9-7e5b-4da4-95a0-60c287f0557d,104HT,,0,0,1600401801899,0,0
plugin_ios_activity_recognition,,0,2,0,c050a6e9-7e5b-4da4-95a0-60c287f0557d,104HT,,0,0,1600401809690,0,0
plugin_ios_activity_recognition,"[""stationary""]",0,2,0,c050a6e9-7e5b-4da4-95a0-60c287f0557d,104HT,,0,1,1600401859438,0,0
plugin_ios_activity_recognition,,0,2,0,c050a6e9-7e5b-4da4-95a0-60c287f0557d,104HT,,0,0,1600401866423,0,0
plugin_ios_activity_recognition,"[""stationary""]",0,2,0,c050a6e9-7e5b-4da4-95a0-60c287f0557d,104HT,,0,1,1600401904314,0,0
plugin_ios_activity_recognition,,0,2,0,c050a6e9-7e5b-4da4-95a0-60c287f0557d,104HT,,0,0,1600401910724,0,0
plugin_ios_activity_recognition,"[""stationary""]",0,2,0,c050a6e9-7e5b-4da4-95a0-60c287f0557d,104HT,,0,1,1600401921583,0,0
plugin_ios_activity_recognition,,0,2,0,c050a6e9-7e5b-4da4-95a0-60c287f0557d,104HT,,0,0,1600401923817,0,0
plugin_ios_activity_recognition,"[""stationary""]",0,2,0,c050a6e9-7e5b-4da4-95a0-60c287f0557d,104HT,,0,1,1600401943383,0,0
plugin_ios_activity_recognition,,0,2,0,c050a6e9-7e5b-4da4-95a0-60c287f0557d,104HT,,0,0,1600401954275,0,0
plugin_ios_activity_recognition,,0,2,0,c050a6e9-7e5b-4da4-95a0-60c287f0557d,104HT,,0,0,1600401989690,0,0
plugin_ios_activity_recognition,"[""stationary""]",0,2,0,c050a6e9-7e5b-4da4-95a0-60c287f0557d,104HT,,0,1,1600402059875,0,0
plugin_ios_activity_recognition,,0,2,0,c050a6e9-7e5b-4da4-95a0-60c287f0557d,104HT,,0,0,1600402061469,0,0
plugin_ios_activity_recognition,"[""stationary""]",0,2,0,c050a6e9-7e5b-4da4-95a0-60c287f0557d,104HT,,0,1,1600402083331,0,0
plugin_ios_activity_recognition,,0,2,0,c050a6e9-7e5b-4da4-95a0-60c287f0557d,104HT,,0,0,1600402084914,0,0
plugin_ios_activity_recognition,"[""stationary""]",0,2,0,c050a6e9-7e5b-4da4-95a0-60c287f0557d,104HT,,0,1,1600402101317,0,0
plugin_ios_activity_recognition,,0,2,0,c050a6e9-7e5b-4da4-95a0-60c287f0557d,104HT,,0,0,1600402105482,0,0
plugin_ios_activity_recognition,"[""stationary""]",0,2,0,c050a6e9-7e5b-4da4-95a0-60c287f0557d,104HT,,0,1,1600402116133,0,0
plugin_ios_activity_recognition,,0,2,0,c050a6e9-7e5b-4da4-95a0-60c287f0557d,104HT,,0,0,1600402122176,0,0
plugin_ios_activity_recognition,"[""stationary""]",0,2,0,c050a6e9-7e5b-4da4-95a0-60c287f0557d,104HT,,0,1,1600402157856,0,0
plugin_ios_activity_recognition,,0,2,0,c050a6e9-7e5b-4da4-95a0-60c287f0557d,104HT,,0,0,1600402158811,0,0
plugin_ios_activity_recognition,"[""stationary""]",0,2,0,c050a6e9-7e5b-4da4-95a0-60c287f0557d,104HT,,0,1,1600402166186,0,0
plugin_ios_activity_recognition,"[""stationary""]",0,2,0,c050a6e9-7e5b-4da4-95a0-60c287f0557d,104HT,,0,1,1600402170520,0,0
plugin_ios_activity_recognition,,0,2,0,c050a6e9-7e5b-4da4-95a0-60c287f0557d,104HT,,0,0,1600402200710,0,0
plugin_ios_activity_recognition,"[""stationary""]",0,2,0,c050a6e9-7e5b-4da4-95a0-60c287f0557d,104HT,,0,1,1600402219919,0,0
plugin_ios_activity_recognition,,0,2,0,c050a6e9-7e5b-4da4-95a0-60c287f0557d,104HT,,0,0,1600402223129,0,0
plugin_ios_activity_recognition,"[""stationary""]",0,2,0,c050a6e9-7e5b-4da4-95a0-60c287f0557d,104HT,,0,1,1600402277138,0,0
plugin_ios_activity_recognition,,0,2,0,c050a6e9-7e5b-4da4-95a0-60c287f0557d,104HT,,0,0,1600402282244,0,0
plugin_ios_activity_recognition,"[""stationary""]",0,2,0,c050a6e9-7e5b-4da4-95a0-60c287f0557d,104HT,,0,1,1600402301797,0,0
plugin_ios_activity_recognition,,0,2,0,c050a6e9-7e5b-4da4-95a0-60c287f0557d,104HT,,0,0,1600402305311,0,0
plugin_ios_activity_recognition,"[""stationary""]",0,2,0,c050a6e9-7e5b-4da4-95a0-60c287f0557d,104HT,,0,1,1600402325517,0,0
plugin_ios_activity_recognition,,0,2,0,c050a6e9-7e5b-4da4-95a0-60c287f0557d,104HT,,0,0,1600402327751,0,0
plugin_ios_activity_recognition,"[""stationary""]",0,2,0,c050a6e9-7e5b-4da4-95a0-60c287f0557d,104HT,,0,1,1600402335741,0,0
plugin_ios_activity_recognition,,0,2,0,c050a6e9-7e5b-4da4-95a0-60c287f0557d,104HT,,0,0,1600402336741,0,0
plugin_ios_activity_recognition,"[""stationary""]",0,2,0,c050a6e9-7e5b-4da4-95a0-60c287f0557d,104HT,,0,1,1600402342466,0,0
plugin_ios_activity_recognition,"[""stationary""]",0,2,0,c050a6e9-7e5b-4da4-95a0-60c287f0557d,104HT,,0,1,1600402349775,0,0
plugin_ios_activity_recognition,,0,2,0,c050a6e9-7e5b-4da4-95a0-60c287f0557d,104HT,,0,0,1600402352986,0,0
plugin_ios_activity_recognition,"[""stationary""]",0,2,0,c050a6e9-7e5b-4da4-95a0-60c287f0557d,104HT,,0,1,1600402388335,0,0
plugin_ios_activity_recognition,,0,2,0,c050a6e9-7e5b-4da4-95a0-60c287f0557d,104HT,,0,0,1600402392170,0,0
plugin_ios_activity_recognition,"[""stationary""]",0,2,0,c050a6e9-7e5b-4da4-95a0-60c287f0557d,104HT,,0,1,1600402396980,0,0
plugin_ios_activity_recognition,,0,2,0,c050a6e9-7e5b-4da4-95a0-60c287f0557d,104HT,,0,0,1600402404947,0,0
plugin_ios_activity_recognition,"[""stationary""]",0,2,0,c050a6e9-7e5b-4da4-95a0-60c287f0557d,104HT,,0,1,1600402417789,0,0
plugin_ios_activity_recognition,,0,2,0,c050a6e9-7e5b-4da4-95a0-60c287f0557d,104HT,,0,0,1600402418416,0,0
plugin_ios_activity_recognition,"[""stationary""]",0,2,0,c050a6e9-7e5b-4da4-95a0-60c287f0557d,104HT,,0,1,1600402496819,0,0
plugin_ios_activity_recognition,,0,2,0,c050a6e9-7e5b-4da4-95a0-60c287f0557d,104HT,,0,0,1600402516933,0,0
plugin_ios_activity_recognition,"[""stationary""]",0,2,0,c050a6e9-7e5b-4da4-95a0-60c287f0557d,104HT,,0,1,1600402523024,0,0
plugin_ios_activity_recognition,,0,2,0,c050a6e9-7e5b-4da4-95a0-60c287f0557d,104HT,,0,0,1600402528134,0,0
plugin_ios_activity_recognition,,0,2,0,c050a6e9-7e5b-4da4-95a0-60c287f0557d,104HT,,0,0,1600402529774,0,0
plugin_ios_activity_recognition,"[""stationary""]",0,2,0,c050a6e9-7e5b-4da4-95a0-60c287f0557d,104HT,,0,1,1600402532292,0,0
plugin_ios_activity_recognition,,0,2,0,c050a6e9-7e5b-4da4-95a0-60c287f0557d,104HT,,0,0,1600402546748,0,0
plugin_ios_activity_recognition,"[""stationary""]",0,2,0,c050a6e9-7e5b-4da4-95a0-60c287f0557d,104HT,,0,1,1600402550274,0,0
plugin_ios_activity_recognition,,0,2,0,c050a6e9-7e5b-4da4-95a0-60c287f0557d,104HT,,0,0,1600402552817,0,0
plugin_ios_activity_recognition,"[""stationary""]",0,2,0,c050a6e9-7e5b-4da4-95a0-60c287f0557d,104HT,,0,1,1600402562106,0,0
plugin_ios_activity_recognition,,0,2,0,c050a6e9-7e5b-4da4-95a0-60c287f0557d,104HT,,0,0,1600402608114,0,0
plugin_ios_activity_recognition,"[""stationary""]",0,2,0,c050a6e9-7e5b-4da4-95a0-60c287f0557d,104HT,,0,1,1600402614519,0,0
plugin_ios_activity_recognition,,0,2,0,c050a6e9-7e5b-4da4-95a0-60c287f0557d,104HT,,0,0,1600402621538,0,0
plugin_ios_activity_recognition,"[""stationary""]",0,2,0,c050a6e9-7e5b-4da4-95a0-60c287f0557d,104HT,,0,1,1600402625710,0,0
plugin_ios_activity_recognition,,0,2,0,c050a6e9-7e5b-4da4-95a0-60c287f0557d,104HT,,0,0,1600402633357,0,0
plugin_ios_activity_recognition,"[""stationary""]",0,2,0,c050a6e9-7e5b-4da4-95a0-60c287f0557d,104HT,,0,1,1600402648115,0,0
plugin_ios_activity_recognition,,0,2,0,c050a6e9-7e5b-4da4-95a0-60c287f0557d,104HT,,0,0,1600402650991,0,0
plugin_ios_activity_recognition,"[""stationary""]",0,2,0,c050a6e9-7e5b-4da4-95a0-60c287f0557d,104HT,,0,1,1600402654558,0,0
plugin_ios_activity_recognition,,0,2,0,c050a6e9-7e5b-4da4-95a0-60c287f0557d,104HT,,0,0,1600402656126,0,0
plugin_ios_activity_recognition,"[""stationary""]",0,2,0,c050a6e9-7e5b-4da4-95a0-60c287f0557d,104HT,,0,1,1600402661891,0,0
plugin_ios_activity_recognition,,0,2,0,c050a6e9-7e5b-4da4-95a0-60c287f0557d,104HT,,0,0,1600402700219,0,0
plugin_ios_activity_recognition,"[""stationary""]",0,2,0,c050a6e9-7e5b-4da4-95a0-60c287f0557d,104HT,,0,1,1600402706614,0,0
plugin_ios_activity_recognition,,0,2,0,c050a6e9-7e5b-4da4-95a0-60c287f0557d,104HT,,0,0,1600402708852,0,0
plugin_ios_activity_recognition,,0,2,0,c050a6e9-7e5b-4da4-95a0-60c287f0557d,104HT,,0,0,1600402709691,0,0
plugin_ios_activity_recognition,"[""stationary""]",0,2,0,c050a6e9-7e5b-4da4-95a0-60c287f0557d,104HT,,0,1,1600402715272,0,0
plugin_ios_activity_recognition,,0,2,0,c050a6e9-7e5b-4da4-95a0-60c287f0557d,104HT,,0,0,1600402864748,0,0
plugin_ios_activity_recognition,"[""walking""]",0,1,0,c050a6e9-7e5b-4da4-95a0-60c287f0557d,104HT,,0,0,1600402869304,0,1
plugin_ios_activity_recognition,"[""walking""]",0,2,0,c050a6e9-7e5b-4da4-95a0-60c287f0557d,104HT,,0,0,1600402871879,0,1
plugin_ios_activity_recognition,"[""walking""]",0,2,0,c050a6e9-7e5b-4da4-95a0-60c287f0557d,104HT,,0,0,1600402889775,0,1
plugin_ios_activity_recognition,,0,2,0,c050a6e9-7e5b-4da4-95a0-60c287f0557d,104HT,,0,0,1600402923446,0,0
plugin_ios_activity_recognition,"[""stationary""]",0,2,0,c050a6e9-7e5b-4da4-95a0-60c287f0557d,104HT,,0,1,1600402956408,0,0
plugin_ios_activity_recognition,,0,2,0,c050a6e9-7e5b-4da4-95a0-60c287f0557d,104HT,,0,0,1600402966273,0,0
plugin_ios_activity_recognition,"[""stationary""]",0,2,0,c050a6e9-7e5b-4da4-95a0-60c287f0557d,104HT,,0,1,1600402969783,0,0
plugin_ios_activity_recognition,,0,2,0,c050a6e9-7e5b-4da4-95a0-60c287f0557d,104HT,,0,0,1600402986392,0,0
plugin_ios_activity_recognition,"[""stationary""]",0,2,0,c050a6e9-7e5b-4da4-95a0-60c287f0557d,104HT,,0,1,1600402989912,0,0
plugin_ios_activity_recognition,,0,2,0,c050a6e9-7e5b-4da4-95a0-60c287f0557d,104HT,,0,0,1600403013241,0,0
plugin_ios_activity_recognition,"[""stationary""]",0,2,0,c050a6e9-7e5b-4da4-95a0-60c287f0557d,104HT,,0,1,1600403018042,0,0
plugin_ios_activity_recognition,,0,2,0,c050a6e9-7e5b-4da4-95a0-60c287f0557d,104HT,,0,0,1600403042324,0,0
plugin_ios_activity_recognition,"[""stationary""]",0,2,0,c050a6e9-7e5b-4da4-95a0-60c287f0557d,104HT,,0,1,1600403052550,0,0
plugin_ios_activity_recognition,,0,2,0,c050a6e9-7e5b-4da4-95a0-60c287f0557d,104HT,,0,0,1600403057012,0,0
plugin_ios_activity_recognition,"[""stationary""]",0,2,0,c050a6e9-7e5b-4da4-95a0-60c287f0557d,104HT,,0,1,1600403060530,0,0
plugin_ios_activity_recognition,"[""stationary""]",0,2,0,c050a6e9-7e5b-4da4-95a0-60c287f0557d,104HT,,0,1,1600403070493,0,0
plugin_ios_activity_recognition,,0,2,0,c050a6e9-7e5b-4da4-95a0-60c287f0557d,104HT,,0,0,1600403073653,0,0
plugin_ios_activity_recognition,"[""stationary""]",0,2,0,c050a6e9-7e5b-4da4-95a0-60c287f0557d,104HT,,0,1,1600403079733,0,0
plugin_ios_activity_recognition,,0,2,0,c050a6e9-7e5b-4da4-95a0-60c287f0557d,104HT,,0,0,1600403086108,0,0
plugin_ios_activity_recognition,"[""stationary""]",0,2,0,c050a6e9-7e5b-4da4-95a0-60c287f0557d,104HT,,0,1,1600403093464,0,0
plugin_ios_activity_recognition,,0,2,0,c050a6e9-7e5b-4da4-95a0-60c287f0557d,104HT,,0,0,1600403095699,0,0
plugin_ios_activity_recognition,"[""stationary""]",0,2,0,c050a6e9-7e5b-4da4-95a0-60c287f0557d,104HT,,0,1,1600403104349,0,0
plugin_ios_activity_recognition,,0,2,0,c050a6e9-7e5b-4da4-95a0-60c287f0557d,104HT,,0,0,1600403106255,0,0
plugin_ios_activity_recognition,"[""stationary""]",0,2,0,c050a6e9-7e5b-4da4-95a0-60c287f0557d,104HT,,0,1,1600403110745,0,0
plugin_ios_activity_recognition,,0,2,0,c050a6e9-7e5b-4da4-95a0-60c287f0557d,104HT,,0,0,1600403113931,0,0
plugin_ios_activity_recognition,"[""stationary""]",0,2,0,c050a6e9-7e5b-4da4-95a0-60c287f0557d,104HT,,0,1,1600403118089,0,0
plugin_ios_activity_recognition,,0,2,0,c050a6e9-7e5b-4da4-95a0-60c287f0557d,104HT,,0,0,1600403120961,0,0
plugin_ios_activity_recognition,"[""stationary""]",0,2,0,c050a6e9-7e5b-4da4-95a0-60c287f0557d,104HT,,0,1,1600403129919,0,0
plugin_ios_activity_recognition,,0,2,0,c050a6e9-7e5b-4da4-95a0-60c287f0557d,104HT,,0,0,1600403196327,0,0
plugin_ios_activity_recognition,"[""stationary""]",0,2,0,c050a6e9-7e5b-4da4-95a0-60c287f0557d,104HT,,0,1,1600403206959,0,0
plugin_ios_activity_recognition,,0,2,0,c050a6e9-7e5b-4da4-95a0-60c287f0557d,104HT,,0,0,1600403215856,0,0
plugin_ios_activity_recognition,"[""stationary""]",0,2,0,c050a6e9-7e5b-4da4-95a0-60c287f0557d,104HT,,0,1,1600403220654,0,0
plugin_ios_activity_recognition,,0,2,0,c050a6e9-7e5b-4da4-95a0-60c287f0557d,104HT,,0,0,1600403223225,0,0
plugin_ios_activity_recognition,"[""stationary""]",0,2,0,c050a6e9-7e5b-4da4-95a0-60c287f0557d,104HT,,0,1,1600403227432,0,0
plugin_ios_activity_recognition,,0,2,0,c050a6e9-7e5b-4da4-95a0-60c287f0557d,104HT,,0,0,1600403236008,0,0
plugin_ios_activity_recognition,"[""stationary""]",0,2,0,c050a6e9-7e5b-4da4-95a0-60c287f0557d,104HT,,0,1,1600403239518,0,0
plugin_ios_activity_recognition,,0,2,0,c050a6e9-7e5b-4da4-95a0-60c287f0557d,104HT,,0,0,1600403244307,0,0
plugin_ios_activity_recognition,,0,2,0,c050a6e9-7e5b-4da4-95a0-60c287f0557d,104HT,,0,0,1600403249689,0,0
plugin_ios_activity_recognition,"[""stationary""]",0,2,0,c050a6e9-7e5b-4da4-95a0-60c287f0557d,104HT,,0,1,1600403250080,0,0
plugin_ios_activity_recognition,,0,2,0,c050a6e9-7e5b-4da4-95a0-60c287f0557d,104HT,,0,0,1600403261587,0,0
plugin_ios_activity_recognition,"[""stationary""]",0,2,0,c050a6e9-7e5b-4da4-95a0-60c287f0557d,104HT,,0,1,1600403293281,0,0
plugin_ios_activity_recognition,,0,2,0,c050a6e9-7e5b-4da4-95a0-60c287f0557d,104HT,,0,0,1600403294557,0,0
plugin_ios_activity_recognition,"[""stationary""]",0,2,0,c050a6e9-7e5b-4da4-95a0-60c287f0557d,104HT,,0,1,1600403300627,0,0
plugin_ios_activity_recognition,,0,2,0,c050a6e9-7e5b-4da4-95a0-60c287f0557d,104HT,,0,0,1600403307328,0,0
plugin_ios_activity_recognition,"[""walking""]",0,1,0,c050a6e9-7e5b-4da4-95a0-60c287f0557d,104HT,,0,0,1600403311880,0,1
plugin_ios_activity_recognition,"[""walking""]",0,2,0,c050a6e9-7e5b-4da4-95a0-60c287f0557d,104HT,,0,0,1600403319600,0,1
plugin_ios_activity_recognition,"[""stationary""]",0,2,0,c050a6e9-7e5b-4da4-95a0-60c287f0557d,104HT,,0,1,1600403334316,0,0
plugin_ios_activity_recognition,"[""walking""]",0,2,0,c050a6e9-7e5b-4da4-95a0-60c287f0557d,104HT,,0,0,1600403340692,0,1
plugin_ios_activity_recognition,"[""stationary""]",0,2,0,c050a6e9-7e5b-4da4-95a0-60c287f0557d,104HT,,0,1,1600403348722,0,0
plugin_ios_activity_recognition,"[""walking""]",0,2,0,c050a6e9-7e5b-4da4-95a0-60c287f0557d,104HT,,0,0,1600403356398,0,1
plugin_ios_activity_recognition,"[""stationary""]",0,2,0,c050a6e9-7e5b-4da4-95a0-60c287f0557d,104HT,,0,1,1600403363753,0,0
plugin_ios_activity_recognition,,0,2,0,c050a6e9-7e5b-4da4-95a0-60c287f0557d,104HT,,0,0,1600403388356,0,0
plugin_ios_activity_recognition,"[""stationary""]",0,2,0,c050a6e9-7e5b-4da4-95a0-60c287f0557d,104HT,,0,1,1600403398609,0,0
plugin_ios_activity_recognition,,0,2,0,c050a6e9-7e5b-4da4-95a0-60c287f0557d,104HT,,0,0,1600403402762,0,0
plugin_ios_activity_recognition,"[""stationary""]",0,2,0,c050a6e9-7e5b-4da4-95a0-60c287f0557d,104HT,,0,1,1600403417834,0,0
plugin_ios_activity_recognition,,0,2,0,c050a6e9-7e5b-4da4-95a0-60c287f0557d,104HT,,0,0,1600403421341,0,0
plugin_ios_activity_recognition,"[""stationary""]",0,2,0,c050a6e9-7e5b-4da4-95a0-60c287f0557d,104HT,,0,1,1600403426149,0,0
plugin_ios_activity_recognition,"[""stationary""]",0,2,0,c050a6e9-7e5b-4da4-95a0-60c287f0557d,104HT,,0,1,1600403429771,0,0
plugin_ios_activity_recognition,,0,2,0,c050a6e9-7e5b-4da4-95a0-60c287f0557d,104HT,,0,0,1600403445057,0,0
plugin_ios_activity_recognition,"[""stationary""]",0,2,0,c050a6e9-7e5b-4da4-95a0-60c287f0557d,104HT,,0,1,1600403448856,0,0
plugin_ios_activity_recognition,,0,2,0,c050a6e9-7e5b-4da4-95a0-60c287f0557d,104HT,,0,0,1600403454281,0,0
plugin_ios_activity_recognition,"[""stationary""]",0,2,0,c050a6e9-7e5b-4da4-95a0-60c287f0557d,104HT,,0,1,1600403467095,0,0
plugin_ios_activity_recognition,,0,2,0,c050a6e9-7e5b-4da4-95a0-60c287f0557d,104HT,,0,0,1600403481469,0,0
plugin_ios_activity_recognition,"[""stationary""]",0,2,0,c050a6e9-7e5b-4da4-95a0-60c287f0557d,104HT,,0,1,1600403485637,0,0
plugin_ios_activity_recognition,,0,2,0,c050a6e9-7e5b-4da4-95a0-60c287f0557d,104HT,,0,0,1600403489137,0,0
plugin_ios_activity_recognition,"[""walking""]",0,1,0,c050a6e9-7e5b-4da4-95a0-60c287f0557d,104HT,,0,0,1600403527156,0,1
plugin_ios_activity_recognition,"[""stationary""]",0,2,0,c050a6e9-7e5b-4da4-95a0-60c287f0557d,104HT,,0,1,1600403546710,0,0
plugin_ios_activity_recognition,"[""walking""]",0,2,0,c050a6e9-7e5b-4da4-95a0-60c287f0557d,104HT,,0,0,1600403552134,0,1
plugin_ios_activity_recognition,"[""stationary""]",0,2,0,c050a6e9-7e5b-4da4-95a0-60c287f0557d,104HT,,0,1,1600403556601,0,0
plugin_ios_activity_recognition,"[""walking""]",0,2,0,c050a6e9-7e5b-4da4-95a0-60c287f0557d,104HT,,0,0,1600403561710,0,1
plugin_ios_activity_recognition,,0,2,0,c050a6e9-7e5b-4da4-95a0-60c287f0557d,104HT,,0,0,1600403599197,0,0
plugin_ios_activity_recognition,"[""walking""]",0,1,0,c050a6e9-7e5b-4da4-95a0-60c287f0557d,104HT,,0,0,1600403609198,0,1
plugin_ios_activity_recognition,"[""walking""]",0,1,0,c050a6e9-7e5b-4da4-95a0-60c287f0557d,104HT,,0,0,1600403609772,0,1
plugin_ios_activity_recognition,"[""walking""]",0,2,0,c050a6e9-7e5b-4da4-95a0-60c287f0557d,104HT,,0,0,1600403616906,0,1
plugin_ios_activity_recognition,"[""stationary""]",0,2,0,c050a6e9-7e5b-4da4-95a0-60c287f0557d,104HT,,0,1,1600403653985,0,0
plugin_ios_activity_recognition,"[""walking""]",0,2,0,c050a6e9-7e5b-4da4-95a0-60c287f0557d,104HT,,0,0,1600403654307,0,1
plugin_ios_activity_recognition,,0,2,0,c050a6e9-7e5b-4da4-95a0-60c287f0557d,104HT,,0,0,1600403670329,0,0
plugin_ios_activity_recognition,"[""stationary""]",0,2,0,c050a6e9-7e5b-4da4-95a0-60c287f0557d,104HT,,0,1,1600403728463,0,0
plugin_ios_activity_recognition,,0,2,0,c050a6e9-7e5b-4da4-95a0-60c287f0557d,104HT,,0,0,1600403732931,0,0
plugin_ios_activity_recognition,"[""stationary""]",0,2,0,c050a6e9-7e5b-4da4-95a0-60c287f0557d,104HT,,0,1,1600403737119,0,0
plugin_ios_activity_recognition,,0,2,0,c050a6e9-7e5b-4da4-95a0-60c287f0557d,104HT,,0,0,1600403739950,0,0
plugin_ios_activity_recognition,"[""walking""]",0,1,0,c050a6e9-7e5b-4da4-95a0-60c287f0557d,104HT,,0,0,1600403762813,0,1
plugin_ios_activity_recognition,"[""walking""]",0,2,0,c050a6e9-7e5b-4da4-95a0-60c287f0557d,104HT,,0,0,1600403788818,0,1
plugin_ios_activity_recognition,"[""walking""]",0,2,0,c050a6e9-7e5b-4da4-95a0-60c287f0557d,104HT,,0,0,1600403789772,0,1
plugin_ios_activity_recognition,"[""stationary""]",0,2,0,c050a6e9-7e5b-4da4-95a0-60c287f0557d,104HT,,0,1,1600403800322,0,0
plugin_ios_activity_recognition,"[""walking""]",0,2,0,c050a6e9-7e5b-4da4-95a0-60c287f0557d,104HT,,0,0,1600403804151,0,1
plugin_ios_activity_recognition,"[""stationary""]",0,2,0,c050a6e9-7e5b-4da4-95a0-60c287f0557d,104HT,,0,1,1600403809246,0,0
plugin_ios_activity_recognition,"[""walking""]",0,2,0,c050a6e9-7e5b-4da4-95a0-60c287f0557d,104HT,,0,0,1600403809890,0,1
plugin_ios_activity_recognition,"[""stationary""]",0,2,0,c050a6e9-7e5b-4da4-95a0-60c287f0557d,104HT,,0,1,1600403838313,0,0
plugin_ios_activity_recognition,,0,2,0,c050a6e9-7e5b-4da4-95a0-60c287f0557d,104HT,,0,0,1600403852034,0,0
plugin_ios_activity_recognition,"[""stationary""]",0,2,0,c050a6e9-7e5b-4da4-95a0-60c287f0557d,104HT,,0,1,1600403857146,0,0
plugin_ios_activity_recognition,,0,2,0,c050a6e9-7e5b-4da4-95a0-60c287f0557d,104HT,,0,0,1600403859379,0,0
plugin_ios_activity_recognition,"[""stationary""]",0,2,0,c050a6e9-7e5b-4da4-95a0-60c287f0557d,104HT,,0,1,1600403863527,0,0
plugin_ios_activity_recognition,,0,2,0,c050a6e9-7e5b-4da4-95a0-60c287f0557d,104HT,,0,0,1600403873430,0,0
plugin_ios_activity_recognition,"[""stationary""]",0,2,0,c050a6e9-7e5b-4da4-95a0-60c287f0557d,104HT,,0,1,1600403897737,0,0
plugin_ios_activity_recognition,,0,2,0,c050a6e9-7e5b-4da4-95a0-60c287f0557d,104HT,,0,0,1600403899969,0,0
plugin_ios_activity_recognition,"[""stationary""]",0,2,0,c050a6e9-7e5b-4da4-95a0-60c287f0557d,104HT,,0,1,1600403953830,0,0
plugin_ios_activity_recognition,,0,2,0,c050a6e9-7e5b-4da4-95a0-60c287f0557d,104HT,,0,0,1600403955106,0,0
plugin_ios_activity_recognition,,0,2,0,c050a6e9-7e5b-4da4-95a0-60c287f0557d,104HT,,0,0,1600403970440,0,0
plugin_ios_activity_recognition,"[""walking""]",0,2,0,c050a6e9-7e5b-4da4-95a0-60c287f0557d,104HT,,0,0,1600404019071,0,1
plugin_ios_activity_recognition,,0,2,0,c050a6e9-7e5b-4da4-95a0-60c287f0557d,104HT,,0,0,1600404116846,0,0
plugin_ios_activity_recognition,"[""walking""]",0,1,0,c050a6e9-7e5b-4da4-95a0-60c287f0557d,104HT,,0,0,1600404129726,0,1
plugin_ios_activity_recognition,"[""walking""]",0,2,0,c050a6e9-7e5b-4da4-95a0-60c287f0557d,104HT,,0,0,1600404134878,0,1
plugin_ios_activity_recognition,"[""walking""]",0,2,0,c050a6e9-7e5b-4da4-95a0-60c287f0557d,104HT,,0,0,1600404149689,0,1
plugin_ios_activity_recognition,,0,2,0,c050a6e9-7e5b-4da4-95a0-60c287f0557d,104HT,,0,0,1600404214578,0,0
plugin_ios_activity_recognition,"[""walking""]",0,1,0,c050a6e9-7e5b-4da4-95a0-60c287f0557d,104HT,,0,0,1600404242866,0,1
plugin_ios_activity_recognition,"[""walking""]",0,2,0,c050a6e9-7e5b-4da4-95a0-60c287f0557d,104HT,,0,0,1600404255748,0,1
plugin_ios_activity_recognition,"[""stationary""]",0,2,0,c050a6e9-7e5b-4da4-95a0-60c287f0557d,104HT,,0,1,1600404267923,0,0
plugin_ios_activity_recognition,"[""walking""]",0,2,0,c050a6e9-7e5b-4da4-95a0-60c287f0557d,104HT,,0,0,1600404277209,0,1
plugin_ios_activity_recognition,"[""stationary""]",0,2,0,c050a6e9-7e5b-4da4-95a0-60c287f0557d,104HT,,0,1,1600404282008,0,0
plugin_ios_activity_recognition,"[""walking""]",0,2,0,c050a6e9-7e5b-4da4-95a0-60c287f0557d,104HT,,0,0,1600404283613,0,1
plugin_ios_activity_recognition,,0,2,0,c050a6e9-7e5b-4da4-95a0-60c287f0557d,104HT,,0,0,1600404307145,0,0
plugin_ios_activity_recognition,,0,2,0,c050a6e9-7e5b-4da4-95a0-60c287f0557d,104HT,,0,0,1600404329779,0,0
plugin_ios_activity_recognition,"[""stationary""]",0,2,0,c050a6e9-7e5b-4da4-95a0-60c287f0557d,104HT,,0,1,1600404447085,0,0
plugin_ios_activity_recognition,,0,2,0,c050a6e9-7e5b-4da4-95a0-60c287f0557d,104HT,,0,0,1600404449017,0,0
plugin_ios_activity_recognition,"[""stationary""]",0,2,0,c050a6e9-7e5b-4da4-95a0-60c287f0557d,104HT,,0,1,1600404458355,0,0
plugin_ios_activity_recognition,,0,2,0,c050a6e9-7e5b-4da4-95a0-60c287f0557d,104HT,,0,0,1600404459322,0,0
plugin_ios_activity_recognition,,0,2,0,c050a6e9-7e5b-4da4-95a0-60c287f0557d,104HT,,0,0,1600404509686,0,0
plugin_ios_activity_recognition,"[""stationary""]",0,2,0,c050a6e9-7e5b-4da4-95a0-60c287f0557d,104HT,,0,1,1600404615822,0,0
plugin_ios_activity_recognition,,0,2,0,c050a6e9-7e5b-4da4-95a0-60c287f0557d,104HT,,0,0,1600404618763,0,0
plugin_ios_activity_recognition,,0,2,0,c050a6e9-7e5b-4da4-95a0-60c287f0557d,104HT,,0,0,1600404689681,0,0
plugin_ios_activity_recognition,"[""stationary""]",0,2,0,c050a6e9-7e5b-4da4-95a0-60c287f0557d,104HT,,0,1,1600404785681,0,0
plugin_ios_activity_recognition,,0,2,0,c050a6e9-7e5b-4da4-95a0-60c287f0557d,104HT,,0,0,1600404790182,0,0
plugin_ios_activity_recognition,,0,2,0,c050a6e9-7e5b-4da4-95a0-60c287f0557d,104HT,,0,0,1600404870448,0,0
plugin_ios_activity_recognition,,0,2,0,c050a6e9-7e5b-4da4-95a0-60c287f0557d,104HT,,0,0,1600405049778,0,0
plugin_ios_activity_recognition,"[""stationary""]",0,2,0,c050a6e9-7e5b-4da4-95a0-60c287f0557d,104HT,,0,1,1600405101369,0,0
plugin_ios_activity_recognition,,0,2,0,c050a6e9-7e5b-4da4-95a0-60c287f0557d,104HT,,0,0,1600405110303,0,0
plugin_ios_activity_recognition,"[""stationary""]",0,2,0,c050a6e9-7e5b-4da4-95a0-60c287f0557d,104HT,,0,1,1600405137283,0,0
plugin_ios_activity_recognition,,0,2,0,c050a6e9-7e5b-4da4-95a0-60c287f0557d,104HT,,0,0,1600405142066,0,0
plugin_ios_activity_recognition,,0,2,0,c050a6e9-7e5b-4da4-95a0-60c287f0557d,104HT,,0,0,1600405229774,0,0
plugin_ios_activity_recognition,"[""stationary""]",0,2,0,c050a6e9-7e5b-4da4-95a0-60c287f0557d,104HT,,0,1,1600405261981,0,0
plugin_ios_activity_recognition,,0,2,0,c050a6e9-7e5b-4da4-95a0-60c287f0557d,104HT,,0,0,1600405263576,0,0
plugin_ios_activity_recognition,,0,2,0,c050a6e9-7e5b-4da4-95a0-60c287f0557d,104HT,,0,0,1600405409686,0,0
plugin_ios_activity_recognition,,0,2,0,c050a6e9-7e5b-4da4-95a0-60c287f0557d,104HT,,0,0,1600405589682,0,0
plugin_ios_activity_recognition,,0,2,0,c050a6e9-7e5b-4da4-95a0-60c287f0557d,104HT,supplement,0,0,1600405769682,0,0
plugin_ios_activity_recognition,,0,2,0,c050a6e9-7e5b-4da4-95a0-60c287f0557d,104HT,,0,0,1600405771173,0,0
plugin_ios_activity_recognition,,0,2,0,c050a6e9-7e5b-4da4-95a0-60c287f0557d,104HT,,0,0,1600405949681,0,0
plugin_ios_activity_recognition,,0,2,0,c050a6e9-7e5b-4da4-95a0-60c287f0557d,104HT,supplement,0,0,1600405949682,0,0
plugin_ios_activity_recognition,,0,2,0,c050a6e9-7e5b-4da4-95a0-60c287f0557d,104HT,supplement,0,0,1600406129681,0,0
plugin_ios_activity_recognition,,0,2,0,c050a6e9-7e5b-4da4-95a0-60c287f0557d,104HT,,0,0,1600406129776,0,0
plugin_ios_activity_recognition,"[""stationary""]",0,2,0,c050a6e9-7e5b-4da4-95a0-60c287f0557d,104HT,,0,1,1600406227758,0,0
plugin_ios_activity_recognition,,0,2,0,c050a6e9-7e5b-4da4-95a0-60c287f0557d,104HT,,0,0,1600406237300,0,0
plugin_ios_activity_recognition,"[""walking""]",0,1,0,c050a6e9-7e5b-4da4-95a0-60c287f0557d,104HT,,0,0,1600406297108,0,1
plugin_ios_activity_recognition,"[""walking""]",0,2,0,c050a6e9-7e5b-4da4-95a0-60c287f0557d,104HT,,0,0,1600406299685,0,1
plugin_ios_activity_recognition,,0,2,0,c050a6e9-7e5b-4da4-95a0-60c287f0557d,104HT,supplement,0,0,1600406309681,0,0
plugin_ios_activity_recognition,"[""walking""]",0,2,0,c050a6e9-7e5b-4da4-95a0-60c287f0557d,104HT,,0,0,1600406309682,0,1
plugin_ios_activity_recognition,,0,2,0,c050a6e9-7e5b-4da4-95a0-60c287f0557d,104HT,,0,0,1600406351198,0,0
plugin_ios_activity_recognition,,0,2,0,c050a6e9-7e5b-4da4-95a0-60c287f0557d,104HT,,0,0,1600406489769,0,0
plugin_ios_activity_recognition,,0,2,0,c050a6e9-7e5b-4da4-95a0-60c287f0557d,104HT,supplement,0,0,1600406669769,0,0
plugin_ios_activity_recognition,,0,2,0,c050a6e9-7e5b-4da4-95a0-60c287f0557d,104HT,,0,0,1600406671058,0,0
plugin_ios_activity_recognition,,0,2,0,c050a6e9-7e5b-4da4-95a0-60c287f0557d,104HT,,0,0,1600406849680,0,0
plugin_ios_activity_recognition,,0,2,0,c050a6e9-7e5b-4da4-95a0-60c287f0557d,104HT,supplement,0,0,1600406849769,0,0
plugin_ios_activity_recognition,,0,2,0,c050a6e9-7e5b-4da4-95a0-60c287f0557d,104HT,,0,0,1600407029680,0,0
plugin_ios_activity_recognition,,0,2,0,c050a6e9-7e5b-4da4-95a0-60c287f0557d,104HT,,0,0,1600407209679,0,0
plugin_ios_activity_recognition,,0,2,0,c050a6e9-7e5b-4da4-95a0-60c287f0557d,104HT,supplement,0,0,1600407389679,0,0
plugin_ios_activity_recognition,,0,2,0,c050a6e9-7e5b-4da4-95a0-60c287f0557d,104HT,,0,0,1600407389769,0,0
plugin_ios_activity_recognition,,0,2,0,c050a6e9-7e5b-4da4-95a0-60c287f0557d,104HT,supplement,0,0,1600407569679,0,0
plugin_ios_activity_recognition,,0,2,0,c050a6e9-7e5b-4da4-95a0-60c287f0557d,104HT,supplement,0,0,1600407569769,0,0
plugin_ios_activity_recognition,,0,2,0,c050a6e9-7e5b-4da4-95a0-60c287f0557d,104HT,,0,0,1600407571015,0,0
plugin_ios_activity_recognition,,0,2,0,c050a6e9-7e5b-4da4-95a0-60c287f0557d,104HT,,0,0,1600407749765,0,0
plugin_ios_activity_recognition,,0,2,0,c050a6e9-7e5b-4da4-95a0-60c287f0557d,104HT,supplement,0,0,1600407749769,0,0
plugin_ios_activity_recognition,"[""stationary""]",0,2,0,c050a6e9-7e5b-4da4-95a0-60c287f0557d,104HT,,0,1,1600407808787,0,0
plugin_ios_activity_recognition,,0,2,0,c050a6e9-7e5b-4da4-95a0-60c287f0557d,104HT,,0,0,1600407810390,0,0
plugin_ios_activity_recognition,"[""stationary""]",0,2,0,c050a6e9-7e5b-4da4-95a0-60c287f0557d,104HT,,0,1,1600407876903,0,0
plugin_ios_activity_recognition,,0,2,0,c050a6e9-7e5b-4da4-95a0-60c287f0557d,104HT,,0,0,1600407892225,0,0
plugin_ios_activity_recognition,"[""stationary""]",0,2,0,c050a6e9-7e5b-4da4-95a0-60c287f0557d,104HT,,0,1,1600407898988,0,0
plugin_ios_activity_recognition,,0,2,0,c050a6e9-7e5b-4da4-95a0-60c287f0557d,104HT,,0,0,1600407907968,0,0
plugin_ios_activity_recognition,,0,2,0,c050a6e9-7e5b-4da4-95a0-60c287f0557d,104HT,,0,0,1600407929762,0,0
plugin_ios_activity_recognition,"[""walking""]",0,1,0,c050a6e9-7e5b-4da4-95a0-60c287f0557d,104HT,,0,0,1600407971759,0,1
plugin_ios_activity_recognition,"[""walking""]",0,2,0,c050a6e9-7e5b-4da4-95a0-60c287f0557d,104HT,,0,0,1600407974335,0,1
plugin_ios_activity_recognition,,0,2,0,c050a6e9-7e5b-4da4-95a0-60c287f0557d,104HT,,0,0,1600408067067,0,0
plugin_ios_activity_recognition,"[""walking""]",0,1,0,c050a6e9-7e5b-4da4-95a0-60c287f0557d,104HT,,0,0,1600408079948,0,1
plugin_ios_activity_recognition,"[""walking""]",0,2,0,c050a6e9-7e5b-4da4-95a0-60c287f0557d,104HT,,0,0,1600408082524,0,1
plugin_ios_activity_recognition,"[""walking""]",0,2,0,c050a6e9-7e5b-4da4-95a0-60c287f0557d,104HT,,0,0,1600408109669,0,1
plugin_ios_activity_recognition,"[""stationary""]",0,2,0,c050a6e9-7e5b-4da4-95a0-60c287f0557d,104HT,,0,1,1600408182782,0,0
plugin_ios_activity_recognition,"[""walking""]",0,2,0,c050a6e9-7e5b-4da4-95a0-60c287f0557d,104HT,,0,0,1600408188173,0,1
plugin_ios_activity_recognition,,0,2,0,c050a6e9-7e5b-4da4-95a0-60c287f0557d,104HT,,0,0,1600408194568,0,0
plugin_ios_activity_recognition,"[""stationary""]",0,2,0,c050a6e9-7e5b-4da4-95a0-60c287f0557d,104HT,,0,1,1600408272295,0,0
plugin_ios_activity_recognition,"[""stationary""]",0,2,0,c050a6e9-7e5b-4da4-95a0-60c287f0557d,104HT,,0,1,1600408289667,0,0
plugin_ios_activity_recognition,"[""stationary""]",0,2,0,c050a6e9-7e5b-4da4-95a0-60c287f0557d,104HT,supplement,0,1,1600408469667,0,0
plugin_ios_activity_recognition,"[""stationary""]",0,2,0,c050a6e9-7e5b-4da4-95a0-60c287f0557d,104HT,,0,1,1600408472885,0,0
plugin_ios_activity_recognition,"[""stationary""]",0,2,0,c050a6e9-7e5b-4da4-95a0-60c287f0557d,104HT,supplement,0,1,1600408649667,0,0
plugin_ios_activity_recognition,"[""stationary""]",0,2,0,c050a6e9-7e5b-4da4-95a0-60c287f0557d,104HT,,0,1,1600408649751,0,0
plugin_ios_activity_recognition,"[""stationary""]",0,2,0,c050a6e9-7e5b-4da4-95a0-60c287f0557d,104HT,,0,1,1600408829748,0,0
plugin_ios_activity_recognition,"[""stationary""]",0,2,0,c050a6e9-7e5b-4da4-95a0-60c287f0557d,104HT,,0,1,1600409009662,0,0
plugin_ios_activity_recognition,"[""stationary""]",0,2,0,c050a6e9-7e5b-4da4-95a0-60c287f0557d,104HT,supplement,0,1,1600409189662,0,0
plugin_ios_activity_recognition,"[""stationary""]",0,2,0,c050a6e9-7e5b-4da4-95a0-60c287f0557d,104HT,,0,1,1600409189749,0,0
plugin_ios_activity_recognition,"[""stationary""]",0,2,0,c050a6e9-7e5b-4da4-95a0-60c287f0557d,104HT,supplement,0,1,1600409369662,0,0
plugin_ios_activity_recognition,"[""stationary""]",0,2,0,c050a6e9-7e5b-4da4-95a0-60c287f0557d,104HT,supplement,0,1,1600409369749,0,0
plugin_ios_activity_recognition,"[""stationary""]",0,2,0,c050a6e9-7e5b-4da4-95a0-60c287f0557d,104HT,,0,1,1600409370266,0,0
plugin_ios_activity_recognition,"[""stationary""]",0,2,0,c050a6e9-7e5b-4da4-95a0-60c287f0557d,104HT,,0,1,1600409549661,0,0
plugin_ios_activity_recognition,"[""stationary""]",0,2,0,c050a6e9-7e5b-4da4-95a0-60c287f0557d,104HT,supplement,0,1,1600409549749,0,0
plugin_ios_activity_recognition,"[""stationary""]",0,2,0,c050a6e9-7e5b-4da4-95a0-60c287f0557d,104HT,supplement,0,1,1600409729661,0,0
plugin_ios_activity_recognition,"[""stationary""]",0,2,0,c050a6e9-7e5b-4da4-95a0-60c287f0557d,104HT,,0,1,1600409729745,0,0
plugin_ios_activity_recognition,"[""stationary""]",0,2,0,c050a6e9-7e5b-4da4-95a0-60c287f0557d,104HT,supplement,0,1,1600409909661,0,0
plugin_ios_activity_recognition,"[""stationary""]",0,2,0,c050a6e9-7e5b-4da4-95a0-60c287f0557d,104HT,,0,1,1600409909744,0,0
plugin_ios_activity_recognition,"[""stationary""]",0,2,0,c050a6e9-7e5b-4da4-95a0-60c287f0557d,104HT,,0,1,1600410089744,0,0
plugin_ios_activity_recognition,"[""stationary""]",0,2,0,c050a6e9-7e5b-4da4-95a0-60c287f0557d,104HT,supplement,0,1,1600410269744,0,0
plugin_ios_activity_recognition,"[""stationary""]",0,2,0,c050a6e9-7e5b-4da4-95a0-60c287f0557d,104HT,,0,1,1600410270246,0,0
plugin_ios_activity_recognition,"[""stationary""]",0,2,0,c050a6e9-7e5b-4da4-95a0-60c287f0557d,104HT,,0,1,1600410449658,0,0
plugin_ios_activity_recognition,"[""stationary""]",0,2,0,c050a6e9-7e5b-4da4-95a0-60c287f0557d,104HT,supplement,0,1,1600410449744,0,0
plugin_ios_activity_recognition,"[""stationary""]",0,2,0,c050a6e9-7e5b-4da4-95a0-60c287f0557d,104HT,supplement,0,1,1600410629658,0,0
plugin_ios_activity_recognition,"[""stationary""]",0,2,0,c050a6e9-7e5b-4da4-95a0-60c287f0557d,104HT,,0,1,1600410629741,0,0
plugin_ios_activity_recognition,"[""stationary""]",0,2,0,c050a6e9-7e5b-4da4-95a0-60c287f0557d,104HT,,0,1,1600410809657,0,0
plugin_ios_activity_recognition,"[""stationary""]",0,2,0,c050a6e9-7e5b-4da4-95a0-60c287f0557d,104HT,supplement,0,1,1600410809658,0,0
plugin_ios_activity_recognition,"[""stationary""]",0,2,0,c050a6e9-7e5b-4da4-95a0-60c287f0557d,104HT,supplement,0,1,1600410989657,0,0
plugin_ios_activity_recognition,"[""stationary""]",0,2,0,c050a6e9-7e5b-4da4-95a0-60c287f0557d,104HT,,0,1,1600410989739,0,0
plugin_ios_activity_recognition,"[""stationary""]",0,2,0,c050a6e9-7e5b-4da4-95a0-60c287f0557d,104HT,supplement,0,1,1600411169657,0,0
plugin_ios_activity_recognition,"[""stationary""]",0,2,0,c050a6e9-7e5b-4da4-95a0-60c287f0557d,104HT,supplement,0,1,1600411169739,0,0
plugin_ios_activity_recognition,"[""stationary""]",0,2,0,c050a6e9-7e5b-4da4-95a0-60c287f0557d,104HT,,0,1,1600411170281,0,0
plugin_ios_activity_recognition,"[""stationary""]",0,2,0,c050a6e9-7e5b-4da4-95a0-60c287f0557d,104HT,,0,1,1600411349738,0,0
plugin_ios_activity_recognition,"[""stationary""]",0,2,0,c050a6e9-7e5b-4da4-95a0-60c287f0557d,104HT,supplement,0,1,1600411349739,0,0
plugin_ios_activity_recognition,"[""stationary""]",0,2,0,c050a6e9-7e5b-4da4-95a0-60c287f0557d,104HT,,0,1,1600411529737,0,0
plugin_ios_activity_recognition,"[""stationary""]",0,2,0,c050a6e9-7e5b-4da4-95a0-60c287f0557d,104HT,,0,1,1600411709653,0,0
plugin_ios_activity_recognition,"[""stationary""]",0,2,0,c050a6e9-7e5b-4da4-95a0-60c287f0557d,104HT,,0,1,1600411889652,0,0
plugin_ios_activity_recognition,"[""stationary""]",0,2,0,c050a6e9-7e5b-4da4-95a0-60c287f0557d,104HT,supplement,0,1,1600412069652,0,0
plugin_ios_activity_recognition,"[""stationary""]",0,2,0,c050a6e9-7e5b-4da4-95a0-60c287f0557d,104HT,,0,1,1600412070345,0,0
plugin_ios_activity_recognition,"[""stationary""]",0,2,0,c050a6e9-7e5b-4da4-95a0-60c287f0557d,104HT,supplement,0,1,1600412249652,0,0
plugin_ios_activity_recognition,"[""stationary""]",0,2,0,c050a6e9-7e5b-4da4-95a0-60c287f0557d,104HT,,0,1,1600412249739,0,0
plugin_ios_activity_recognition,"[""stationary""]",0,2,0,c050a6e9-7e5b-4da4-95a0-60c287f0557d,104HT,supplement,0,1,1600412429739,0,0
plugin_ios_activity_recognition,"[""stationary""]",0,2,0,c050a6e9-7e5b-4da4-95a0-60c287f0557d,104HT,,0,1,1600412429740,0,0
plugin_ios_activity_recognition,"[""stationary""]",0,2,0,c050a6e9-7e5b-4da4-95a0-60c287f0557d,104HT,,0,1,1600412609657,0,0
plugin_ios_activity_recognition,"[""stationary""]",0,2,0,c050a6e9-7e5b-4da4-95a0-60c287f0557d,104HT,supplement,0,1,1600412609739,0,0
plugin_ios_activity_recognition,"[""stationary""]",0,2,0,c050a6e9-7e5b-4da4-95a0-60c287f0557d,104HT,supplement,0,1,1600412789657,0,0
plugin_ios_activity_recognition,"[""stationary""]",0,2,0,c050a6e9-7e5b-4da4-95a0-60c287f0557d,104HT,,0,1,1600412789739,0,0
plugin_ios_activity_recognition,"[""stationary""]",0,2,0,c050a6e9-7e5b-4da4-95a0-60c287f0557d,104HT,supplement,0,1,1600412969657,0,0
plugin_ios_activity_recognition,"[""stationary""]",0,2,0,c050a6e9-7e5b-4da4-95a0-60c287f0557d,104HT,supplement,0,1,1600412969739,0,0
plugin_ios_activity_recognition,"[""stationary""]",0,2,0,c050a6e9-7e5b-4da4-95a0-60c287f0557d,104HT,,0,1,1600412970236,0,0
plugin_ios_activity_recognition,"[""stationary""]",0,2,0,c050a6e9-7e5b-4da4-95a0-60c287f0557d,104HT,,0,1,1600413149656,0,0
plugin_ios_activity_recognition,"[""stationary""]",0,2,0,c050a6e9-7e5b-4da4-95a0-60c287f0557d,104HT,supplement,0,1,1600413149739,0,0
plugin_ios_activity_recognition,"[""stationary""]",0,2,0,c050a6e9-7e5b-4da4-95a0-60c287f0557d,104HT,supplement,0,1,1600413329656,0,0
plugin_ios_activity_recognition,"[""stationary""]",0,2,0,c050a6e9-7e5b-4da4-95a0-60c287f0557d,104HT,,0,1,1600413329738,0,0
plugin_ios_activity_recognition,"[""stationary""]",0,2,0,c050a6e9-7e5b-4da4-95a0-60c287f0557d,104HT,supplement,0,1,1600413509656,0,0
plugin_ios_activity_recognition,"[""stationary""]",0,2,0,c050a6e9-7e5b-4da4-95a0-60c287f0557d,104HT,,0,1,1600413509738,0,0
plugin_ios_activity_recognition,"[""stationary""]",0,2,0,c050a6e9-7e5b-4da4-95a0-60c287f0557d,104HT,,0,1,1600413689738,0,0
plugin_ios_activity_recognition,"[""stationary""]",0,2,0,c050a6e9-7e5b-4da4-95a0-60c287f0557d,104HT,supplement,0,1,1600413869738,0,0
plugin_ios_activity_recognition,"[""stationary""]",0,2,0,c050a6e9-7e5b-4da4-95a0-60c287f0557d,104HT,,0,1,1600413870279,0,0
plugin_ios_activity_recognition,,0,2,0,c050a6e9-7e5b-4da4-95a0-60c287f0557d,104HT,,0,0,1600413946542,0,0
plugin_ios_activity_recognition,"[""stationary""]",0,2,0,c050a6e9-7e5b-4da4-95a0-60c287f0557d,104HT,,0,1,1600413963566,0,0
plugin_ios_activity_recognition,"[""stationary""]",0,2,0,c050a6e9-7e5b-4da4-95a0-60c287f0557d,104HT,,0,1,1600414049655,0,0
plugin_ios_activity_recognition,"[""stationary""]",0,2,0,c050a6e9-7e5b-4da4-95a0-60c287f0557d,104HT,supplement,0,1,1600414049738,0,0
plugin_ios_activity_recognition,"[""stationary""]",0,2,0,c050a6e9-7e5b-4da4-95a0-60c287f0557d,104HT,supplement,0,1,1600414229655,0,0
plugin_ios_activity_recognition,"[""stationary""]",0,2,0,c050a6e9-7e5b-4da4-95a0-60c287f0557d,104HT,,0,1,1600414229736,0,0
plugin_ios_activity_recognition,"[""stationary""]",0,2,0,c050a6e9-7e5b-4da4-95a0-60c287f0557d,104HT,supplement,0,1,1600414409655,0,0
plugin_ios_activity_recognition,"[""stationary""]",0,2,0,c050a6e9-7e5b-4da4-95a0-60c287f0557d,104HT,,0,1,1600414409656,0,0
plugin_ios_activity_recognition,"[""stationary""]",0,2,0,c050a6e9-7e5b-4da4-95a0-60c287f0557d,104HT,,0,1,1600414589656,0,0
plugin_ios_activity_recognition,"[""stationary""]",0,2,0,c050a6e9-7e5b-4da4-95a0-60c287f0557d,104HT,supplement,0,1,1600414769656,0,0
plugin_ios_activity_recognition,"[""stationary""]",0,2,0,c050a6e9-7e5b-4da4-95a0-60c287f0557d,104HT,,0,1,1600414770252,0,0
plugin_ios_activity_recognition,"[""stationary""]",0,2,0,c050a6e9-7e5b-4da4-95a0-60c287f0557d,104HT,supplement,0,1,1600414949656,0,0
plugin_ios_activity_recognition,"[""stationary""]",0,2,0,c050a6e9-7e5b-4da4-95a0-60c287f0557d,104HT,,0,1,1600414949739,0,0
plugin_ios_activity_recognition,"[""stationary""]",0,2,0,c050a6e9-7e5b-4da4-95a0-60c287f0557d,104HT,,0,1,1600415129738,0,0
plugin_ios_activity_recognition,"[""stationary""]",0,2,0,c050a6e9-7e5b-4da4-95a0-60c287f0557d,104HT,,0,1,1600415309655,0,0
plugin_ios_activity_recognition,"[""stationary""]",0,2,0,c050a6e9-7e5b-4da4-95a0-60c287f0557d,104HT,,0,1,1600415489655,0,0
plugin_ios_activity_recognition,"[""stationary""]",0,2,0,c050a6e9-7e5b-4da4-95a0-60c287f0557d,104HT,supplement,0,1,1600415669655,0,0
plugin_ios_activity_recognition,"[""stationary""]",0,2,0,c050a6e9-7e5b-4da4-95a0-60c287f0557d,104HT,,0,1,1600415670302,0,0
plugin_ios_activity_recognition,"[""stationary""]",0,2,0,c050a6e9-7e5b-4da4-95a0-60c287f0557d,104HT,,0,1,1600415849654,0,0
plugin_ios_activity_recognition,"[""stationary""]",0,2,0,c050a6e9-7e5b-4da4-95a0-60c287f0557d,104HT,supplement,0,1,1600415849655,0,0
plugin_ios_activity_recognition,"[""stationary""]",0,2,0,c050a6e9-7e5b-4da4-95a0-60c287f0557d,104HT,supplement,0,1,1600416029654,0,0
plugin_ios_activity_recognition,"[""stationary""]",0,2,0,c050a6e9-7e5b-4da4-95a0-60c287f0557d,104HT,,0,1,1600416029738,0,0
plugin_ios_activity_recognition,"[""stationary""]",0,2,0,c050a6e9-7e5b-4da4-95a0-60c287f0557d,104HT,supplement,0,1,1600416209654,0,0
plugin_ios_activity_recognition,"[""stationary""]",0,2,0,c050a6e9-7e5b-4da4-95a0-60c287f0557d,104HT,,0,1,1600416209655,0,0
plugin_ios_activity_recognition,"[""stationary""]",0,2,0,c050a6e9-7e5b-4da4-95a0-60c287f0557d,104HT,supplement,0,1,1600416389655,0,0
plugin_ios_activity_recognition,"[""stationary""]",0,2,0,c050a6e9-7e5b-4da4-95a0-60c287f0557d,104HT,,0,1,1600416389738,0,0
plugin_ios_activity_recognition,"[""stationary""]",0,2,0,c050a6e9-7e5b-4da4-95a0-60c287f0557d,104HT,supplement,0,1,1600416569655,0,0
plugin_ios_activity_recognition,"[""stationary""]",0,2,0,c050a6e9-7e5b-4da4-95a0-60c287f0557d,104HT,supplement,0,1,1600416569738,0,0
plugin_ios_activity_recognition,"[""stationary""]",0,2,0,c050a6e9-7e5b-4da4-95a0-60c287f0557d,104HT,,0,1,1600416570340,0,0
plugin_ios_activity_recognition,"[""stationary""]",0,2,0,c050a6e9-7e5b-4da4-95a0-60c287f0557d,104HT,,0,1,1600416749655,0,0
plugin_ios_activity_recognition,"[""stationary""]",0,2,0,c050a6e9-7e5b-4da4-95a0-60c287f0557d,104HT,supplement,0,1,1600416749738,0,0
plugin_ios_activity_recognition,"[""stationary""]",0,2,0,c050a6e9-7e5b-4da4-95a0-60c287f0557d,104HT,,0,1,1600416929654,0,0
plugin_ios_activity_recognition,"[""stationary""]",0,2,0,c050a6e9-7e5b-4da4-95a0-60c287f0557d,104HT,supplement,0,1,1600417109654,0,0
plugin_ios_activity_recognition,"[""stationary""]",0,2,0,c050a6e9-7e5b-4da4-95a0-60c287f0557d,104HT,,0,1,1600417109737,0,0
plugin_ios_activity_recognition,"[""stationary""]",0,2,0,c050a6e9-7e5b-4da4-95a0-60c287f0557d,104HT,supplement,0,1,1600417289654,0,0
plugin_ios_activity_recognition,"[""stationary""]",0,2,0,c050a6e9-7e5b-4da4-95a0-60c287f0557d,104HT,,0,1,1600417289737,0,0
plugin_ios_activity_recognition,"[""stationary""]",0,2,0,c050a6e9-7e5b-4da4-95a0-60c287f0557d,104HT,supplement,0,1,1600417469737,0,0
plugin_ios_activity_recognition,"[""stationary""]",0,2,0,c050a6e9-7e5b-4da4-95a0-60c287f0557d,104HT,,0,1,1600417470252,0,0
plugin_ios_activity_recognition,"[""stationary""]",0,2,0,c050a6e9-7e5b-4da4-95a0-60c287f0557d,104HT,,0,1,1600417649653,0,0
plugin_ios_activity_recognition,"[""stationary""]",0,2,0,c050a6e9-7e5b-4da4-95a0-60c287f0557d,104HT,supplement,0,1,1600417649737,0,0
plugin_ios_activity_recognition,"[""stationary""]",0,2,0,c050a6e9-7e5b-4da4-95a0-60c287f0557d,104HT,supplement,0,1,1600417829653,0,0
plugin_ios_activity_recognition,"[""stationary""]",0,2,0,c050a6e9-7e5b-4da4-95a0-60c287f0557d,104HT,,0,1,1600417829737,0,0
plugin_ios_activity_recognition,"[""stationary""]",0,2,0,c050a6e9-7e5b-4da4-95a0-60c287f0557d,104HT,supplement,0,1,1600418009653,0,0
plugin_ios_activity_recognition,"[""stationary""]",0,2,0,c050a6e9-7e5b-4da4-95a0-60c287f0557d,104HT,,0,1,1600418009654,0,0
plugin_ios_activity_recognition,"[""stationary""]",0,2,0,c050a6e9-7e5b-4da4-95a0-60c287f0557d,104HT,supplement,0,1,1600418189654,0,0
plugin_ios_activity_recognition,"[""stationary""]",0,2,0,c050a6e9-7e5b-4da4-95a0-60c287f0557d,104HT,,0,1,1600418189655,0,0
plugin_ios_activity_recognition,"[""stationary""]",0,2,0,c050a6e9-7e5b-4da4-95a0-60c287f0557d,104HT,supplement,0,1,1600418369654,0,0
plugin_ios_activity_recognition,"[""stationary""]",0,2,0,c050a6e9-7e5b-4da4-95a0-60c287f0557d,104HT,supplement,0,1,1600418369655,0,0
plugin_ios_activity_recognition,"[""stationary""]",0,2,0,c050a6e9-7e5b-4da4-95a0-60c287f0557d,104HT,,0,1,1600418370230,0,0
plugin_ios_activity_recognition,"[""stationary""]",0,2,0,c050a6e9-7e5b-4da4-95a0-60c287f0557d,104HT,supplement,0,1,1600418549655,0,0
plugin_ios_activity_recognition,"[""stationary""]",0,2,0,c050a6e9-7e5b-4da4-95a0-60c287f0557d,104HT,,0,1,1600418549736,0,0
plugin_ios_activity_recognition,"[""stationary""]",0,2,0,c050a6e9-7e5b-4da4-95a0-60c287f0557d,104HT,supplement,0,1,1600418729736,0,0
plugin_ios_activity_recognition,"[""stationary""]",0,2,0,c050a6e9-7e5b-4da4-95a0-60c287f0557d,104HT,,0,1,1600418729738,0,0
plugin_ios_activity_recognition,"[""stationary""]",0,2,0,c050a6e9-7e5b-4da4-95a0-60c287f0557d,104HT,,0,1,1600418909653,0,0
plugin_ios_activity_recognition,"[""stationary""]",0,2,0,c050a6e9-7e5b-4da4-95a0-60c287f0557d,104HT,supplement,0,1,1600418909736,0,0
plugin_ios_activity_recognition,"[""stationary""]",0,2,0,c050a6e9-7e5b-4da4-95a0-60c287f0557d,104HT,supplement,0,1,1600419089653,0,0
plugin_ios_activity_recognition,"[""stationary""]",0,2,0,c050a6e9-7e5b-4da4-95a0-60c287f0557d,104HT,,0,1,1600419089736,0,0
plugin_ios_activity_recognition,,0,2,0,c050a6e9-7e5b-4da4-95a0-60c287f0557d,104HT,,0,0,1600419138621,0,0
plugin_ios_activity_recognition,"[""stationary""]",0,2,0,c050a6e9-7e5b-4da4-95a0-60c287f0557d,104HT,,0,1,1600419151132,0,0
plugin_ios_activity_recognition,,0,2,0,c050a6e9-7e5b-4da4-95a0-60c287f0557d,104HT,,0,0,1600419161659,0,0
plugin_ios_activity_recognition,"[""stationary""]",0,2,0,c050a6e9-7e5b-4da4-95a0-60c287f0557d,104HT,,0,1,1600419166484,0,0
plugin_ios_activity_recognition,"[""stationary""]",0,2,0,c050a6e9-7e5b-4da4-95a0-60c287f0557d,104HT,supplement,0,1,1600419269653,0,0
plugin_ios_activity_recognition,"[""stationary""]",0,2,0,c050a6e9-7e5b-4da4-95a0-60c287f0557d,104HT,,0,1,1600419270295,0,0
plugin_ios_activity_recognition,"[""stationary""]",0,2,0,c050a6e9-7e5b-4da4-95a0-60c287f0557d,104HT,,0,1,1600419449652,0,0
plugin_ios_activity_recognition,"[""stationary""]",0,2,0,c050a6e9-7e5b-4da4-95a0-60c287f0557d,104HT,supplement,0,1,1600419629652,0,0
plugin_ios_activity_recognition,"[""stationary""]",0,2,0,c050a6e9-7e5b-4da4-95a0-60c287f0557d,104HT,,0,1,1600419629736,0,0
plugin_ios_activity_recognition,"[""stationary""]",0,2,0,c050a6e9-7e5b-4da4-95a0-60c287f0557d,104HT,supplement,0,1,1600419809652,0,0
plugin_ios_activity_recognition,"[""stationary""]",0,2,0,c050a6e9-7e5b-4da4-95a0-60c287f0557d,104HT,,0,1,1600419809736,0,0
plugin_ios_activity_recognition,,0,2,0,c050a6e9-7e5b-4da4-95a0-60c287f0557d,104HT,,0,0,1600419879924,0,0
plugin_ios_activity_recognition,"[""stationary""]",0,2,0,c050a6e9-7e5b-4da4-95a0-60c287f0557d,104HT,,0,1,1600419885695,0,0
plugin_ios_activity_recognition,"[""stationary""]",0,2,0,c050a6e9-7e5b-4da4-95a0-60c287f0557d,104HT,,0,1,1600419989736,0,0
plugin_ios_activity_recognition,"[""stationary""]",0,2,0,c050a6e9-7e5b-4da4-95a0-60c287f0557d,104HT,supplement,0,1,1600420169736,0,0
plugin_ios_activity_recognition,"[""stationary""]",0,2,0,c050a6e9-7e5b-4da4-95a0-60c287f0557d,104HT,,0,1,1600420170298,0,0
plugin_ios_activity_recognition,"[""stationary""]",0,2,0,c050a6e9-7e5b-4da4-95a0-60c287f0557d,104HT,,0,1,1600420349653,0,0
plugin_ios_activity_recognition,"[""stationary""]",0,2,0,c050a6e9-7e5b-4da4-95a0-60c287f0557d,104HT,supplement,0,1,1600420349736,0,0
plugin_ios_activity_recognition,"[""stationary""]",0,2,0,c050a6e9-7e5b-4da4-95a0-60c287f0557d,104HT,supplement,0,1,1600420529653,0,0
plugin_ios_activity_recognition,"[""stationary""]",0,2,0,c050a6e9-7e5b-4da4-95a0-60c287f0557d,104HT,,0,1,1600420529736,0,0
plugin_ios_activity_recognition,,0,2,0,c050a6e9-7e5b-4da4-95a0-60c287f0557d,104HT,,0,0,1600420607461,0,0
plugin_ios_activity_recognition,"[""stationary""]",0,2,0,c050a6e9-7e5b-4da4-95a0-60c287f0557d,104HT,,0,1,1600420613537,0,0
plugin_ios_activity_recognition,"[""stationary""]",0,2,0,c050a6e9-7e5b-4da4-95a0-60c287f0557d,104HT,,0,1,1600420709653,0,0
plugin_ios_activity_recognition,"[""stationary""]",0,2,0,c050a6e9-7e5b-4da4-95a0-60c287f0557d,104HT,supplement,0,1,1600420889653,0,0
plugin_ios_activity_recognition,"[""stationary""]",0,2,0,c050a6e9-7e5b-4da4-95a0-60c287f0557d,104HT,,0,1,1600420889736,0,0
plugin_ios_activity_recognition,"[""stationary""]",0,2,0,c050a6e9-7e5b-4da4-95a0-60c287f0557d,104HT,supplement,0,1,1600421069653,0,0
plugin_ios_activity_recognition,"[""stationary""]",0,2,0,c050a6e9-7e5b-4da4-95a0-60c287f0557d,104HT,supplement,0,1,1600421069736,0,0
plugin_ios_activity_recognition,"[""stationary""]",0,2,0,c050a6e9-7e5b-4da4-95a0-60c287f0557d,104HT,,0,1,1600421070268,0,0
plugin_ios_activity_recognition,"[""stationary""]",0,2,0,c050a6e9-7e5b-4da4-95a0-60c287f0557d,104HT,,0,1,1600421249735,0,0
plugin_ios_activity_recognition,"[""stationary""]",0,2,0,c050a6e9-7e5b-4da4-95a0-60c287f0557d,104HT,supplement,0,1,1600421249736,0,0
plugin_ios_activity_recognition,,0,2,0,c050a6e9-7e5b-4da4-95a0-60c287f0557d,104HT,,0,0,1600421320121,0,0
plugin_ios_activity_recognition,"[""stationary""]",0,2,0,c050a6e9-7e5b-4da4-95a0-60c287f0557d,104HT,,0,1,1600421336183,0,0
plugin_ios_activity_recognition,"[""stationary""]",0,2,0,c050a6e9-7e5b-4da4-95a0-60c287f0557d,104HT,,0,1,1600421429736,0,0
plugin_ios_activity_recognition,"[""stationary""]",0,2,0,c050a6e9-7e5b-4da4-95a0-60c287f0557d,104HT,,0,1,1600421609653,0,0
plugin_ios_activity_recognition,,0,2,0,c050a6e9-7e5b-4da4-95a0-60c287f0557d,104HT,,0,0,1600421780691,0,0
plugin_ios_activity_recognition,,0,2,0,c050a6e9-7e5b-4da4-95a0-60c287f0557d,104HT,,0,0,1600421789653,0,0
plugin_ios_activity_recognition,"[""stationary""]",0,2,0,c050a6e9-7e5b-4da4-95a0-60c287f0557d,104HT,,0,1,1600421798969,0,0
plugin_ios_activity_recognition,"[""stationary""]",0,2,0,c050a6e9-7e5b-4da4-95a0-60c287f0557d,104HT,,0,1,1600421970486,0,0
plugin_ios_activity_recognition,"[""stationary""]",0,2,0,c050a6e9-7e5b-4da4-95a0-60c287f0557d,104HT,,0,1,1600422149653,0,0
plugin_ios_activity_recognition,"[""stationary""]",0,2,0,c050a6e9-7e5b-4da4-95a0-60c287f0557d,104HT,supplement,0,1,1600422329653,0,0
plugin_ios_activity_recognition,"[""stationary""]",0,2,0,c050a6e9-7e5b-4da4-95a0-60c287f0557d,104HT,,0,1,1600422329736,0,0
plugin_ios_activity_recognition,"[""stationary""]",0,2,0,c050a6e9-7e5b-4da4-95a0-60c287f0557d,104HT,,0,1,1600422509653,0,0
plugin_ios_activity_recognition,"[""stationary""]",0,2,0,c050a6e9-7e5b-4da4-95a0-60c287f0557d,104HT,supplement,0,1,1600422689653,0,0
plugin_ios_activity_recognition,"[""stationary""]",0,2,0,c050a6e9-7e5b-4da4-95a0-60c287f0557d,104HT,,0,1,1600422689736,0,0
plugin_ios_activity_recognition,"[""stationary""]",0,2,0,c050a6e9-7e5b-4da4-95a0-60c287f0557d,104HT,supplement,0,1,1600422869653,0,0
plugin_ios_activity_recognition,"[""stationary""]",0,2,0,c050a6e9-7e5b-4da4-95a0-60c287f0557d,104HT,supplement,0,1,1600422869736,0,0
plugin_ios_activity_recognition,"[""stationary""]",0,2,0,c050a6e9-7e5b-4da4-95a0-60c287f0557d,104HT,,0,1,1600422870270,0,0
plugin_ios_activity_recognition,"[""stationary""]",0,2,0,c050a6e9-7e5b-4da4-95a0-60c287f0557d,104HT,,0,1,1600423049652,0,0
plugin_ios_activity_recognition,"[""stationary""]",0,2,0,c050a6e9-7e5b-4da4-95a0-60c287f0557d,104HT,supplement,0,1,1600423049736,0,0
plugin_ios_activity_recognition,"[""stationary""]",0,2,0,c050a6e9-7e5b-4da4-95a0-60c287f0557d,104HT,,0,1,1600423229648,0,0
plugin_ios_activity_recognition,"[""stationary""]",0,2,0,c050a6e9-7e5b-4da4-95a0-60c287f0557d,104HT,supplement,0,1,1600423409648,0,0
plugin_ios_activity_recognition,"[""stationary""]",0,2,0,c050a6e9-7e5b-4da4-95a0-60c287f0557d,104HT,,0,1,1600423409746,0,0
plugin_ios_activity_recognition,"[""stationary""]",0,2,0,c050a6e9-7e5b-4da4-95a0-60c287f0557d,104HT,supplement,0,1,1600423589648,0,0
plugin_ios_activity_recognition,"[""stationary""]",0,2,0,c050a6e9-7e5b-4da4-95a0-60c287f0557d,104HT,supplement,0,1,1600423589746,0,0
plugin_ios_activity_recognition,"[""stationary""]",0,2,0,c050a6e9-7e5b-4da4-95a0-60c287f0557d,104HT,supplement,0,1,1600423769746,0,0
plugin_ios_activity_recognition,"[""stationary""]",0,2,0,c050a6e9-7e5b-4da4-95a0-60c287f0557d,104HT,,0,1,1600423770277,0,0
plugin_ios_activity_recognition,"[""stationary""]",0,2,0,c050a6e9-7e5b-4da4-95a0-60c287f0557d,104HT,,0,1,1600423949652,0,0
plugin_ios_activity_recognition,"[""stationary""]",0,2,0,c050a6e9-7e5b-4da4-95a0-60c287f0557d,104HT,supplement,0,1,1600423949746,0,0
plugin_ios_activity_recognition,,0,2,0,c050a6e9-7e5b-4da4-95a0-60c287f0557d,104HT,,0,0,1600424027768,0,0
plugin_ios_activity_recognition,"[""stationary""]",0,2,0,c050a6e9-7e5b-4da4-95a0-60c287f0557d,104HT,,0,1,1600424048351,0,0
plugin_ios_activity_recognition,"[""stationary""]",0,2,0,c050a6e9-7e5b-4da4-95a0-60c287f0557d,104HT,,0,1,1600424129744,0,0
plugin_ios_activity_recognition,"[""stationary""]",0,2,0,c050a6e9-7e5b-4da4-95a0-60c287f0557d,104HT,,0,1,1600424309648,0,0
plugin_ios_activity_recognition,"[""stationary""]",0,2,0,c050a6e9-7e5b-4da4-95a0-60c287f0557d,104HT,supplement,0,1,1600424489648,0,0
plugin_ios_activity_recognition,"[""stationary""]",0,2,0,c050a6e9-7e5b-4da4-95a0-60c287f0557d,104HT,,0,1,1600424489653,0,0
plugin_ios_activity_recognition,"[""stationary""]",0,2,0,c050a6e9-7e5b-4da4-95a0-60c287f0557d,104HT,supplement,0,1,1600424669648,0,0
plugin_ios_activity_recognition,"[""stationary""]",0,2,0,c050a6e9-7e5b-4da4-95a0-60c287f0557d,104HT,supplement,0,1,1600424669653,0,0
plugin_ios_activity_recognition,"[""stationary""]",0,2,0,c050a6e9-7e5b-4da4-95a0-60c287f0557d,104HT,,0,1,1600424670445,0,0
plugin_ios_activity_recognition,"[""stationary""]",0,2,0,c050a6e9-7e5b-4da4-95a0-60c287f0557d,104HT,supplement,0,1,1600424849653,0,0
plugin_ios_activity_recognition,"[""stationary""]",0,2,0,c050a6e9-7e5b-4da4-95a0-60c287f0557d,104HT,,0,1,1600424849745,0,0
plugin_ios_activity_recognition,,0,2,0,c050a6e9-7e5b-4da4-95a0-60c287f0557d,104HT,,0,0,1600424905171,0,0
plugin_ios_activity_recognition,"[""stationary""]",0,2,0,c050a6e9-7e5b-4da4-95a0-60c287f0557d,104HT,,0,1,1600424921568,0,0
plugin_ios_activity_recognition,"[""stationary""]",0,2,0,c050a6e9-7e5b-4da4-95a0-60c287f0557d,104HT,,0,1,1600425029741,0,0
plugin_ios_activity_recognition,"[""stationary""]",0,2,0,c050a6e9-7e5b-4da4-95a0-60c287f0557d,104HT,,0,1,1600425209652,0,0
plugin_ios_activity_recognition,"[""stationary""]",0,2,0,c050a6e9-7e5b-4da4-95a0-60c287f0557d,104HT,supplement,0,1,1600425389652,0,0
plugin_ios_activity_recognition,"[""stationary""]",0,2,0,c050a6e9-7e5b-4da4-95a0-60c287f0557d,104HT,,0,1,1600425389735,0,0
plugin_ios_activity_recognition,,0,2,0,c050a6e9-7e5b-4da4-95a0-60c287f0557d,104HT,,0,0,1600425434064,0,0
plugin_ios_activity_recognition,"[""stationary""]",0,2,0,c050a6e9-7e5b-4da4-95a0-60c287f0557d,104HT,,0,1,1600425442722,0,0
plugin_ios_activity_recognition,"[""stationary""]",0,2,0,c050a6e9-7e5b-4da4-95a0-60c287f0557d,104HT,supplement,0,1,1600425569652,0,0
plugin_ios_activity_recognition,"[""stationary""]",0,2,0,c050a6e9-7e5b-4da4-95a0-60c287f0557d,104HT,,0,1,1600425570338,0,0
plugin_ios_activity_recognition,,0,2,0,c050a6e9-7e5b-4da4-95a0-60c287f0557d,104HT,,0,0,1600425723511,0,0
plugin_ios_activity_recognition,"[""stationary""]",0,2,0,c050a6e9-7e5b-4da4-95a0-60c287f0557d,104HT,,0,1,1600425736042,0,0
plugin_ios_activity_recognition,"[""stationary""]",0,2,0,c050a6e9-7e5b-4da4-95a0-60c287f0557d,104HT,,0,1,1600425749647,0,0
plugin_ios_activity_recognition,"[""stationary""]",0,2,0,c050a6e9-7e5b-4da4-95a0-60c287f0557d,104HT,supplement,0,1,1600425929647,0,0
plugin_ios_activity_recognition,"[""stationary""]",0,2,0,c050a6e9-7e5b-4da4-95a0-60c287f0557d,104HT,,0,1,1600425929730,0,0
plugin_ios_activity_recognition,"[""stationary""]",0,2,0,c050a6e9-7e5b-4da4-95a0-60c287f0557d,104HT,supplement,0,1,1600426109647,0,0
plugin_ios_activity_recognition,"[""stationary""]",0,2,0,c050a6e9-7e5b-4da4-95a0-60c287f0557d,104HT,,0,1,1600426109730,0,0
plugin_ios_activity_recognition,,0,2,0,c050a6e9-7e5b-4da4-95a0-60c287f0557d,104HT,,0,0,1600426162439,0,0
plugin_ios_activity_recognition,"[""stationary""]",0,2,0,c050a6e9-7e5b-4da4-95a0-60c287f0557d,104HT,,0,1,1600426178732,0,0
plugin_ios_activity_recognition,"[""stationary""]",0,2,0,c050a6e9-7e5b-4da4-95a0-60c287f0557d,104HT,,0,1,1600426289729,0,0
plugin_ios_activity_recognition,,0,2,0,c050a6e9-7e5b-4da4-95a0-60c287f0557d,104HT,,0,0,1600426385794,0,0
plugin_ios_activity_recognition,"[""stationary""]",0,2,0,c050a6e9-7e5b-4da4-95a0-60c287f0557d,104HT,,0,1,1600426406613,0,0
plugin_ios_activity_recognition,"[""stationary""]",0,2,0,c050a6e9-7e5b-4da4-95a0-60c287f0557d,104HT,,0,1,1600426470256,0,0
plugin_ios_activity_recognition,"[""stationary""]",0,2,0,c050a6e9-7e5b-4da4-95a0-60c287f0557d,104HT,,0,1,1600426649644,0,0
plugin_ios_activity_recognition,"[""stationary""]",0,2,0,c050a6e9-7e5b-4da4-95a0-60c287f0557d,104HT,supplement,0,1,1600426829644,0,0
plugin_ios_activity_recognition,"[""stationary""]",0,2,0,c050a6e9-7e5b-4da4-95a0-60c287f0557d,104HT,,0,1,1600426829739,0,0
plugin_ios_activity_recognition,"[""stationary""]",0,2,0,c050a6e9-7e5b-4da4-95a0-60c287f0557d,104HT,supplement,0,1,1600427009644,0,0
plugin_ios_activity_recognition,"[""stationary""]",0,2,0,c050a6e9-7e5b-4da4-95a0-60c287f0557d,104HT,,0,1,1600427009645,0,0
plugin_ios_activity_recognition,"[""stationary""]",0,2,0,c050a6e9-7e5b-4da4-95a0-60c287f0557d,104HT,,0,1,1600427189643,0,0
plugin_ios_activity_recognition,"[""stationary""]",0,2,0,c050a6e9-7e5b-4da4-95a0-60c287f0557d,104HT,supplement,0,1,1600427369643,0,0
plugin_ios_activity_recognition,"[""stationary""]",0,2,0,c050a6e9-7e5b-4da4-95a0-60c287f0557d,104HT,,0,1,1600427370290,0,0
plugin_ios_activity_recognition,"[""stationary""]",0,2,0,c050a6e9-7e5b-4da4-95a0-60c287f0557d,104HT,supplement,0,1,1600427549643,0,0
plugin_ios_activity_recognition,"[""stationary""]",0,2,0,c050a6e9-7e5b-4da4-95a0-60c287f0557d,104HT,,0,1,1600427549727,0,0
plugin_ios_activity_recognition,,0,2,0,c050a6e9-7e5b-4da4-95a0-60c287f0557d,104HT,,0,0,1600427609646,0,0
plugin_ios_activity_recognition,"[""stationary""]",0,2,0,c050a6e9-7e5b-4da4-95a0-60c287f0557d,104HT,,0,1,1600427625656,0,0
plugin_ios_activity_recognition,"[""stationary""]",0,2,0,c050a6e9-7e5b-4da4-95a0-60c287f0557d,104HT,,0,1,1600427729726,0,0
plugin_ios_activity_recognition,,0,2,0,c050a6e9-7e5b-4da4-95a0-60c287f0557d,104HT,,0,0,1600427861891,0,0
plugin_ios_activity_recognition,"[""stationary""]",0,2,0,c050a6e9-7e5b-4da4-95a0-60c287f0557d,104HT,,0,1,1600427886286,0,0
plugin_ios_activity_recognition,"[""stationary""]",0,2,0,c050a6e9-7e5b-4da4-95a0-60c287f0557d,104HT,,0,1,1600427909642,0,0
plugin_ios_activity_recognition,"[""stationary""]",0,2,0,c050a6e9-7e5b-4da4-95a0-60c287f0557d,104HT,,0,1,1600428089642,0,0
plugin_ios_activity_recognition,"[""stationary""]",0,2,0,c050a6e9-7e5b-4da4-95a0-60c287f0557d,104HT,supplement,0,1,1600428269642,0,0
plugin_ios_activity_recognition,"[""stationary""]",0,2,0,c050a6e9-7e5b-4da4-95a0-60c287f0557d,104HT,,0,1,1600428270390,0,0
plugin_ios_activity_recognition,"[""stationary""]",0,2,0,c050a6e9-7e5b-4da4-95a0-60c287f0557d,104HT,,0,1,1600428449640,0,0
plugin_ios_activity_recognition,"[""stationary""]",0,2,0,c050a6e9-7e5b-4da4-95a0-60c287f0557d,104HT,supplement,0,1,1600428449642,0,0
plugin_ios_activity_recognition,"[""stationary""]",0,2,0,c050a6e9-7e5b-4da4-95a0-60c287f0557d,104HT,supplement,0,1,1600428629640,0,0
plugin_ios_activity_recognition,"[""stationary""]",0,2,0,c050a6e9-7e5b-4da4-95a0-60c287f0557d,104HT,,0,1,1600428629724,0,0
plugin_ios_activity_recognition,"[""stationary""]",0,2,0,c050a6e9-7e5b-4da4-95a0-60c287f0557d,104HT,supplement,0,1,1600428809640,0,0
plugin_ios_activity_recognition,"[""stationary""]",0,2,0,c050a6e9-7e5b-4da4-95a0-60c287f0557d,104HT,supplement,0,1,1600428809724,0,0
plugin_ios_activity_recognition,"[""stationary""]",0,2,0,c050a6e9-7e5b-4da4-95a0-60c287f0557d,104HT,,0,1,1600428812108,0,0
plugin_ios_activity_recognition,"[""stationary""]",0,2,0,c050a6e9-7e5b-4da4-95a0-60c287f0557d,104HT,,0,1,1600428989723,0,0
plugin_ios_activity_recognition,"[""stationary""]",0,2,0,c050a6e9-7e5b-4da4-95a0-60c287f0557d,104HT,supplement,0,1,1600428989724,0,0
plugin_ios_activity_recognition,,0,2,0,c050a6e9-7e5b-4da4-95a0-60c287f0557d,104HT,,0,0,1600429017759,0,0
plugin_ios_activity_recognition,"[""stationary""]",0,2,0,c050a6e9-7e5b-4da4-95a0-60c287f0557d,104HT,,0,1,1600429032858,0,0
plugin_ios_activity_recognition,"[""stationary""]",0,2,0,c050a6e9-7e5b-4da4-95a0-60c287f0557d,104HT,,0,1,1600429170307,0,0
plugin_ios_activity_recognition,"[""stationary""]",0,2,0,c050a6e9-7e5b-4da4-95a0-60c287f0557d,104HT,,0,1,1600429349639,0,0
plugin_ios_activity_recognition,"[""stationary""]",0,2,0,c050a6e9-7e5b-4da4-95a0-60c287f0557d,104HT,supplement,0,1,1600429529639,0,0
plugin_ios_activity_recognition,"[""stationary""]",0,2,0,c050a6e9-7e5b-4da4-95a0-60c287f0557d,104HT,,0,1,1600429529722,0,0
plugin_ios_activity_recognition,"[""stationary""]",0,2,0,c050a6e9-7e5b-4da4-95a0-60c287f0557d,104HT,,0,1,1600429709638,0,0
plugin_ios_activity_recognition,"[""stationary""]",0,2,0,c050a6e9-7e5b-4da4-95a0-60c287f0557d,104HT,supplement,0,1,1600429709639,0,0
plugin_ios_activity_recognition,"[""stationary""]",0,2,0,c050a6e9-7e5b-4da4-95a0-60c287f0557d,104HT,supplement,0,1,1600429889638,0,0
plugin_ios_activity_recognition,"[""stationary""]",0,2,0,c050a6e9-7e5b-4da4-95a0-60c287f0557d,104HT,,0,1,1600429889721,0,0
plugin_ios_activity_recognition,,0,2,0,c050a6e9-7e5b-4da4-95a0-60c287f0557d,104HT,,0,0,1600429890267,0,0
plugin_ios_activity_recognition,"[""stationary""]",0,2,0,c050a6e9-7e5b-4da4-95a0-60c287f0557d,104HT,,0,1,1600429902794,0,0
plugin_ios_activity_recognition,"[""stationary""]",0,2,0,c050a6e9-7e5b-4da4-95a0-60c287f0557d,104HT,supplement,0,1,1600430069638,0,0
plugin_ios_activity_recognition,"[""stationary""]",0,2,0,c050a6e9-7e5b-4da4-95a0-60c287f0557d,104HT,,0,1,1600430070316,0,0
plugin_ios_activity_recognition,"[""stationary""]",0,2,0,c050a6e9-7e5b-4da4-95a0-60c287f0557d,104HT,,0,1,1600430249719,0,0
plugin_ios_activity_recognition,,0,2,0,c050a6e9-7e5b-4da4-95a0-60c287f0557d,104HT,,0,0,1600430390077,0,0
plugin_ios_activity_recognition,"[""stationary""]",0,2,0,c050a6e9-7e5b-4da4-95a0-60c287f0557d,104HT,,0,1,1600430400970,0,0
plugin_ios_activity_recognition,"[""stationary""]",0,2,0,c050a6e9-7e5b-4da4-95a0-60c287f0557d,104HT,,0,1,1600430429721,0,0
plugin_ios_activity_recognition,"[""stationary""]",0,2,0,c050a6e9-7e5b-4da4-95a0-60c287f0557d,104HT,,0,1,1600430609637,0,0
plugin_ios_activity_recognition,"[""stationary""]",0,2,0,c050a6e9-7e5b-4da4-95a0-60c287f0557d,104HT,,0,1,1600430789637,0,0
plugin_ios_activity_recognition,"[""stationary""]",0,2,0,c050a6e9-7e5b-4da4-95a0-60c287f0557d,104HT,supplement,0,1,1600430969637,0,0
plugin_ios_activity_recognition,"[""stationary""]",0,2,0,c050a6e9-7e5b-4da4-95a0-60c287f0557d,104HT,,0,1,1600430972053,0,0
plugin_ios_activity_recognition,"[""stationary""]",0,2,0,c050a6e9-7e5b-4da4-95a0-60c287f0557d,104HT,supplement,0,1,1600431149637,0,0
plugin_ios_activity_recognition,"[""stationary""]",0,2,0,c050a6e9-7e5b-4da4-95a0-60c287f0557d,104HT,,0,1,1600431149720,0,0
plugin_ios_activity_recognition,"[""stationary""]",0,2,0,c050a6e9-7e5b-4da4-95a0-60c287f0557d,104HT,,0,1,1600431329719,0,0
plugin_ios_activity_recognition,,0,2,0,c050a6e9-7e5b-4da4-95a0-60c287f0557d,104HT,,0,0,1600431417129,0,0
plugin_ios_activity_recognition,"[""stationary""]",0,2,0,c050a6e9-7e5b-4da4-95a0-60c287f0557d,104HT,,0,1,1600431436697,0,0
plugin_ios_activity_recognition,"[""stationary""]",0,2,0,c050a6e9-7e5b-4da4-95a0-60c287f0557d,104HT,,0,1,1600431509636,0,0
plugin_ios_activity_recognition,"[""stationary""]",0,2,0,c050a6e9-7e5b-4da4-95a0-60c287f0557d,104HT,supplement,0,1,1600431689636,0,0
plugin_ios_activity_recognition,"[""stationary""]",0,2,0,c050a6e9-7e5b-4da4-95a0-60c287f0557d,104HT,,0,1,1600431689719,0,0
plugin_ios_activity_recognition,"[""stationary""]",0,2,0,c050a6e9-7e5b-4da4-95a0-60c287f0557d,104HT,supplement,0,1,1600431869636,0,0
plugin_ios_activity_recognition,"[""stationary""]",0,2,0,c050a6e9-7e5b-4da4-95a0-60c287f0557d,104HT,supplement,0,1,1600431869719,0,0
plugin_ios_activity_recognition,"[""stationary""]",0,2,0,c050a6e9-7e5b-4da4-95a0-60c287f0557d,104HT,,0,1,1600431870188,0,0
plugin_ios_activity_recognition,"[""stationary""]",0,2,0,c050a6e9-7e5b-4da4-95a0-60c287f0557d,104HT,,0,1,1600432049634,0,0
plugin_ios_activity_recognition,"[""stationary""]",0,2,0,c050a6e9-7e5b-4da4-95a0-60c287f0557d,104HT,supplement,0,1,1600432049719,0,0
plugin_ios_activity_recognition,"[""stationary""]",0,2,0,c050a6e9-7e5b-4da4-95a0-60c287f0557d,104HT,supplement,0,1,1600432229634,0,0
plugin_ios_activity_recognition,"[""stationary""]",0,2,0,c050a6e9-7e5b-4da4-95a0-60c287f0557d,104HT,,0,1,1600432229635,0,0
plugin_ios_activity_recognition,"[""stationary""]",0,2,0,c050a6e9-7e5b-4da4-95a0-60c287f0557d,104HT,supplement,0,1,1600432409634,0,0
plugin_ios_activity_recognition,"[""stationary""]",0,2,0,c050a6e9-7e5b-4da4-95a0-60c287f0557d,104HT,supplement,0,1,1600432409635,0,0
plugin_ios_activity_recognition,"[""stationary""]",0,2,0,c050a6e9-7e5b-4da4-95a0-60c287f0557d,104HT,,0,1,1600432409715,0,0
plugin_ios_activity_recognition,,0,2,0,c050a6e9-7e5b-4da4-95a0-60c287f0557d,104HT,,0,0,1600432423407,0,0
plugin_ios_activity_recognition,"[""stationary""]",0,2,0,c050a6e9-7e5b-4da4-95a0-60c287f0557d,104HT,,0,1,1600432436911,0,0
plugin_ios_activity_recognition,"[""stationary""]",0,2,0,c050a6e9-7e5b-4da4-95a0-60c287f0557d,104HT,supplement,0,1,1600432589635,0,0
plugin_ios_activity_recognition,"[""stationary""]",0,2,0,c050a6e9-7e5b-4da4-95a0-60c287f0557d,104HT,,0,1,1600432589714,0,0
plugin_ios_activity_recognition,"[""stationary""]",0,2,0,c050a6e9-7e5b-4da4-95a0-60c287f0557d,104HT,supplement,0,1,1600432769714,0,0
plugin_ios_activity_recognition,"[""stationary""]",0,2,0,c050a6e9-7e5b-4da4-95a0-60c287f0557d,104HT,,0,1,1600432770215,0,0
plugin_ios_activity_recognition,"[""stationary""]",0,2,0,c050a6e9-7e5b-4da4-95a0-60c287f0557d,104HT,,0,1,1600432949631,0,0
plugin_ios_activity_recognition,"[""stationary""]",0,2,0,c050a6e9-7e5b-4da4-95a0-60c287f0557d,104HT,supplement,0,1,1600432949714,0,0
plugin_ios_activity_recognition,"[""stationary""]",0,2,0,c050a6e9-7e5b-4da4-95a0-60c287f0557d,104HT,supplement,0,1,1600433129631,0,0
plugin_ios_activity_recognition,"[""stationary""]",0,2,0,c050a6e9-7e5b-4da4-95a0-60c287f0557d,104HT,,0,1,1600433129713,0,0
plugin_ios_activity_recognition,"[""stationary""]",0,2,0,c050a6e9-7e5b-4da4-95a0-60c287f0557d,104HT,,0,1,1600433309629,0,0
plugin_ios_activity_recognition,"[""stationary""]",0,2,0,c050a6e9-7e5b-4da4-95a0-60c287f0557d,104HT,supplement,0,1,1600433309631,0,0
plugin_ios_activity_recognition,"[""stationary""]",0,2,0,c050a6e9-7e5b-4da4-95a0-60c287f0557d,104HT,,0,1,1600433489629,0,0
plugin_ios_activity_recognition,"[""stationary""]",0,2,0,c050a6e9-7e5b-4da4-95a0-60c287f0557d,104HT,supplement,0,1,1600433669629,0,0
plugin_ios_activity_recognition,"[""stationary""]",0,2,0,c050a6e9-7e5b-4da4-95a0-60c287f0557d,104HT,,0,1,1600433670230,0,0
plugin_ios_activity_recognition,,0,2,0,c050a6e9-7e5b-4da4-95a0-60c287f0557d,104HT,,0,0,1600433823638,0,0
plugin_ios_activity_recognition,"[""stationary""]",0,2,0,c050a6e9-7e5b-4da4-95a0-60c287f0557d,104HT,,0,1,1600433830370,0,0
plugin_ios_activity_recognition,"[""stationary""]",0,2,0,c050a6e9-7e5b-4da4-95a0-60c287f0557d,104HT,supplement,0,1,1600433849629,0,0
plugin_ios_activity_recognition,"[""stationary""]",0,2,0,c050a6e9-7e5b-4da4-95a0-60c287f0557d,104HT,,0,1,1600433849709,0,0
plugin_ios_activity_recognition,"[""stationary""]",0,2,0,c050a6e9-7e5b-4da4-95a0-60c287f0557d,104HT,supplement,0,1,1600434029709,0,0
plugin_ios_activity_recognition,"[""stationary""]",0,2,0,c050a6e9-7e5b-4da4-95a0-60c287f0557d,104HT,,0,1,1600434029710,0,0
plugin_ios_activity_recognition,"[""stationary""]",0,2,0,c050a6e9-7e5b-4da4-95a0-60c287f0557d,104HT,,0,1,1600434209626,0,0
plugin_ios_activity_recognition,"[""stationary""]",0,2,0,c050a6e9-7e5b-4da4-95a0-60c287f0557d,104HT,supplement,0,1,1600434209709,0,0
plugin_ios_activity_recognition,"[""stationary""]",0,2,0,c050a6e9-7e5b-4da4-95a0-60c287f0557d,104HT,,0,1,1600434389626,0,0
plugin_ios_activity_recognition,"[""stationary""]",0,2,0,c050a6e9-7e5b-4da4-95a0-60c287f0557d,104HT,supplement,0,1,1600434569626,0,0
plugin_ios_activity_recognition,"[""stationary""]",0,2,0,c050a6e9-7e5b-4da4-95a0-60c287f0557d,104HT,,0,1,1600434570235,0,0
plugin_ios_activity_recognition,,0,2,0,c050a6e9-7e5b-4da4-95a0-60c287f0557d,104HT,,0,0,1600434649904,0,0
plugin_ios_activity_recognition,"[""stationary""]",0,2,0,c050a6e9-7e5b-4da4-95a0-60c287f0557d,104HT,,0,1,1600434662452,0,0
plugin_ios_activity_recognition,,0,2,0,c050a6e9-7e5b-4da4-95a0-60c287f0557d,104HT,,0,0,1600434677260,0,0
plugin_ios_activity_recognition,"[""stationary""]",0,2,0,c050a6e9-7e5b-4da4-95a0-60c287f0557d,104HT,,0,1,1600434722203,0,0
plugin_ios_activity_recognition,,0,2,0,c050a6e9-7e5b-4da4-95a0-60c287f0557d,104HT,,0,0,1600434727306,0,0
plugin_ios_activity_recognition,"[""stationary""]",0,2,0,c050a6e9-7e5b-4da4-95a0-60c287f0557d,104HT,,0,1,1600434745661,0,0
plugin_ios_activity_recognition,"[""stationary""]",0,2,0,c050a6e9-7e5b-4da4-95a0-60c287f0557d,104HT,supplement,0,1,1600434749626,0,0
plugin_ios_activity_recognition,"[""stationary""]",0,2,0,c050a6e9-7e5b-4da4-95a0-60c287f0557d,104HT,,0,1,1600434749632,0,0
plugin_ios_activity_recognition,,0,2,0,c050a6e9-7e5b-4da4-95a0-60c287f0557d,104HT,,0,0,1600434764015,0,0
plugin_ios_activity_recognition,"[""stationary""]",0,2,0,c050a6e9-7e5b-4da4-95a0-60c287f0557d,104HT,,0,1,1600434769471,0,0
plugin_ios_activity_recognition,,0,2,0,c050a6e9-7e5b-4da4-95a0-60c287f0557d,104HT,,0,0,1600434776841,0,0
plugin_ios_activity_recognition,"[""stationary""]",0,2,0,c050a6e9-7e5b-4da4-95a0-60c287f0557d,104HT,,0,1,1600434784568,0,0
plugin_ios_activity_recognition,,0,2,0,c050a6e9-7e5b-4da4-95a0-60c287f0557d,104HT,,0,0,1600434787466,0,0
plugin_ios_activity_recognition,"[""stationary""]",0,2,0,c050a6e9-7e5b-4da4-95a0-60c287f0557d,104HT,,0,1,1600434815094,0,0
plugin_ios_activity_recognition,,0,2,0,c050a6e9-7e5b-4da4-95a0-60c287f0557d,104HT,,0,0,1600434828163,0,0
plugin_ios_activity_recognition,"[""stationary""]",0,2,0,c050a6e9-7e5b-4da4-95a0-60c287f0557d,104HT,,0,1,1600434835833,0,0
plugin_ios_activity_recognition,,0,2,0,c050a6e9-7e5b-4da4-95a0-60c287f0557d,104HT,,0,0,1600434839343,0,0
plugin_ios_activity_recognition,,0,2,0,c050a6e9-7e5b-4da4-95a0-60c287f0557d,104HT,,0,0,1600434929720,0,0
plugin_ios_activity_recognition,"[""stationary""]",0,2,0,c050a6e9-7e5b-4da4-95a0-60c287f0557d,104HT,,0,1,1600434932536,0,0
plugin_ios_activity_recognition,,0,2,0,c050a6e9-7e5b-4da4-95a0-60c287f0557d,104HT,,0,0,1600434938281,0,0
plugin_ios_activity_recognition,"[""stationary""]",0,2,0,c050a6e9-7e5b-4da4-95a0-60c287f0557d,104HT,,0,1,1600434987737,0,0
plugin_ios_activity_recognition,,0,2,0,c050a6e9-7e5b-4da4-95a0-60c287f0557d,104HT,,0,0,1600435011718,0,0
plugin_ios_activity_recognition,"[""stationary""]",0,2,0,c050a6e9-7e5b-4da4-95a0-60c287f0557d,104HT,,0,1,1600435031343,0,0
plugin_ios_activity_recognition,,0,2,0,c050a6e9-7e5b-4da4-95a0-60c287f0557d,104HT,,0,0,1600435032573,0,0
plugin_ios_activity_recognition,"[""stationary""]",0,2,0,c050a6e9-7e5b-4da4-95a0-60c287f0557d,104HT,,0,1,1600435039642,0,0
plugin_ios_activity_recognition,,0,2,0,c050a6e9-7e5b-4da4-95a0-60c287f0557d,104HT,,0,0,1600435040930,0,0
plugin_ios_activity_recognition,"[""stationary""]",0,2,0,c050a6e9-7e5b-4da4-95a0-60c287f0557d,104HT,,0,1,1600435045108,0,0
plugin_ios_activity_recognition,,0,2,0,c050a6e9-7e5b-4da4-95a0-60c287f0557d,104HT,,0,0,1600435054102,0,0
plugin_ios_activity_recognition,"[""stationary""]",0,2,0,c050a6e9-7e5b-4da4-95a0-60c287f0557d,104HT,,0,1,1600435058280,0,0
plugin_ios_activity_recognition,,0,2,0,c050a6e9-7e5b-4da4-95a0-60c287f0557d,104HT,,0,0,1600435088291,0,0
plugin_ios_activity_recognition,"[""stationary""]",0,2,0,c050a6e9-7e5b-4da4-95a0-60c287f0557d,104HT,,0,1,1600435092834,0,0
plugin_ios_activity_recognition,"[""stationary""]",0,2,0,c050a6e9-7e5b-4da4-95a0-60c287f0557d,104HT,,0,1,1600435109627,0,0
plugin_ios_activity_recognition,,0,2,0,c050a6e9-7e5b-4da4-95a0-60c287f0557d,104HT,,0,0,1600435112044,0,0
plugin_ios_activity_recognition,"[""stationary""]",0,2,0,c050a6e9-7e5b-4da4-95a0-60c287f0557d,104HT,,0,1,1600435118102,0,0
plugin_ios_activity_recognition,,0,2,0,c050a6e9-7e5b-4da4-95a0-60c287f0557d,104HT,,0,0,1600435118468,0,0
plugin_ios_activity_recognition,"[""stationary""]",0,2,0,c050a6e9-7e5b-4da4-95a0-60c287f0557d,104HT,,0,1,1600435146342,0,0
plugin_ios_activity_recognition,,0,2,0,c050a6e9-7e5b-4da4-95a0-60c287f0557d,104HT,,0,0,1600435147934,0,0
plugin_ios_activity_recognition,"[""stationary""]",0,2,0,c050a6e9-7e5b-4da4-95a0-60c287f0557d,104HT,,0,1,1600435151443,0,0
plugin_ios_activity_recognition,,0,2,0,c050a6e9-7e5b-4da4-95a0-60c287f0557d,104HT,,0,0,1600435161336,0,0
plugin_ios_activity_recognition,"[""stationary""]",0,2,0,c050a6e9-7e5b-4da4-95a0-60c287f0557d,104HT,,0,1,1600435167705,0,0
plugin_ios_activity_recognition,,0,2,0,c050a6e9-7e5b-4da4-95a0-60c287f0557d,104HT,,0,0,1600435175388,0,0
plugin_ios_activity_recognition,"[""stationary""]",0,2,0,c050a6e9-7e5b-4da4-95a0-60c287f0557d,104HT,,0,1,1600435181452,0,0
plugin_ios_activity_recognition,,0,2,0,c050a6e9-7e5b-4da4-95a0-60c287f0557d,104HT,,0,0,1600435184001,0,0
plugin_ios_activity_recognition,"[""stationary""]",0,2,0,c050a6e9-7e5b-4da4-95a0-60c287f0557d,104HT,,0,1,1600435195468,0,0
plugin_ios_activity_recognition,,0,2,0,c050a6e9-7e5b-4da4-95a0-60c287f0557d,104HT,,0,0,1600435198652,0,0
plugin_ios_activity_recognition,"[""stationary""]",0,2,0,c050a6e9-7e5b-4da4-95a0-60c287f0557d,104HT,,0,1,1600435202850,0,0
plugin_ios_activity_recognition,,0,2,0,c050a6e9-7e5b-4da4-95a0-60c287f0557d,104HT,,0,0,1600435208230,0,0
plugin_ios_activity_recognition,"[""stationary""]",0,2,0,c050a6e9-7e5b-4da4-95a0-60c287f0557d,104HT,,0,1,1600435220351,0,0
plugin_ios_activity_recognition,,0,2,0,c050a6e9-7e5b-4da4-95a0-60c287f0557d,104HT,,0,0,1600435226091,0,0
plugin_ios_activity_recognition,"[""stationary""]",0,2,0,c050a6e9-7e5b-4da4-95a0-60c287f0557d,104HT,,0,1,1600435234395,0,0
plugin_ios_activity_recognition,,0,2,0,c050a6e9-7e5b-4da4-95a0-60c287f0557d,104HT,,0,0,1600435242058,0,0
plugin_ios_activity_recognition,"[""stationary""]",0,2,0,c050a6e9-7e5b-4da4-95a0-60c287f0557d,104HT,,0,1,1600435264159,0,0
plugin_ios_activity_recognition,,0,2,0,c050a6e9-7e5b-4da4-95a0-60c287f0557d,104HT,,0,0,1600435265726,0,0
plugin_ios_activity_recognition,"[""stationary""]",0,2,0,c050a6e9-7e5b-4da4-95a0-60c287f0557d,104HT,,0,1,1600435273403,0,0
plugin_ios_activity_recognition,,0,2,0,c050a6e9-7e5b-4da4-95a0-60c287f0557d,104HT,,0,0,1600435277234,0,0
plugin_ios_activity_recognition,,0,2,0,c050a6e9-7e5b-4da4-95a0-60c287f0557d,104HT,,0,0,1600435289720,0,0
plugin_ios_activity_recognition,"[""stationary""]",0,2,0,c050a6e9-7e5b-4da4-95a0-60c287f0557d,104HT,,0,1,1600435297714,0,0
plugin_ios_activity_recognition,,0,2,0,c050a6e9-7e5b-4da4-95a0-60c287f0557d,104HT,,0,0,1600435309835,0,0
plugin_ios_activity_recognition,"[""stationary""]",0,2,0,c050a6e9-7e5b-4da4-95a0-60c287f0557d,104HT,,0,1,1600435319728,0,0
plugin_ios_activity_recognition,,0,2,0,c050a6e9-7e5b-4da4-95a0-60c287f0557d,104HT,,0,0,1600435322978,0,0
plugin_ios_activity_recognition,"[""stationary""]",0,2,0,c050a6e9-7e5b-4da4-95a0-60c287f0557d,104HT,,0,1,1600435329326,0,0
plugin_ios_activity_recognition,,0,2,0,c050a6e9-7e5b-4da4-95a0-60c287f0557d,104HT,,0,0,1600435332531,0,0
plugin_ios_activity_recognition,"[""stationary""]",0,2,0,c050a6e9-7e5b-4da4-95a0-60c287f0557d,104HT,,0,1,1600435349842,0,0
plugin_ios_activity_recognition,,0,2,0,c050a6e9-7e5b-4da4-95a0-60c287f0557d,104HT,,0,0,1600435352707,0,0
plugin_ios_activity_recognition,"[""stationary""]",0,2,0,c050a6e9-7e5b-4da4-95a0-60c287f0557d,104HT,,0,1,1600435362919,0,0
plugin_ios_activity_recognition,,0,2,0,c050a6e9-7e5b-4da4-95a0-60c287f0557d,104HT,,0,0,1600435365173,0,0
plugin_ios_activity_recognition,"[""stationary""]",0,2,0,c050a6e9-7e5b-4da4-95a0-60c287f0557d,104HT,,0,1,1600435377937,0,0
plugin_ios_activity_recognition,,0,2,0,c050a6e9-7e5b-4da4-95a0-60c287f0557d,104HT,,0,0,1600435419430,0,0
plugin_ios_activity_recognition,"[""stationary""]",0,2,0,c050a6e9-7e5b-4da4-95a0-60c287f0557d,104HT,,0,1,1600435425235,0,0
plugin_ios_activity_recognition,,0,2,0,c050a6e9-7e5b-4da4-95a0-60c287f0557d,104HT,,0,0,1600435441164,0,0
plugin_ios_activity_recognition,"[""stationary""]",0,2,0,c050a6e9-7e5b-4da4-95a0-60c287f0557d,104HT,,0,1,1600435445955,0,0
plugin_ios_activity_recognition,"[""stationary""]",0,2,0,c050a6e9-7e5b-4da4-95a0-60c287f0557d,104HT,,0,1,1600435470799,0,0
plugin_ios_activity_recognition,,0,2,0,c050a6e9-7e5b-4da4-95a0-60c287f0557d,104HT,,0,0,1600435498578,0,0
plugin_ios_activity_recognition,"[""stationary""]",0,2,0,c050a6e9-7e5b-4da4-95a0-60c287f0557d,104HT,,0,1,1600435506937,0,0
plugin_ios_activity_recognition,,0,2,0,c050a6e9-7e5b-4da4-95a0-60c287f0557d,104HT,,0,0,1600435508811,0,0
plugin_ios_activity_recognition,"[""stationary""]",0,2,0,c050a6e9-7e5b-4da4-95a0-60c287f0557d,104HT,,0,1,1600435540553,0,0
plugin_ios_activity_recognition,,0,2,0,c050a6e9-7e5b-4da4-95a0-60c287f0557d,104HT,,0,0,1600435542829,0,0
plugin_ios_activity_recognition,"[""stationary""]",0,2,0,c050a6e9-7e5b-4da4-95a0-60c287f0557d,104HT,,0,1,1600435557461,0,0
plugin_ios_activity_recognition,,0,2,0,c050a6e9-7e5b-4da4-95a0-60c287f0557d,104HT,,0,0,1600435558139,0,0
plugin_ios_activity_recognition,"[""stationary""]",0,2,0,c050a6e9-7e5b-4da4-95a0-60c287f0557d,104HT,,0,1,1600435595322,0,0
plugin_ios_activity_recognition,,0,2,0,c050a6e9-7e5b-4da4-95a0-60c287f0557d,104HT,,0,0,1600435603610,0,0
plugin_ios_activity_recognition,"[""stationary""]",0,2,0,c050a6e9-7e5b-4da4-95a0-60c287f0557d,104HT,,0,1,1600435644006,0,0
plugin_ios_activity_recognition,"[""stationary""]",0,2,0,c050a6e9-7e5b-4da4-95a0-60c287f0557d,104HT,,0,1,1600435649622,0,0
plugin_ios_activity_recognition,,0,2,0,c050a6e9-7e5b-4da4-95a0-60c287f0557d,104HT,,0,0,1600435651341,0,0
plugin_ios_activity_recognition,"[""stationary""]",0,2,0,c050a6e9-7e5b-4da4-95a0-60c287f0557d,104HT,,0,1,1600435679578,0,0
plugin_ios_activity_recognition,,0,2,0,c050a6e9-7e5b-4da4-95a0-60c287f0557d,104HT,,0,0,1600435683807,0,0
plugin_ios_activity_recognition,"[""stationary""]",0,2,0,c050a6e9-7e5b-4da4-95a0-60c287f0557d,104HT,,0,1,1600435694335,0,0
plugin_ios_activity_recognition,,0,2,0,c050a6e9-7e5b-4da4-95a0-60c287f0557d,104HT,,0,0,1600435699771,0,0
plugin_ios_activity_recognition,"[""stationary""]",0,2,0,c050a6e9-7e5b-4da4-95a0-60c287f0557d,104HT,,0,1,1600435717667,0,0
plugin_ios_activity_recognition,,0,2,0,c050a6e9-7e5b-4da4-95a0-60c287f0557d,104HT,,0,0,1600435736825,0,0
plugin_ios_activity_recognition,"[""stationary""]",0,2,0,c050a6e9-7e5b-4da4-95a0-60c287f0557d,104HT,,0,1,1600435749973,0,0
plugin_ios_activity_recognition,,0,2,0,c050a6e9-7e5b-4da4-95a0-60c287f0557d,104HT,,0,0,1600435764007,0,0
plugin_ios_activity_recognition,"[""stationary""]",0,2,0,c050a6e9-7e5b-4da4-95a0-60c287f0557d,104HT,,0,1,1600435793922,0,0
plugin_ios_activity_recognition,,0,2,0,c050a6e9-7e5b-4da4-95a0-60c287f0557d,104HT,,0,0,1600435795472,0,0
plugin_ios_activity_recognition,"[""stationary""]",0,2,0,c050a6e9-7e5b-4da4-95a0-60c287f0557d,104HT,,0,1,1600435799023,0,0
plugin_ios_activity_recognition,,0,2,0,c050a6e9-7e5b-4da4-95a0-60c287f0557d,104HT,,0,0,1600435799297,0,0
plugin_ios_activity_recognition,"[""walking""]",0,1,0,c050a6e9-7e5b-4da4-95a0-60c287f0557d,104HT,,0,0,1600435804176,0,1
plugin_ios_activity_recognition,"[""walking""]",0,2,0,c050a6e9-7e5b-4da4-95a0-60c287f0557d,104HT,,0,0,1600435807637,0,1
plugin_ios_activity_recognition,"[""walking""]",0,2,0,c050a6e9-7e5b-4da4-95a0-60c287f0557d,104HT,,0,0,1600435829625,0,1
plugin_ios_activity_recognition,"[""stationary""]",0,2,0,c050a6e9-7e5b-4da4-95a0-60c287f0557d,104HT,,0,1,1600435830408,0,0
plugin_ios_activity_recognition,"[""walking""]",0,2,0,c050a6e9-7e5b-4da4-95a0-60c287f0557d,104HT,,0,0,1600435839023,0,1
plugin_ios_activity_recognition,,0,2,0,c050a6e9-7e5b-4da4-95a0-60c287f0557d,104HT,,0,0,1600435845168,0,0
plugin_ios_activity_recognition,"[""stationary""]",0,2,0,c050a6e9-7e5b-4da4-95a0-60c287f0557d,104HT,,0,1,1600435882713,0,0
plugin_ios_activity_recognition,,0,2,0,c050a6e9-7e5b-4da4-95a0-60c287f0557d,104HT,,0,0,1600435890038,0,0
plugin_ios_activity_recognition,"[""stationary""]",0,2,0,c050a6e9-7e5b-4da4-95a0-60c287f0557d,104HT,,0,1,1600435923437,0,0
plugin_ios_activity_recognition,,0,2,0,c050a6e9-7e5b-4da4-95a0-60c287f0557d,104HT,,0,0,1600435924387,0,0
plugin_ios_activity_recognition,"[""stationary""]",0,2,0,c050a6e9-7e5b-4da4-95a0-60c287f0557d,104HT,,0,1,1600436006522,0,0
plugin_ios_activity_recognition,"[""stationary""]",0,2,0,c050a6e9-7e5b-4da4-95a0-60c287f0557d,104HT,,0,1,1600436009718,0,0
plugin_ios_activity_recognition,,0,2,0,c050a6e9-7e5b-4da4-95a0-60c287f0557d,104HT,,0,0,1600436019352,0,0
plugin_ios_activity_recognition,"[""stationary""]",0,2,0,c050a6e9-7e5b-4da4-95a0-60c287f0557d,104HT,,0,1,1600436045349,0,0
plugin_ios_activity_recognition,,0,2,0,c050a6e9-7e5b-4da4-95a0-60c287f0557d,104HT,,0,0,1600436047223,0,0
plugin_ios_activity_recognition,"[""stationary""]",0,2,0,c050a6e9-7e5b-4da4-95a0-60c287f0557d,104HT,,0,1,1600436057447,0,0
plugin_ios_activity_recognition,,0,2,0,c050a6e9-7e5b-4da4-95a0-60c287f0557d,104HT,,0,0,1600436059690,0,0
plugin_ios_activity_recognition,"[""stationary""]",0,2,0,c050a6e9-7e5b-4da4-95a0-60c287f0557d,104HT,,0,1,1600436063256,0,0
plugin_ios_activity_recognition,,0,2,0,c050a6e9-7e5b-4da4-95a0-60c287f0557d,104HT,,0,0,1600436065445,0,0
plugin_ios_activity_recognition,"[""stationary""]",0,2,0,c050a6e9-7e5b-4da4-95a0-60c287f0557d,104HT,,0,1,1600436124929,0,0
plugin_ios_activity_recognition,,0,2,0,c050a6e9-7e5b-4da4-95a0-60c287f0557d,104HT,,0,0,1600436136041,0,0
plugin_ios_activity_recognition,"[""stationary""]",0,2,0,c050a6e9-7e5b-4da4-95a0-60c287f0557d,104HT,,0,1,1600436148210,0,0
plugin_ios_activity_recognition,,0,2,0,c050a6e9-7e5b-4da4-95a0-60c287f0557d,104HT,,0,0,1600436157135,0,0
plugin_ios_activity_recognition,"[""stationary""]",0,2,0,c050a6e9-7e5b-4da4-95a0-60c287f0557d,104HT,,0,1,1600436171239,0,0
plugin_ios_activity_recognition,,0,2,0,c050a6e9-7e5b-4da4-95a0-60c287f0557d,104HT,,0,0,1600436188822,0,0
plugin_ios_activity_recognition,,0,2,0,c050a6e9-7e5b-4da4-95a0-60c287f0557d,104HT,,0,0,1600436189718,0,0
plugin_ios_activity_recognition,"[""stationary""]",0,2,0,c050a6e9-7e5b-4da4-95a0-60c287f0557d,104HT,,0,1,1600436192287,0,0
plugin_ios_activity_recognition,,0,2,0,c050a6e9-7e5b-4da4-95a0-60c287f0557d,104HT,,0,0,1600436205384,0,0
plugin_ios_activity_recognition,"[""stationary""]",0,2,0,c050a6e9-7e5b-4da4-95a0-60c287f0557d,104HT,,0,1,1600436208896,0,0
plugin_ios_activity_recognition,,0,2,0,c050a6e9-7e5b-4da4-95a0-60c287f0557d,104HT,,0,0,1600436320573,0,0
plugin_ios_activity_recognition,"[""stationary""]",0,2,0,c050a6e9-7e5b-4da4-95a0-60c287f0557d,104HT,,0,1,1600436331129,0,0
plugin_ios_activity_recognition,,0,2,0,c050a6e9-7e5b-4da4-95a0-60c287f0557d,104HT,,0,0,1600436353146,0,0
plugin_ios_activity_recognition,"[""stationary""]",0,2,0,c050a6e9-7e5b-4da4-95a0-60c287f0557d,104HT,,0,1,1600436356656,0,0
plugin_ios_activity_recognition,,0,2,0,c050a6e9-7e5b-4da4-95a0-60c287f0557d,104HT,,0,0,1600436365900,0,0
plugin_ios_activity_recognition,,0,2,0,c050a6e9-7e5b-4da4-95a0-60c287f0557d,104HT,,0,0,1600436370834,0,0
plugin_ios_activity_recognition,"[""stationary""]",0,2,0,c050a6e9-7e5b-4da4-95a0-60c287f0557d,104HT,,0,1,1600436372652,0,0
plugin_ios_activity_recognition,,0,2,0,c050a6e9-7e5b-4da4-95a0-60c287f0557d,104HT,,0,0,1600436373253,0,0
plugin_ios_activity_recognition,"[""stationary""]",0,2,0,c050a6e9-7e5b-4da4-95a0-60c287f0557d,104HT,,0,1,1600436388313,0,0
plugin_ios_activity_recognition,,0,2,0,c050a6e9-7e5b-4da4-95a0-60c287f0557d,104HT,,0,0,1600436390889,0,0
plugin_ios_activity_recognition,"[""stationary""]",0,2,0,c050a6e9-7e5b-4da4-95a0-60c287f0557d,104HT,,0,1,1600436445733,0,0
plugin_ios_activity_recognition,,0,2,0,c050a6e9-7e5b-4da4-95a0-60c287f0557d,104HT,,0,0,1600436447648,0,0
plugin_ios_activity_recognition,,0,2,0,c050a6e9-7e5b-4da4-95a0-60c287f0557d,104HT,,0,0,1600436549814,0,0
plugin_ios_activity_recognition,"[""walking""]",0,2,0,c050a6e9-7e5b-4da4-95a0-60c287f0557d,104HT,,0,0,1600436591113,0,1
plugin_ios_activity_recognition,"[""stationary""]",0,2,0,c050a6e9-7e5b-4da4-95a0-60c287f0557d,104HT,,0,1,1600436650577,0,0
plugin_ios_activity_recognition,"[""walking""]",0,2,0,c050a6e9-7e5b-4da4-95a0-60c287f0557d,104HT,,0,0,1600436650884,0,1
plugin_ios_activity_recognition,,0,2,0,c050a6e9-7e5b-4da4-95a0-60c287f0557d,104HT,,0,0,1600436691501,0,0
plugin_ios_activity_recognition,,0,2,0,c050a6e9-7e5b-4da4-95a0-60c287f0557d,104HT,,0,0,1600436729716,0,0
plugin_ios_activity_recognition,,0,2,0,c050a6e9-7e5b-4da4-95a0-60c287f0557d,104HT,,0,0,1600436909624,0,0
plugin_ios_activity_recognition,"[""stationary""]",0,2,0,c050a6e9-7e5b-4da4-95a0-60c287f0557d,104HT,,0,1,1600436921337,0,0
plugin_ios_activity_recognition,,0,2,0,c050a6e9-7e5b-4da4-95a0-60c287f0557d,104HT,,0,0,1600436921966,0,0
plugin_ios_activity_recognition,"[""walking""]",0,1,0,c050a6e9-7e5b-4da4-95a0-60c287f0557d,104HT,,0,0,1600436925875,0,1
plugin_ios_activity_recognition,"[""stationary""]",0,2,0,c050a6e9-7e5b-4da4-95a0-60c287f0557d,104HT,,0,1,1600436944483,0,0
plugin_ios_activity_recognition,,0,2,0,c050a6e9-7e5b-4da4-95a0-60c287f0557d,104HT,,0,0,1600436949279,0,0
plugin_ios_activity_recognition,"[""stationary""]",0,2,0,c050a6e9-7e5b-4da4-95a0-60c287f0557d,104HT,,0,1,1600436956347,0,0
plugin_ios_activity_recognition,,0,2,0,c050a6e9-7e5b-4da4-95a0-60c287f0557d,104HT,,0,0,1600436959854,0,0
plugin_ios_activity_recognition,"[""walking""]",0,1,0,c050a6e9-7e5b-4da4-95a0-60c287f0557d,104HT,,0,0,1600436964407,0,1
plugin_ios_activity_recognition,"[""walking""]",0,2,0,c050a6e9-7e5b-4da4-95a0-60c287f0557d,104HT,,0,0,1600436966980,0,1
plugin_ios_activity_recognition,,0,2,0,c050a6e9-7e5b-4da4-95a0-60c287f0557d,104HT,,0,0,1600437044260,0,0
plugin_ios_activity_recognition,"[""walking""]",0,2,0,c050a6e9-7e5b-4da4-95a0-60c287f0557d,104HT,,0,0,1600437051988,0,1
plugin_ios_activity_recognition,"[""stationary""]",0,2,0,c050a6e9-7e5b-4da4-95a0-60c287f0557d,104HT,,0,1,1600437088025,0,0
plugin_ios_activity_recognition,"[""stationary""]",0,2,0,c050a6e9-7e5b-4da4-95a0-60c287f0557d,104HT,,0,1,1600437089624,0,0
plugin_ios_activity_recognition,,0,2,0,c050a6e9-7e5b-4da4-95a0-60c287f0557d,104HT,,0,0,1600437178594,0,0
plugin_ios_activity_recognition,"[""walking""]",0,1,0,c050a6e9-7e5b-4da4-95a0-60c287f0557d,104HT,,0,0,1600437182496,0,1
plugin_ios_activity_recognition,"[""walking""]",0,2,0,c050a6e9-7e5b-4da4-95a0-60c287f0557d,104HT,,0,0,1600437192800,0,1
plugin_ios_activity_recognition,,0,2,0,c050a6e9-7e5b-4da4-95a0-60c287f0557d,104HT,,0,0,1600437270075,0,0
plugin_ios_activity_recognition,,0,2,0,c050a6e9-7e5b-4da4-95a0-60c287f0557d,104HT,,0,0,1600437273852,0,0
plugin_ios_activity_recognition,"[""stationary""]",0,2,0,c050a6e9-7e5b-4da4-95a0-60c287f0557d,104HT,,0,1,1600437318279,0,0
plugin_ios_activity_recognition,,0,2,0,c050a6e9-7e5b-4da4-95a0-60c287f0557d,104HT,,0,0,1600437324673,0,0
plugin_ios_activity_recognition,"[""stationary""]",0,2,0,c050a6e9-7e5b-4da4-95a0-60c287f0557d,104HT,,0,1,1600437337498,0,0
plugin_ios_activity_recognition,,0,2,0,c050a6e9-7e5b-4da4-95a0-60c287f0557d,104HT,,0,0,1600437358315,0,0
plugin_ios_activity_recognition,"[""stationary""]",0,2,0,c050a6e9-7e5b-4da4-95a0-60c287f0557d,104HT,,0,1,1600437361832,0,0
plugin_ios_activity_recognition,,0,2,0,c050a6e9-7e5b-4da4-95a0-60c287f0557d,104HT,,0,0,1600437389960,0,0
plugin_ios_activity_recognition,"[""stationary""]",0,2,0,c050a6e9-7e5b-4da4-95a0-60c287f0557d,104HT,,0,1,1600437401537,0,0
plugin_ios_activity_recognition,,0,2,0,c050a6e9-7e5b-4da4-95a0-60c287f0557d,104HT,,0,0,1600437406358,0,0
plugin_ios_activity_recognition,"[""stationary""]",0,2,0,c050a6e9-7e5b-4da4-95a0-60c287f0557d,104HT,,0,1,1600437412461,0,0
plugin_ios_activity_recognition,,0,2,0,c050a6e9-7e5b-4da4-95a0-60c287f0557d,104HT,,0,0,1600437419846,0,0
plugin_ios_activity_recognition,"[""stationary""]",0,2,0,c050a6e9-7e5b-4da4-95a0-60c287f0557d,104HT,,0,1,1600437426275,0,0
plugin_ios_activity_recognition,,0,2,0,c050a6e9-7e5b-4da4-95a0-60c287f0557d,104HT,,0,0,1600437427885,0,0
plugin_ios_activity_recognition,"[""stationary""]",0,2,0,c050a6e9-7e5b-4da4-95a0-60c287f0557d,104HT,,0,1,1600437434334,0,0
plugin_ios_activity_recognition,"[""stationary""]",0,2,0,c050a6e9-7e5b-4da4-95a0-60c287f0557d,104HT,,0,1,1600437449703,0,0
plugin_ios_activity_recognition,,0,2,0,c050a6e9-7e5b-4da4-95a0-60c287f0557d,104HT,,0,0,1600437485058,0,0
plugin_ios_activity_recognition,"[""stationary""]",0,2,0,c050a6e9-7e5b-4da4-95a0-60c287f0557d,104HT,,0,1,1600437497292,0,0
plugin_ios_activity_recognition,,0,2,0,c050a6e9-7e5b-4da4-95a0-60c287f0557d,104HT,,0,0,1600437499197,0,0
plugin_ios_activity_recognition,"[""stationary""]",0,2,0,c050a6e9-7e5b-4da4-95a0-60c287f0557d,104HT,,0,1,1600437509128,0,0
plugin_ios_activity_recognition,,0,2,0,c050a6e9-7e5b-4da4-95a0-60c287f0557d,104HT,,0,0,1600437511999,0,0
plugin_ios_activity_recognition,"[""stationary""]",0,2,0,c050a6e9-7e5b-4da4-95a0-60c287f0557d,104HT,,0,1,1600437523229,0,0
plugin_ios_activity_recognition,,0,2,0,c050a6e9-7e5b-4da4-95a0-60c287f0557d,104HT,,0,0,1600437525471,0,0
plugin_ios_activity_recognition,"[""stationary""]",0,2,0,c050a6e9-7e5b-4da4-95a0-60c287f0557d,104HT,,0,1,1600437529316,0,0
plugin_ios_activity_recognition,,0,2,0,c050a6e9-7e5b-4da4-95a0-60c287f0557d,104HT,,0,0,1600437537939,0,0
plugin_ios_activity_recognition,"[""stationary""]",0,2,0,c050a6e9-7e5b-4da4-95a0-60c287f0557d,104HT,,0,1,1600437546619,0,0
plugin_ios_activity_recognition,,0,2,0,c050a6e9-7e5b-4da4-95a0-60c287f0557d,104HT,,0,0,1600437578903,0,0
plugin_ios_activity_recognition,"[""stationary""]",0,2,0,c050a6e9-7e5b-4da4-95a0-60c287f0557d,104HT,,0,1,1600437590487,0,0
plugin_ios_activity_recognition,,0,2,0,c050a6e9-7e5b-4da4-95a0-60c287f0557d,104HT,,0,0,1600437596188,0,0
plugin_ios_activity_recognition,"[""stationary""]",0,2,0,c050a6e9-7e5b-4da4-95a0-60c287f0557d,104HT,,0,1,1600437602283,0,0
plugin_ios_activity_recognition,,0,2,0,c050a6e9-7e5b-4da4-95a0-60c287f0557d,104HT,,0,0,1600437607700,0,0
plugin_ios_activity_recognition,"[""stationary""]",0,2,0,c050a6e9-7e5b-4da4-95a0-60c287f0557d,104HT,,0,1,1600437615102,0,0
plugin_ios_activity_recognition,"[""stationary""]",0,2,0,c050a6e9-7e5b-4da4-95a0-60c287f0557d,104HT,,0,1,1600437629702,0,0
plugin_ios_activity_recognition,,0,2,0,c050a6e9-7e5b-4da4-95a0-60c287f0557d,104HT,,0,0,1600437712640,0,0
plugin_ios_activity_recognition,"[""stationary""]",0,2,0,c050a6e9-7e5b-4da4-95a0-60c287f0557d,104HT,,0,1,1600437721953,0,0
plugin_ios_activity_recognition,,0,2,0,c050a6e9-7e5b-4da4-95a0-60c287f0557d,104HT,,0,0,1600437747531,0,0
plugin_ios_activity_recognition,"[""stationary""]",0,2,0,c050a6e9-7e5b-4da4-95a0-60c287f0557d,104HT,,0,1,1600437757798,0,0
plugin_ios_activity_recognition,"[""stationary""]",0,2,0,c050a6e9-7e5b-4da4-95a0-60c287f0557d,104HT,,0,1,1600437809620,0,0
plugin_ios_activity_recognition,,0,2,0,c050a6e9-7e5b-4da4-95a0-60c287f0557d,104HT,,0,0,1600437815076,0,0
plugin_ios_activity_recognition,"[""stationary""]",0,2,0,c050a6e9-7e5b-4da4-95a0-60c287f0557d,104HT,,0,1,1600437823103,0,0
plugin_ios_activity_recognition,,0,2,0,c050a6e9-7e5b-4da4-95a0-60c287f0557d,104HT,,0,0,1600437924464,0,0
plugin_ios_activity_recognition,"[""stationary""]",0,2,0,c050a6e9-7e5b-4da4-95a0-60c287f0557d,104HT,,0,1,1600437932818,0,0
plugin_ios_activity_recognition,,0,2,0,c050a6e9-7e5b-4da4-95a0-60c287f0557d,104HT,,0,0,1600437939866,0,0
plugin_ios_activity_recognition,"[""stationary""]",0,2,0,c050a6e9-7e5b-4da4-95a0-60c287f0557d,104HT,,0,1,1600437948919,0,0
plugin_ios_activity_recognition,"[""stationary""]",0,2,0,c050a6e9-7e5b-4da4-95a0-60c287f0557d,104HT,,0,1,1600437989703,0,0
plugin_ios_activity_recognition,,0,2,0,c050a6e9-7e5b-4da4-95a0-60c287f0557d,104HT,,0,0,1600437992681,0,0
plugin_ios_activity_recognition,"[""stationary""]",0,2,0,c050a6e9-7e5b-4da4-95a0-60c287f0557d,104HT,,0,1,1600438006484,0,0
plugin_ios_activity_recognition,,0,2,0,c050a6e9-7e5b-4da4-95a0-60c287f0557d,104HT,,0,0,1600438034958,0,0
plugin_ios_activity_recognition,"[""stationary""]",0,2,0,c050a6e9-7e5b-4da4-95a0-60c287f0557d,104HT,,0,1,1600438039151,0,0
plugin_ios_activity_recognition,,0,2,0,c050a6e9-7e5b-4da4-95a0-60c287f0557d,104HT,,0,0,1600438047786,0,0
plugin_ios_activity_recognition,"[""stationary""]",0,2,0,c050a6e9-7e5b-4da4-95a0-60c287f0557d,104HT,,0,1,1600438052274,0,0
plugin_ios_activity_recognition,,0,2,0,c050a6e9-7e5b-4da4-95a0-60c287f0557d,104HT,,0,0,1600438056104,0,0
plugin_ios_activity_recognition,"[""stationary""]",0,2,0,c050a6e9-7e5b-4da4-95a0-60c287f0557d,104HT,,0,1,1600438061887,0,0
plugin_ios_activity_recognition,,0,2,0,c050a6e9-7e5b-4da4-95a0-60c287f0557d,104HT,,0,0,1600438066350,0,0
plugin_ios_activity_recognition,"[""stationary""]",0,2,0,c050a6e9-7e5b-4da4-95a0-60c287f0557d,104HT,,0,1,1600438077608,0,0
plugin_ios_activity_recognition,,0,2,0,c050a6e9-7e5b-4da4-95a0-60c287f0557d,104HT,,0,0,1600438089422,0,0
plugin_ios_activity_recognition,"[""stationary""]",0,2,0,c050a6e9-7e5b-4da4-95a0-60c287f0557d,104HT,,0,1,1600438098089,0,0
plugin_ios_activity_recognition,,0,2,0,c050a6e9-7e5b-4da4-95a0-60c287f0557d,104HT,,0,0,1600438098726,0,0
plugin_ios_activity_recognition,"[""stationary""]",0,2,0,c050a6e9-7e5b-4da4-95a0-60c287f0557d,104HT,,0,1,1600438106122,0,0
plugin_ios_activity_recognition,,0,2,0,c050a6e9-7e5b-4da4-95a0-60c287f0557d,104HT,,0,0,1600438118327,0,0
plugin_ios_activity_recognition,"[""stationary""]",0,2,0,c050a6e9-7e5b-4da4-95a0-60c287f0557d,104HT,,0,1,1600438125363,0,0
plugin_ios_activity_recognition,,0,2,0,c050a6e9-7e5b-4da4-95a0-60c287f0557d,104HT,,0,0,1600438133716,0,0
plugin_ios_activity_recognition,"[""stationary""]",0,2,0,c050a6e9-7e5b-4da4-95a0-60c287f0557d,104HT,,0,1,1600438138588,0,0
plugin_ios_activity_recognition,,0,2,0,c050a6e9-7e5b-4da4-95a0-60c287f0557d,104HT,,0,0,1600438139512,0,0
plugin_ios_activity_recognition,"[""stationary""]",0,2,0,c050a6e9-7e5b-4da4-95a0-60c287f0557d,104HT,,0,1,1600438150728,0,0
plugin_ios_activity_recognition,,0,2,0,c050a6e9-7e5b-4da4-95a0-60c287f0557d,104HT,,0,0,1600438155528,0,0
plugin_ios_activity_recognition,"[""stationary""]",0,2,0,c050a6e9-7e5b-4da4-95a0-60c287f0557d,104HT,,0,1,1600438159695,0,0
plugin_ios_activity_recognition,,0,2,0,c050a6e9-7e5b-4da4-95a0-60c287f0557d,104HT,,0,0,1600438162556,0,0
plugin_ios_activity_recognition,"[""stationary""]",0,2,0,c050a6e9-7e5b-4da4-95a0-60c287f0557d,104HT,,0,1,1600438166399,0,0
plugin_ios_activity_recognition,,0,2,0,c050a6e9-7e5b-4da4-95a0-60c287f0557d,104HT,,0,0,1600438168003,0,0
plugin_ios_activity_recognition,,0,2,0,c050a6e9-7e5b-4da4-95a0-60c287f0557d,104HT,,0,0,1600438170701,0,0
plugin_ios_activity_recognition,"[""stationary""]",0,2,0,c050a6e9-7e5b-4da4-95a0-60c287f0557d,104HT,,0,1,1600438172487,0,0
plugin_ios_activity_recognition,,0,2,0,c050a6e9-7e5b-4da4-95a0-60c287f0557d,104HT,,0,0,1600438172804,0,0
plugin_ios_activity_recognition,"[""stationary""]",0,2,0,c050a6e9-7e5b-4da4-95a0-60c287f0557d,104HT,,0,1,1600438191714,0,0
plugin_ios_activity_recognition,,0,2,0,c050a6e9-7e5b-4da4-95a0-60c287f0557d,104HT,,0,0,1600438201619,0,0
plugin_ios_activity_recognition,"[""stationary""]",0,2,0,c050a6e9-7e5b-4da4-95a0-60c287f0557d,104HT,,0,1,1600438208673,0,0
plugin_ios_activity_recognition,,0,2,0,c050a6e9-7e5b-4da4-95a0-60c287f0557d,104HT,,0,0,1600438222725,0,0
plugin_ios_activity_recognition,"[""stationary""]",0,2,0,c050a6e9-7e5b-4da4-95a0-60c287f0557d,104HT,,0,1,1600438239401,0,0
plugin_ios_activity_recognition,,0,2,0,c050a6e9-7e5b-4da4-95a0-60c287f0557d,104HT,,0,0,1600438253442,0,0
plugin_ios_activity_recognition,"[""stationary""]",0,2,0,c050a6e9-7e5b-4da4-95a0-60c287f0557d,104HT,,0,1,1600438259872,0,0
plugin_ios_activity_recognition,,0,2,0,c050a6e9-7e5b-4da4-95a0-60c287f0557d,104HT,,0,0,1600438261144,0,0
plugin_ios_activity_recognition,"[""stationary""]",0,2,0,c050a6e9-7e5b-4da4-95a0-60c287f0557d,104HT,,0,1,1600438266925,0,0
plugin_ios_activity_recognition,,0,2,0,c050a6e9-7e5b-4da4-95a0-60c287f0557d,104HT,,0,0,1600438271111,0,0
plugin_ios_activity_recognition,"[""stationary""]",0,2,0,c050a6e9-7e5b-4da4-95a0-60c287f0557d,104HT,,0,1,1600438301017,0,0
plugin_ios_activity_recognition,"[""stationary""]",0,2,0,c050a6e9-7e5b-4da4-95a0-60c287f0557d,104HT,,0,1,1600438349621,0,0
plugin_ios_activity_recognition,"[""stationary""]",0,2,0,c050a6e9-7e5b-4da4-95a0-60c287f0557d,104HT,supplement,0,1,1600438529621,0,0
plugin_ios_activity_recognition,"[""stationary""]",0,2,0,c050a6e9-7e5b-4da4-95a0-60c287f0557d,104HT,,0,1,1600438529703,0,0
plugin_ios_activity_recognition,"[""stationary""]",0,2,0,c050a6e9-7e5b-4da4-95a0-60c287f0557d,104HT,supplement,0,1,1600438709621,0,0
plugin_ios_activity_recognition,"[""stationary""]",0,2,0,c050a6e9-7e5b-4da4-95a0-60c287f0557d,104HT,,0,1,1600438709701,0,0
plugin_ios_activity_recognition,,0,2,0,c050a6e9-7e5b-4da4-95a0-60c287f0557d,104HT,,0,0,1600438726907,0,0
plugin_ios_activity_recognition,"[""stationary""]",0,2,0,c050a6e9-7e5b-4da4-95a0-60c287f0557d,104HT,,0,1,1600438730427,0,0
plugin_ios_activity_recognition,,0,2,0,c050a6e9-7e5b-4da4-95a0-60c287f0557d,104HT,,0,0,1600438749378,0,0
plugin_ios_activity_recognition,"[""walking""]",0,1,0,c050a6e9-7e5b-4da4-95a0-60c287f0557d,104HT,,0,0,1600438752968,0,1
plugin_ios_activity_recognition,"[""walking""]",0,2,0,c050a6e9-7e5b-4da4-95a0-60c287f0557d,104HT,,0,0,1600438763241,0,1
plugin_ios_activity_recognition,,0,2,0,c050a6e9-7e5b-4da4-95a0-60c287f0557d,104HT,,0,0,1600438814666,0,0
plugin_ios_activity_recognition,,0,2,0,c050a6e9-7e5b-4da4-95a0-60c287f0557d,104HT,,0,0,1600438889852,0,0
plugin_ios_activity_recognition,"[""stationary""]",0,2,0,c050a6e9-7e5b-4da4-95a0-60c287f0557d,104HT,,0,1,1600438933154,0,0
plugin_ios_activity_recognition,,0,2,0,c050a6e9-7e5b-4da4-95a0-60c287f0557d,104HT,,0,0,1600439062286,0,0
plugin_ios_activity_recognition,"[""stationary""]",0,2,0,c050a6e9-7e5b-4da4-95a0-60c287f0557d,104HT,,0,1,1600439065810,0,0
plugin_ios_activity_recognition,"[""stationary""]",0,2,0,c050a6e9-7e5b-4da4-95a0-60c287f0557d,104HT,,0,1,1600439070669,0,0
plugin_ios_activity_recognition,,0,2,0,c050a6e9-7e5b-4da4-95a0-60c287f0557d,104HT,,0,0,1600439114026,0,0
plugin_ios_activity_recognition,"[""stationary""]",0,2,0,c050a6e9-7e5b-4da4-95a0-60c287f0557d,104HT,,0,1,1600439121407,0,0
plugin_ios_activity_recognition,"[""stationary""]",0,2,0,c050a6e9-7e5b-4da4-95a0-60c287f0557d,104HT,,0,1,1600439249615,0,0
plugin_ios_activity_recognition,"[""stationary""]",0,2,0,c050a6e9-7e5b-4da4-95a0-60c287f0557d,104HT,supplement,0,1,1600439429615,0,0
plugin_ios_activity_recognition,"[""stationary""]",0,2,0,c050a6e9-7e5b-4da4-95a0-60c287f0557d,104HT,,0,1,1600439429700,0,0
plugin_ios_activity_recognition,,0,2,0,c050a6e9-7e5b-4da4-95a0-60c287f0557d,104HT,,0,0,1600439500323,0,0
plugin_ios_activity_recognition,"[""stationary""]",0,2,0,c050a6e9-7e5b-4da4-95a0-60c287f0557d,104HT,,0,1,1600439538231,0,0
plugin_ios_activity_recognition,,0,2,0,c050a6e9-7e5b-4da4-95a0-60c287f0557d,104HT,,0,0,1600439551673,0,0
plugin_ios_activity_recognition,"[""stationary""]",0,2,0,c050a6e9-7e5b-4da4-95a0-60c287f0557d,104HT,,0,1,1600439568250,0,0
plugin_ios_activity_recognition,,0,2,0,c050a6e9-7e5b-4da4-95a0-60c287f0557d,104HT,,0,0,1600439569565,0,0
plugin_ios_activity_recognition,"[""stationary""]",0,2,0,c050a6e9-7e5b-4da4-95a0-60c287f0557d,104HT,supplement,0,1,1600439609615,0,0
plugin_ios_activity_recognition,,0,2,0,c050a6e9-7e5b-4da4-95a0-60c287f0557d,104HT,,0,0,1600439609616,0,0
plugin_ios_activity_recognition,"[""stationary""]",0,2,0,c050a6e9-7e5b-4da4-95a0-60c287f0557d,104HT,,0,1,1600439770993,0,0
plugin_ios_activity_recognition,,0,2,0,c050a6e9-7e5b-4da4-95a0-60c287f0557d,104HT,,0,0,1600439773242,0,0
plugin_ios_activity_recognition,"[""stationary""]",0,2,0,c050a6e9-7e5b-4da4-95a0-60c287f0557d,104HT,,0,1,1600439778998,0,0
plugin_ios_activity_recognition,"[""stationary""]",0,2,0,c050a6e9-7e5b-4da4-95a0-60c287f0557d,104HT,,0,1,1600439789619,0,0
plugin_ios_activity_recognition,"[""stationary""]",0,2,0,c050a6e9-7e5b-4da4-95a0-60c287f0557d,104HT,supplement,0,1,1600439969619,0,0
plugin_ios_activity_recognition,"[""stationary""]",0,2,0,c050a6e9-7e5b-4da4-95a0-60c287f0557d,104HT,,0,1,1600439970775,0,0
plugin_ios_activity_recognition,,0,2,0,c050a6e9-7e5b-4da4-95a0-60c287f0557d,104HT,,0,0,1600440055385,0,0
plugin_ios_activity_recognition,"[""stationary""]",0,2,0,c050a6e9-7e5b-4da4-95a0-60c287f0557d,104HT,,0,1,1600440060824,0,0
plugin_ios_activity_recognition,"[""stationary""]",0,2,0,c050a6e9-7e5b-4da4-95a0-60c287f0557d,104HT,supplement,0,1,1600440149619,0,0
plugin_ios_activity_recognition,"[""stationary""]",0,2,0,c050a6e9-7e5b-4da4-95a0-60c287f0557d,104HT,,0,1,1600440149697,0,0
plugin_ios_activity_recognition,,0,2,0,c050a6e9-7e5b-4da4-95a0-60c287f0557d,104HT,,0,0,1600440269476,0,0
plugin_ios_activity_recognition,"[""stationary""]",0,2,0,c050a6e9-7e5b-4da4-95a0-60c287f0557d,104HT,,0,1,1600440274274,0,0
plugin_ios_activity_recognition,,0,2,0,c050a6e9-7e5b-4da4-95a0-60c287f0557d,104HT,,0,0,1600440280024,0,0
plugin_ios_activity_recognition,"[""stationary""]",0,2,0,c050a6e9-7e5b-4da4-95a0-60c287f0557d,104HT,,0,1,1600440284511,0,0
plugin_ios_activity_recognition,,0,2,0,c050a6e9-7e5b-4da4-95a0-60c287f0557d,104HT,,0,0,1600440298592,0,0
plugin_ios_activity_recognition,,0,2,0,c050a6e9-7e5b-4da4-95a0-60c287f0557d,104HT,,0,0,1600440329698,0,0
plugin_ios_activity_recognition,,0,2,0,c050a6e9-7e5b-4da4-95a0-60c287f0557d,104HT,,0,0,1600440509613,0,0
plugin_ios_activity_recognition,"[""stationary""]",0,2,0,c050a6e9-7e5b-4da4-95a0-60c287f0557d,104HT,,0,1,1600440546154,0,0
plugin_ios_activity_recognition,,0,2,0,c050a6e9-7e5b-4da4-95a0-60c287f0557d,104HT,,0,0,1600440553603,0,0
plugin_ios_activity_recognition,"[""stationary""]",0,2,0,c050a6e9-7e5b-4da4-95a0-60c287f0557d,104HT,,0,1,1600440560644,0,0
plugin_ios_activity_recognition,,0,2,0,c050a6e9-7e5b-4da4-95a0-60c287f0557d,104HT,,0,0,1600440561610,0,0
plugin_ios_activity_recognition,"[""stationary""]",0,2,0,c050a6e9-7e5b-4da4-95a0-60c287f0557d,104HT,,0,1,1600440639858,0,0
plugin_ios_activity_recognition,,0,2,0,c050a6e9-7e5b-4da4-95a0-60c287f0557d,104HT,,0,0,1600440672701,0,0
plugin_ios_activity_recognition,"[""stationary""]",0,2,0,c050a6e9-7e5b-4da4-95a0-60c287f0557d,104HT,,0,1,1600440676243,0,0
plugin_ios_activity_recognition,"[""stationary""]",0,2,0,c050a6e9-7e5b-4da4-95a0-60c287f0557d,104HT,,0,1,1600440689615,0,0
plugin_ios_activity_recognition,,0,2,0,c050a6e9-7e5b-4da4-95a0-60c287f0557d,104HT,,0,0,1600440851387,0,0
plugin_ios_activity_recognition,,0,2,0,c050a6e9-7e5b-4da4-95a0-60c287f0557d,104HT,,0,0,1600440871197,0,0
plugin_ios_activity_recognition,"[""stationary""]",0,2,0,c050a6e9-7e5b-4da4-95a0-60c287f0557d,104HT,,0,1,1600440875851,0,0
plugin_ios_activity_recognition,,0,2,0,c050a6e9-7e5b-4da4-95a0-60c287f0557d,104HT,,0,0,1600440930273,0,0
plugin_ios_activity_recognition,,0,2,0,c050a6e9-7e5b-4da4-95a0-60c287f0557d,104HT,,0,0,1600441049608,0,0
plugin_ios_activity_recognition,"[""stationary""]",0,2,0,c050a6e9-7e5b-4da4-95a0-60c287f0557d,104HT,,0,1,1600441191742,0,0
plugin_ios_activity_recognition,,0,2,0,c050a6e9-7e5b-4da4-95a0-60c287f0557d,104HT,,0,0,1600441195606,0,0
plugin_ios_activity_recognition,"[""stationary""]",0,2,0,c050a6e9-7e5b-4da4-95a0-60c287f0557d,104HT,,0,1,1600441200760,0,0
plugin_ios_activity_recognition,,0,2,0,c050a6e9-7e5b-4da4-95a0-60c287f0557d,104HT,,0,0,1600441207887,0,0
plugin_ios_activity_recognition,"[""stationary""]",0,2,0,c050a6e9-7e5b-4da4-95a0-60c287f0557d,104HT,,0,1,1600441216861,0,0
plugin_ios_activity_recognition,,0,2,0,c050a6e9-7e5b-4da4-95a0-60c287f0557d,104HT,,0,0,1600441229420,0,0
plugin_ios_activity_recognition,,0,2,0,c050a6e9-7e5b-4da4-95a0-60c287f0557d,104HT,,0,0,1600441229704,0,0
plugin_ios_activity_recognition,"[""stationary""]",0,2,0,c050a6e9-7e5b-4da4-95a0-60c287f0557d,104HT,,0,1,1600441245197,0,0
plugin_ios_activity_recognition,"[""stationary""]",0,2,0,c050a6e9-7e5b-4da4-95a0-60c287f0557d,104HT,,0,1,1600441409611,0,0
plugin_ios_activity_recognition,,0,2,0,c050a6e9-7e5b-4da4-95a0-60c287f0557d,104HT,,0,0,1600441544950,0,0
plugin_ios_activity_recognition,"[""walking""]",0,1,0,c050a6e9-7e5b-4da4-95a0-60c287f0557d,104HT,,0,0,1600441547885,0,1
plugin_ios_activity_recognition,"[""walking""]",0,2,0,c050a6e9-7e5b-4da4-95a0-60c287f0557d,104HT,,0,0,1600441566839,0,1
plugin_ios_activity_recognition,"[""walking""]",0,2,0,c050a6e9-7e5b-4da4-95a0-60c287f0557d,104HT,,0,0,1600441589694,0,1
plugin_ios_activity_recognition,,0,2,0,c050a6e9-7e5b-4da4-95a0-60c287f0557d,104HT,,0,0,1600441658648,0,0
plugin_ios_activity_recognition,"[""walking""]",0,1,0,c050a6e9-7e5b-4da4-95a0-60c287f0557d,104HT,,0,0,1600441666376,0,1
plugin_ios_activity_recognition,"[""walking""]",0,2,0,c050a6e9-7e5b-4da4-95a0-60c287f0557d,104HT,,0,0,1600441668952,0,1
plugin_ios_activity_recognition,,0,2,0,c050a6e9-7e5b-4da4-95a0-60c287f0557d,104HT,,0,0,1600441720468,0,0
plugin_ios_activity_recognition,"[""stationary""]",0,2,0,c050a6e9-7e5b-4da4-95a0-60c287f0557d,104HT,,0,1,1600441761681,0,0
plugin_ios_activity_recognition,,0,2,0,c050a6e9-7e5b-4da4-95a0-60c287f0557d,104HT,,0,0,1600441762604,0,0
plugin_ios_activity_recognition,,0,2,0,c050a6e9-7e5b-4da4-95a0-60c287f0557d,104HT,,0,0,1600441770445,0,0
plugin_ios_activity_recognition,"[""stationary""]",0,2,0,c050a6e9-7e5b-4da4-95a0-60c287f0557d,104HT,,0,1,1600441771298,0,0
plugin_ios_activity_recognition,,0,2,0,c050a6e9-7e5b-4da4-95a0-60c287f0557d,104HT,,0,0,1600441776449,0,0
plugin_ios_activity_recognition,"[""walking""]",0,1,0,c050a6e9-7e5b-4da4-95a0-60c287f0557d,104HT,,0,0,1600441867294,0,1
plugin_ios_activity_recognition,"[""walking""]",0,2,0,c050a6e9-7e5b-4da4-95a0-60c287f0557d,104HT,,0,0,1600441872443,0,1
plugin_ios_activity_recognition,,0,2,0,c050a6e9-7e5b-4da4-95a0-60c287f0557d,104HT,,0,0,1600441923963,0,0
plugin_ios_activity_recognition,,0,2,0,c050a6e9-7e5b-4da4-95a0-60c287f0557d,104HT,,0,0,1600441949609,0,0
plugin_ios_activity_recognition,"[""walking""]",0,1,0,c050a6e9-7e5b-4da4-95a0-60c287f0557d,104HT,,0,0,1600441949723,0,1
plugin_ios_activity_recognition,"[""walking""]",0,2,0,c050a6e9-7e5b-4da4-95a0-60c287f0557d,104HT,,0,0,1600441957449,0,1
plugin_ios_activity_recognition,,0,2,0,c050a6e9-7e5b-4da4-95a0-60c287f0557d,104HT,,0,0,1600442008968,0,0
plugin_ios_activity_recognition,,0,2,0,c050a6e9-7e5b-4da4-95a0-60c287f0557d,104HT,,0,0,1600442129715,0,0
plugin_ios_activity_recognition,"[""stationary""]",0,2,0,c050a6e9-7e5b-4da4-95a0-60c287f0557d,104HT,,0,1,1600442253336,0,0
plugin_ios_activity_recognition,,0,2,0,c050a6e9-7e5b-4da4-95a0-60c287f0557d,104HT,,0,0,1600442254946,0,0
plugin_ios_activity_recognition,,0,2,0,c050a6e9-7e5b-4da4-95a0-60c287f0557d,104HT,,0,0,1600442309614,0,0
plugin_ios_activity_recognition,"[""stationary""]",0,2,0,c050a6e9-7e5b-4da4-95a0-60c287f0557d,104HT,,0,1,1600442313870,0,0
plugin_ios_activity_recognition,,0,2,0,c050a6e9-7e5b-4da4-95a0-60c287f0557d,104HT,,0,0,1600442319667,0,0
plugin_ios_activity_recognition,"[""stationary""]",0,2,0,c050a6e9-7e5b-4da4-95a0-60c287f0557d,104HT,,0,1,1600442331580,0,0
plugin_ios_activity_recognition,,0,2,0,c050a6e9-7e5b-4da4-95a0-60c287f0557d,104HT,,0,0,1600442337698,0,0
plugin_ios_activity_recognition,"[""stationary""]",0,2,0,c050a6e9-7e5b-4da4-95a0-60c287f0557d,104HT,,0,1,1600442410467,0,0
plugin_ios_activity_recognition,,0,2,0,c050a6e9-7e5b-4da4-95a0-60c287f0557d,104HT,,0,0,1600442415619,0,0
plugin_ios_activity_recognition,"[""walking""]",0,1,0,c050a6e9-7e5b-4da4-95a0-60c287f0557d,104HT,,0,0,1600442428868,0,1
plugin_ios_activity_recognition,"[""walking""]",0,2,0,c050a6e9-7e5b-4da4-95a0-60c287f0557d,104HT,,0,0,1600442436592,0,1
plugin_ios_activity_recognition,,0,2,0,c050a6e9-7e5b-4da4-95a0-60c287f0557d,104HT,,0,0,1600442488110,0,0
plugin_ios_activity_recognition,,0,2,0,c050a6e9-7e5b-4da4-95a0-60c287f0557d,104HT,,0,0,1600442489694,0,0
plugin_ios_activity_recognition,"[""stationary""]",0,2,0,c050a6e9-7e5b-4da4-95a0-60c287f0557d,104HT,,0,1,1600442658390,0,0
plugin_ios_activity_recognition,"[""stationary""]",0,2,0,c050a6e9-7e5b-4da4-95a0-60c287f0557d,104HT,,0,1,1600442670399,0,0
plugin_ios_activity_recognition,"[""stationary""]",0,2,0,c050a6e9-7e5b-4da4-95a0-60c287f0557d,104HT,,0,1,1600442849691,0,0
plugin_ios_activity_recognition,,0,2,0,c050a6e9-7e5b-4da4-95a0-60c287f0557d,104HT,,0,0,1600442926563,0,0
plugin_ios_activity_recognition,,0,2,0,c050a6e9-7e5b-4da4-95a0-60c287f0557d,104HT,,0,0,1600443029705,0,0
plugin_ios_activity_recognition,"[""stationary""]",0,2,0,c050a6e9-7e5b-4da4-95a0-60c287f0557d,104HT,,0,1,1600443206517,0,0
plugin_ios_activity_recognition,"[""stationary""]",0,2,0,c050a6e9-7e5b-4da4-95a0-60c287f0557d,104HT,,0,1,1600443209608,0,0
plugin_ios_activity_recognition,"[""stationary""]",0,2,0,c050a6e9-7e5b-4da4-95a0-60c287f0557d,104HT,,0,1,1600443389608,0,0
plugin_ios_activity_recognition,"[""stationary""]",0,2,0,c050a6e9-7e5b-4da4-95a0-60c287f0557d,104HT,supplement,0,1,1600443569608,0,0
plugin_ios_activity_recognition,"[""stationary""]",0,2,0,c050a6e9-7e5b-4da4-95a0-60c287f0557d,104HT,,0,1,1600443570658,0,0
plugin_ios_activity_recognition,"[""stationary""]",0,2,0,c050a6e9-7e5b-4da4-95a0-60c287f0557d,104HT,supplement,0,1,1600443749608,0,0
plugin_ios_activity_recognition,"[""stationary""]",0,2,0,c050a6e9-7e5b-4da4-95a0-60c287f0557d,104HT,,0,1,1600443749690,0,0
plugin_ios_activity_recognition,"[""stationary""]",0,2,0,c050a6e9-7e5b-4da4-95a0-60c287f0557d,104HT,,0,1,1600443929689,0,0
plugin_ios_activity_recognition,,0,2,0,c050a6e9-7e5b-4da4-95a0-60c287f0557d,104HT,,0,0,1600444003180,0,0
plugin_ios_activity_recognition,"[""stationary""]",0,2,0,c050a6e9-7e5b-4da4-95a0-60c287f0557d,104HT,,0,1,1600444021777,0,0
plugin_ios_activity_recognition,"[""stationary""]",0,2,0,c050a6e9-7e5b-4da4-95a0-60c287f0557d,104HT,,0,1,1600444109607,0,0
plugin_ios_activity_recognition,"[""stationary""]",0,2,0,c050a6e9-7e5b-4da4-95a0-60c287f0557d,104HT,supplement,0,1,1600444289607,0,0
plugin_ios_activity_recognition,"[""stationary""]",0,2,0,c050a6e9-7e5b-4da4-95a0-60c287f0557d,104HT,,0,1,1600444289690,0,0
plugin_ios_activity_recognition,"[""stationary""]",0,2,0,c050a6e9-7e5b-4da4-95a0-60c287f0557d,104HT,supplement,0,1,1600444469607,0,0
plugin_ios_activity_recognition,"[""stationary""]",0,2,0,c050a6e9-7e5b-4da4-95a0-60c287f0557d,104HT,supplement,0,1,1600444469690,0,0
plugin_ios_activity_recognition,"[""stationary""]",0,2,0,c050a6e9-7e5b-4da4-95a0-60c287f0557d,104HT,,0,1,1600444470416,0,0
plugin_ios_activity_recognition,,0,2,0,c050a6e9-7e5b-4da4-95a0-60c287f0557d,104HT,,0,0,1600444553363,0,0
plugin_ios_activity_recognition,"[""stationary""]",0,2,0,c050a6e9-7e5b-4da4-95a0-60c287f0557d,104HT,,0,1,1600444598759,0,0
plugin_ios_activity_recognition,"[""stationary""]",0,2,0,c050a6e9-7e5b-4da4-95a0-60c287f0557d,104HT,,0,1,1600444649605,0,0
plugin_ios_activity_recognition,"[""stationary""]",0,2,0,c050a6e9-7e5b-4da4-95a0-60c287f0557d,104HT,supplement,0,1,1600444649690,0,0
plugin_ios_activity_recognition,,0,2,0,c050a6e9-7e5b-4da4-95a0-60c287f0557d,104HT,,0,0,1600444717149,0,0
plugin_ios_activity_recognition,"[""stationary""]",0,2,0,c050a6e9-7e5b-4da4-95a0-60c287f0557d,104HT,,0,1,1600444746434,0,0
plugin_ios_activity_recognition,"[""stationary""]",0,2,0,c050a6e9-7e5b-4da4-95a0-60c287f0557d,104HT,,0,1,1600444829607,0,0
plugin_ios_activity_recognition,"[""stationary""]",0,2,0,c050a6e9-7e5b-4da4-95a0-60c287f0557d,104HT,supplement,0,1,1600445009607,0,0
plugin_ios_activity_recognition,"[""stationary""]",0,2,0,c050a6e9-7e5b-4da4-95a0-60c287f0557d,104HT,,0,1,1600445009690,0,0
plugin_ios_activity_recognition,"[""stationary""]",0,2,0,c050a6e9-7e5b-4da4-95a0-60c287f0557d,104HT,supplement,0,1,1600445189607,0,0
plugin_ios_activity_recognition,"[""stationary""]",0,2,0,c050a6e9-7e5b-4da4-95a0-60c287f0557d,104HT,,0,1,1600445189688,0,0
plugin_ios_activity_recognition,,0,2,0,c050a6e9-7e5b-4da4-95a0-60c287f0557d,104HT,,0,0,1600445340106,0,0
plugin_ios_activity_recognition,"[""stationary""]",0,2,0,c050a6e9-7e5b-4da4-95a0-60c287f0557d,104HT,,0,1,1600445346847,0,0
plugin_ios_activity_recognition,"[""stationary""]",0,2,0,c050a6e9-7e5b-4da4-95a0-60c287f0557d,104HT,,0,1,1600445370649,0,0
plugin_ios_activity_recognition,,0,2,0,c050a6e9-7e5b-4da4-95a0-60c287f0557d,104HT,,0,0,1600445447125,0,0
plugin_ios_activity_recognition,"[""stationary""]",0,2,0,c050a6e9-7e5b-4da4-95a0-60c287f0557d,104HT,,0,1,1600445486625,0,0
plugin_ios_activity_recognition,"[""stationary""]",0,2,0,c050a6e9-7e5b-4da4-95a0-60c287f0557d,104HT,,0,1,1600445549606,0,0
plugin_ios_activity_recognition,"[""stationary""]",0,2,0,c050a6e9-7e5b-4da4-95a0-60c287f0557d,104HT,supplement,0,1,1600445729606,0,0
plugin_ios_activity_recognition,"[""stationary""]",0,2,0,c050a6e9-7e5b-4da4-95a0-60c287f0557d,104HT,,0,1,1600445729688,0,0
plugin_ios_activity_recognition,"[""stationary""]",0,2,0,c050a6e9-7e5b-4da4-95a0-60c287f0557d,104HT,,0,1,1600445909599,0,0
plugin_ios_activity_recognition,"[""stationary""]",0,2,0,c050a6e9-7e5b-4da4-95a0-60c287f0557d,104HT,supplement,0,1,1600445909606,0,0
plugin_ios_activity_recognition,"[""stationary""]",0,2,0,c050a6e9-7e5b-4da4-95a0-60c287f0557d,104HT,supplement,0,1,1600446089599,0,0
plugin_ios_activity_recognition,"[""stationary""]",0,2,0,c050a6e9-7e5b-4da4-95a0-60c287f0557d,104HT,,0,1,1600446089603,0,0
plugin_ios_activity_recognition,,0,2,0,c050a6e9-7e5b-4da4-95a0-60c287f0557d,104HT,,0,0,1600446193308,0,0
plugin_ios_activity_recognition,"[""walking""]",0,1,0,c050a6e9-7e5b-4da4-95a0-60c287f0557d,104HT,,0,0,1600446196574,0,1
plugin_ios_activity_recognition,"[""running""]",0,2,0,c050a6e9-7e5b-4da4-95a0-60c287f0557d,104HT,,1,0,1600446206873,0,0
plugin_ios_activity_recognition,"[""walking""]",0,1,0,c050a6e9-7e5b-4da4-95a0-60c287f0557d,104HT,,0,0,1600446209449,0,1
plugin_ios_activity_recognition,"[""walking""]",0,2,0,c050a6e9-7e5b-4da4-95a0-60c287f0557d,104HT,,0,0,1600446212025,0,1
plugin_ios_activity_recognition,"[""stationary""]",0,2,0,c050a6e9-7e5b-4da4-95a0-60c287f0557d,104HT,,0,1,1600446233527,0,0
plugin_ios_activity_recognition,"[""stationary""]",0,2,0,c050a6e9-7e5b-4da4-95a0-60c287f0557d,104HT,supplement,0,1,1600446269599,0,0
plugin_ios_activity_recognition,"[""stationary""]",0,2,0,c050a6e9-7e5b-4da4-95a0-60c287f0557d,104HT,,0,1,1600446270430,0,0
plugin_ios_activity_recognition,,0,2,0,c050a6e9-7e5b-4da4-95a0-60c287f0557d,104HT,,0,0,1600446306385,0,0
plugin_ios_activity_recognition,"[""walking""]",0,1,0,c050a6e9-7e5b-4da4-95a0-60c287f0557d,104HT,,0,0,1600446322201,0,1
plugin_ios_activity_recognition,"[""walking""]",0,2,0,c050a6e9-7e5b-4da4-95a0-60c287f0557d,104HT,,0,0,1600446327349,0,1
plugin_ios_activity_recognition,,0,2,0,c050a6e9-7e5b-4da4-95a0-60c287f0557d,104HT,,0,0,1600446381344,0,0
plugin_ios_activity_recognition,"[""stationary""]",0,2,0,c050a6e9-7e5b-4da4-95a0-60c287f0557d,104HT,,0,1,1600446387391,0,0
plugin_ios_activity_recognition,,0,2,0,c050a6e9-7e5b-4da4-95a0-60c287f0557d,104HT,,0,0,1600446388350,0,0
plugin_ios_activity_recognition,"[""walking""]",0,1,0,c050a6e9-7e5b-4da4-95a0-60c287f0557d,104HT,,0,0,1600446391613,0,1
plugin_ios_activity_recognition,"[""walking""]",0,2,0,c050a6e9-7e5b-4da4-95a0-60c287f0557d,104HT,,0,0,1600446394190,0,1
plugin_ios_activity_recognition,"[""stationary""]",0,2,0,c050a6e9-7e5b-4da4-95a0-60c287f0557d,104HT,,0,1,1600446412769,0,0
plugin_ios_activity_recognition,"[""walking""]",0,2,0,c050a6e9-7e5b-4da4-95a0-60c287f0557d,104HT,,0,0,1600446416595,0,1
plugin_ios_activity_recognition,"[""walking""]",0,2,0,c050a6e9-7e5b-4da4-95a0-60c287f0557d,104HT,,0,0,1600446449689,0,1
plugin_ios_activity_recognition,,0,2,0,c050a6e9-7e5b-4da4-95a0-60c287f0557d,104HT,,0,0,1600446486823,0,0
plugin_ios_activity_recognition,,0,2,0,c050a6e9-7e5b-4da4-95a0-60c287f0557d,104HT,,0,0,1600446629690,0,0
plugin_ios_activity_recognition,,0,2,0,c050a6e9-7e5b-4da4-95a0-60c287f0557d,104HT,,0,0,1600446809604,0,0
plugin_ios_activity_recognition,"[""stationary""]",0,2,0,c050a6e9-7e5b-4da4-95a0-60c287f0557d,104HT,,0,1,1600446933988,0,0
plugin_ios_activity_recognition,,0,2,0,c050a6e9-7e5b-4da4-95a0-60c287f0557d,104HT,,0,0,1600446972344,0,0
plugin_ios_activity_recognition,,0,2,0,c050a6e9-7e5b-4da4-95a0-60c287f0557d,104HT,,0,0,1600446990883,0,0
plugin_ios_activity_recognition,"[""walking""]",0,1,0,c050a6e9-7e5b-4da4-95a0-60c287f0557d,104HT,,0,0,1600447029022,0,1
plugin_ios_activity_recognition,"[""walking""]",0,2,0,c050a6e9-7e5b-4da4-95a0-60c287f0557d,104HT,,0,0,1600447034172,0,1
plugin_ios_activity_recognition,"[""stationary""]",0,2,0,c050a6e9-7e5b-4da4-95a0-60c287f0557d,104HT,,0,1,1600447050871,0,0
plugin_ios_activity_recognition,"[""walking""]",0,2,0,c050a6e9-7e5b-4da4-95a0-60c287f0557d,104HT,,0,0,1600447052481,0,1
plugin_ios_activity_recognition,"[""stationary""]",0,2,0,c050a6e9-7e5b-4da4-95a0-60c287f0557d,104HT,,0,1,1600447066970,0,0
plugin_ios_activity_recognition,"[""walking""]",0,2,0,c050a6e9-7e5b-4da4-95a0-60c287f0557d,104HT,,0,0,1600447070512,0,1
plugin_ios_activity_recognition,"[""stationary""]",0,2,0,c050a6e9-7e5b-4da4-95a0-60c287f0557d,104HT,,0,1,1600447078883,0,0
plugin_ios_activity_recognition,"[""walking""]",0,2,0,c050a6e9-7e5b-4da4-95a0-60c287f0557d,104HT,,0,0,1600447084356,0,1
plugin_ios_activity_recognition,,0,2,0,c050a6e9-7e5b-4da4-95a0-60c287f0557d,104HT,,0,0,1600447085966,0,0
plugin_ios_activity_recognition,"[""stationary""]",0,2,0,c050a6e9-7e5b-4da4-95a0-60c287f0557d,104HT,,0,1,1600447103031,0,0
plugin_ios_activity_recognition,,0,2,0,c050a6e9-7e5b-4da4-95a0-60c287f0557d,104HT,,0,0,1600447104318,0,0
plugin_ios_activity_recognition,"[""stationary""]",0,2,0,c050a6e9-7e5b-4da4-95a0-60c287f0557d,104HT,,0,1,1600447118163,0,0
plugin_ios_activity_recognition,,0,2,0,c050a6e9-7e5b-4da4-95a0-60c287f0557d,104HT,,0,0,1600447154224,0,0
plugin_ios_activity_recognition,"[""stationary""]",0,2,0,c050a6e9-7e5b-4da4-95a0-60c287f0557d,104HT,,0,1,1600447166458,0,0
plugin_ios_activity_recognition,,0,2,0,c050a6e9-7e5b-4da4-95a0-60c287f0557d,104HT,,0,0,1600447170686,0,0
plugin_ios_activity_recognition,,0,2,0,c050a6e9-7e5b-4da4-95a0-60c287f0557d,104HT,,0,0,1600447170819,0,0
plugin_ios_activity_recognition,"[""stationary""]",0,2,0,c050a6e9-7e5b-4da4-95a0-60c287f0557d,104HT,,0,1,1600447175473,0,0
plugin_ios_activity_recognition,,0,2,0,c050a6e9-7e5b-4da4-95a0-60c287f0557d,104HT,,0,0,1600447196080,0,0
plugin_ios_activity_recognition,"[""stationary""]",0,2,0,c050a6e9-7e5b-4da4-95a0-60c287f0557d,104HT,,0,1,1600447210568,0,0
plugin_ios_activity_recognition,,0,2,0,c050a6e9-7e5b-4da4-95a0-60c287f0557d,104HT,,0,0,1600447213143,0,0
plugin_ios_activity_recognition,"[""stationary""]",0,2,0,c050a6e9-7e5b-4da4-95a0-60c287f0557d,104HT,,0,1,1600447233105,0,0
plugin_ios_activity_recognition,,0,2,0,c050a6e9-7e5b-4da4-95a0-60c287f0557d,104HT,,0,0,1600447234071,0,0
plugin_ios_activity_recognition,"[""stationary""]",0,2,0,c050a6e9-7e5b-4da4-95a0-60c287f0557d,104HT,,0,1,1600447244052,0,0
plugin_ios_activity_recognition,,0,2,0,c050a6e9-7e5b-4da4-95a0-60c287f0557d,104HT,,0,0,1600447246950,0,0
plugin_ios_activity_recognition,"[""stationary""]",0,2,0,c050a6e9-7e5b-4da4-95a0-60c287f0557d,104HT,,0,1,1600447251136,0,0
plugin_ios_activity_recognition,,0,2,0,c050a6e9-7e5b-4da4-95a0-60c287f0557d,104HT,,0,0,1600447252746,0,0
plugin_ios_activity_recognition,"[""stationary""]",0,2,0,c050a6e9-7e5b-4da4-95a0-60c287f0557d,104HT,,0,1,1600447260473,0,0
plugin_ios_activity_recognition,,0,2,0,c050a6e9-7e5b-4da4-95a0-60c287f0557d,104HT,,0,0,1600447262405,0,0
plugin_ios_activity_recognition,"[""stationary""]",0,2,0,c050a6e9-7e5b-4da4-95a0-60c287f0557d,104HT,,0,1,1600447276291,0,0
plugin_ios_activity_recognition,,0,2,0,c050a6e9-7e5b-4da4-95a0-60c287f0557d,104HT,,0,0,1600447278867,0,0
plugin_ios_activity_recognition,"[""stationary""]",0,2,0,c050a6e9-7e5b-4da4-95a0-60c287f0557d,104HT,,0,1,1600447287518,0,0
plugin_ios_activity_recognition,,0,2,0,c050a6e9-7e5b-4da4-95a0-60c287f0557d,104HT,,0,0,1600447295246,0,0
plugin_ios_activity_recognition,"[""stationary""]",0,2,0,c050a6e9-7e5b-4da4-95a0-60c287f0557d,104HT,,0,1,1600447306836,0,0
plugin_ios_activity_recognition,,0,2,0,c050a6e9-7e5b-4da4-95a0-60c287f0557d,104HT,,0,0,1600447309412,0,0
plugin_ios_activity_recognition,"[""stationary""]",0,2,0,c050a6e9-7e5b-4da4-95a0-60c287f0557d,104HT,,0,1,1600447324223,0,0
plugin_ios_activity_recognition,,0,2,0,c050a6e9-7e5b-4da4-95a0-60c287f0557d,104HT,,0,0,1600447326155,0,0
plugin_ios_activity_recognition,,0,2,0,c050a6e9-7e5b-4da4-95a0-60c287f0557d,104HT,,0,0,1600447349597,0,0
plugin_ios_activity_recognition,"[""stationary""]",0,2,0,c050a6e9-7e5b-4da4-95a0-60c287f0557d,104HT,,0,1,1600447351912,0,0
plugin_ios_activity_recognition,,0,2,0,c050a6e9-7e5b-4da4-95a0-60c287f0557d,104HT,,0,0,1600447365757,0,0
plugin_ios_activity_recognition,"[""stationary""]",0,2,0,c050a6e9-7e5b-4da4-95a0-60c287f0557d,104HT,,0,1,1600447382178,0,0
plugin_ios_activity_recognition,,0,2,0,c050a6e9-7e5b-4da4-95a0-60c287f0557d,104HT,,0,0,1600447385075,0,0
plugin_ios_activity_recognition,"[""stationary""]",0,2,0,c050a6e9-7e5b-4da4-95a0-60c287f0557d,104HT,,0,1,1600447404716,0,0
plugin_ios_activity_recognition,,0,2,0,c050a6e9-7e5b-4da4-95a0-60c287f0557d,104HT,,0,0,1600447408579,0,0
plugin_ios_activity_recognition,"[""stationary""]",0,2,0,c050a6e9-7e5b-4da4-95a0-60c287f0557d,104HT,,0,1,1600447414697,0,0
plugin_ios_activity_recognition,,0,2,0,c050a6e9-7e5b-4da4-95a0-60c287f0557d,104HT,,0,0,1600447421458,0,0
plugin_ios_activity_recognition,"[""stationary""]",0,2,0,c050a6e9-7e5b-4da4-95a0-60c287f0557d,104HT,,0,1,1600447425686,0,0
plugin_ios_activity_recognition,,0,2,0,c050a6e9-7e5b-4da4-95a0-60c287f0557d,104HT,,0,0,1600447438201,0,0
plugin_ios_activity_recognition,"[""stationary""]",0,2,0,c050a6e9-7e5b-4da4-95a0-60c287f0557d,104HT,,0,1,1600447522558,0,0
plugin_ios_activity_recognition,,0,2,0,c050a6e9-7e5b-4da4-95a0-60c287f0557d,104HT,,0,0,1600447525778,0,0
plugin_ios_activity_recognition,,0,2,0,c050a6e9-7e5b-4da4-95a0-60c287f0557d,104HT,,0,0,1600447529684,0,0
plugin_ios_activity_recognition,"[""stationary""]",0,2,0,c050a6e9-7e5b-4da4-95a0-60c287f0557d,104HT,,0,1,1600447555722,0,0
plugin_ios_activity_recognition,,0,2,0,c050a6e9-7e5b-4da4-95a0-60c287f0557d,104HT,,0,0,1600447557332,0,0
plugin_ios_activity_recognition,"[""stationary""]",0,2,0,c050a6e9-7e5b-4da4-95a0-60c287f0557d,104HT,,0,1,1600447590818,0,0
plugin_ios_activity_recognition,,0,2,0,c050a6e9-7e5b-4da4-95a0-60c287f0557d,104HT,,0,0,1600447592106,0,0
plugin_ios_activity_recognition,"[""stationary""]",0,2,0,c050a6e9-7e5b-4da4-95a0-60c287f0557d,104HT,,0,1,1600447600155,0,0
plugin_ios_activity_recognition,,0,2,0,c050a6e9-7e5b-4da4-95a0-60c287f0557d,104HT,,0,0,1600447605307,0,0
plugin_ios_activity_recognition,"[""stationary""]",0,2,0,c050a6e9-7e5b-4da4-95a0-60c287f0557d,104HT,,0,1,1600447620762,0,0
plugin_ios_activity_recognition,,0,2,0,c050a6e9-7e5b-4da4-95a0-60c287f0557d,104HT,,0,0,1600447634930,0,0
plugin_ios_activity_recognition,"[""stationary""]",0,2,0,c050a6e9-7e5b-4da4-95a0-60c287f0557d,104HT,,0,1,1600447643301,0,0
plugin_ios_activity_recognition,,0,2,0,c050a6e9-7e5b-4da4-95a0-60c287f0557d,104HT,,0,0,1600447646199,0,0
plugin_ios_activity_recognition,"[""stationary""]",0,2,0,c050a6e9-7e5b-4da4-95a0-60c287f0557d,104HT,,0,1,1600447652961,0,0
plugin_ios_activity_recognition,,0,2,0,c050a6e9-7e5b-4da4-95a0-60c287f0557d,104HT,,0,0,1600447657510,0,0
plugin_ios_activity_recognition,"[""stationary""]",0,2,0,c050a6e9-7e5b-4da4-95a0-60c287f0557d,104HT,,0,1,1600447676787,0,0
plugin_ios_activity_recognition,,0,2,0,c050a6e9-7e5b-4da4-95a0-60c287f0557d,104HT,,0,0,1600447681295,0,0
plugin_ios_activity_recognition,,0,2,0,c050a6e9-7e5b-4da4-95a0-60c287f0557d,104HT,,0,0,1600447709684,0,0
plugin_ios_activity_recognition,"[""stationary""]",0,2,0,c050a6e9-7e5b-4da4-95a0-60c287f0557d,104HT,,0,1,1600447712527,0,0
plugin_ios_activity_recognition,,0,2,0,c050a6e9-7e5b-4da4-95a0-60c287f0557d,104HT,,0,0,1600447745692,0,0
plugin_ios_activity_recognition,"[""stationary""]",0,2,0,c050a6e9-7e5b-4da4-95a0-60c287f0557d,104HT,,0,1,1600447751166,0,0
plugin_ios_activity_recognition,,0,2,0,c050a6e9-7e5b-4da4-95a0-60c287f0557d,104HT,,0,0,1600447757970,0,0
plugin_ios_activity_recognition,"[""stationary""]",0,2,0,c050a6e9-7e5b-4da4-95a0-60c287f0557d,104HT,,0,1,1600447767587,0,0
plugin_ios_activity_recognition,,0,2,0,c050a6e9-7e5b-4da4-95a0-60c287f0557d,104HT,,0,0,1600447767909,0,0
plugin_ios_activity_recognition,"[""stationary""]",0,2,0,c050a6e9-7e5b-4da4-95a0-60c287f0557d,104HT,,0,1,1600447828442,0,0
plugin_ios_activity_recognition,,0,2,0,c050a6e9-7e5b-4da4-95a0-60c287f0557d,104HT,,0,0,1600447830374,0,0
plugin_ios_activity_recognition,"[""stationary""]",0,2,0,c050a6e9-7e5b-4da4-95a0-60c287f0557d,104HT,,0,1,1600447884190,0,0
plugin_ios_activity_recognition,"[""stationary""]",0,2,0,c050a6e9-7e5b-4da4-95a0-60c287f0557d,104HT,,0,1,1600447889685,0,0
plugin_ios_activity_recognition,,0,2,0,c050a6e9-7e5b-4da4-95a0-60c287f0557d,104HT,,0,0,1600447898961,0,0
plugin_ios_activity_recognition,"[""stationary""]",0,2,0,c050a6e9-7e5b-4da4-95a0-60c287f0557d,104HT,,0,1,1600447907977,0,0
plugin_ios_activity_recognition,,0,2,0,c050a6e9-7e5b-4da4-95a0-60c287f0557d,104HT,,0,0,1600447914095,0,0
plugin_ios_activity_recognition,"[""stationary""]",0,2,0,c050a6e9-7e5b-4da4-95a0-60c287f0557d,104HT,,0,1,1600447917678,0,0
plugin_ios_activity_recognition,,0,2,0,c050a6e9-7e5b-4da4-95a0-60c287f0557d,104HT,,0,0,1600447920254,0,0
plugin_ios_activity_recognition,"[""stationary""]",0,2,0,c050a6e9-7e5b-4da4-95a0-60c287f0557d,104HT,,0,1,1600447955631,0,0
plugin_ios_activity_recognition,,0,2,0,c050a6e9-7e5b-4da4-95a0-60c287f0557d,104HT,,0,0,1600447961105,0,0
plugin_ios_activity_recognition,"[""stationary""]",0,2,0,c050a6e9-7e5b-4da4-95a0-60c287f0557d,104HT,,0,1,1600447964647,0,0
plugin_ios_activity_recognition,,0,2,0,c050a6e9-7e5b-4da4-95a0-60c287f0557d,104HT,,0,0,1600447975917,0,0
plugin_ios_activity_recognition,"[""stationary""]",0,2,0,c050a6e9-7e5b-4da4-95a0-60c287f0557d,104HT,,0,1,1600447985899,0,0
plugin_ios_activity_recognition,,0,2,0,c050a6e9-7e5b-4da4-95a0-60c287f0557d,104HT,,0,0,1600447987830,0,0
plugin_ios_activity_recognition,"[""stationary""]",0,2,0,c050a6e9-7e5b-4da4-95a0-60c287f0557d,104HT,,0,1,1600447991372,0,0
plugin_ios_activity_recognition,,0,2,0,c050a6e9-7e5b-4da4-95a0-60c287f0557d,104HT,,0,0,1600447994270,0,0
plugin_ios_activity_recognition,"[""walking""]",0,1,0,c050a6e9-7e5b-4da4-95a0-60c287f0557d,104HT,,0,0,1600447997535,0,1
plugin_ios_activity_recognition,"[""walking""]",0,2,0,c050a6e9-7e5b-4da4-95a0-60c287f0557d,104HT,,0,0,1600448005262,0,1
plugin_ios_activity_recognition,"[""stationary""]",0,2,0,c050a6e9-7e5b-4da4-95a0-60c287f0557d,104HT,,0,1,1600448056683,0,0
plugin_ios_activity_recognition,"[""stationary""]",0,2,0,c050a6e9-7e5b-4da4-95a0-60c287f0557d,104HT,,0,1,1600448070735,0,0
plugin_ios_activity_recognition,"[""stationary""]",0,2,0,c050a6e9-7e5b-4da4-95a0-60c287f0557d,104HT,,0,1,1600448249598,0,0
plugin_ios_activity_recognition,,0,2,0,c050a6e9-7e5b-4da4-95a0-60c287f0557d,104HT,,0,0,1600448363208,0,0
plugin_ios_activity_recognition,"[""walking""]",0,1,0,c050a6e9-7e5b-4da4-95a0-60c287f0557d,104HT,,0,0,1600448365784,0,1
plugin_ios_activity_recognition,"[""walking""]",0,2,0,c050a6e9-7e5b-4da4-95a0-60c287f0557d,104HT,,0,0,1600448378665,0,1
plugin_ios_activity_recognition,"[""stationary""]",0,2,0,c050a6e9-7e5b-4da4-95a0-60c287f0557d,104HT,,0,1,1600448413344,0,0
plugin_ios_activity_recognition,"[""stationary""]",0,2,0,c050a6e9-7e5b-4da4-95a0-60c287f0557d,104HT,,0,1,1600448429684,0,0
plugin_ios_activity_recognition,"[""stationary""]",0,2,0,c050a6e9-7e5b-4da4-95a0-60c287f0557d,104HT,,0,1,1600448609599,0,0
plugin_ios_activity_recognition,,0,2,0,c050a6e9-7e5b-4da4-95a0-60c287f0557d,104HT,,0,0,1600448649360,0,0
plugin_ios_activity_recognition,"[""stationary""]",0,2,0,c050a6e9-7e5b-4da4-95a0-60c287f0557d,104HT,,0,1,1600448653525,0,0
plugin_ios_activity_recognition,,0,2,0,c050a6e9-7e5b-4da4-95a0-60c287f0557d,104HT,,0,0,1600448737446,0,0
plugin_ios_activity_recognition,"[""stationary""]",0,2,0,c050a6e9-7e5b-4da4-95a0-60c287f0557d,104HT,,0,1,1600448741938,0,0
plugin_ios_activity_recognition,"[""stationary""]",0,2,0,c050a6e9-7e5b-4da4-95a0-60c287f0557d,104HT,,0,1,1600448789682,0,0
plugin_ios_activity_recognition,"[""stationary""]",0,2,0,c050a6e9-7e5b-4da4-95a0-60c287f0557d,104HT,supplement,0,1,1600448969682,0,0
plugin_ios_activity_recognition,"[""stationary""]",0,2,0,c050a6e9-7e5b-4da4-95a0-60c287f0557d,104HT,,0,1,1600448970691,0,0
plugin_ios_activity_recognition,"[""stationary""]",0,2,0,c050a6e9-7e5b-4da4-95a0-60c287f0557d,104HT,supplement,0,1,1600449149682,0,0
plugin_ios_activity_recognition,"[""stationary""]",0,2,0,c050a6e9-7e5b-4da4-95a0-60c287f0557d,104HT,,0,1,1600449149686,0,0
plugin_ios_activity_recognition,"[""stationary""]",0,2,0,c050a6e9-7e5b-4da4-95a0-60c287f0557d,104HT,supplement,0,1,1600449329686,0,0
plugin_ios_activity_recognition,"[""stationary""]",0,2,0,c050a6e9-7e5b-4da4-95a0-60c287f0557d,104HT,,0,1,1600449329687,0,0
plugin_ios_activity_recognition,,0,2,0,c050a6e9-7e5b-4da4-95a0-60c287f0557d,104HT,,0,0,1600449362317,0,0
plugin_ios_activity_recognition,"[""walking""]",0,1,0,c050a6e9-7e5b-4da4-95a0-60c287f0557d,104HT,,0,0,1600449367184,0,1
plugin_ios_activity_recognition,"[""walking""]",0,2,0,c050a6e9-7e5b-4da4-95a0-60c287f0557d,104HT,,0,0,1600449398091,0,1
plugin_ios_activity_recognition,,0,2,0,c050a6e9-7e5b-4da4-95a0-60c287f0557d,104HT,,0,0,1600449493313,0,0
plugin_ios_activity_recognition,"[""stationary""]",0,2,0,c050a6e9-7e5b-4da4-95a0-60c287f0557d,104HT,,0,1,1600449501298,0,0
plugin_ios_activity_recognition,"[""stationary""]",0,2,0,c050a6e9-7e5b-4da4-95a0-60c287f0557d,104HT,,0,1,1600449509605,0,0
plugin_ios_activity_recognition,"[""stationary""]",0,2,0,c050a6e9-7e5b-4da4-95a0-60c287f0557d,104HT,supplement,0,1,1600449509686,0,0
plugin_ios_activity_recognition,,0,2,0,c050a6e9-7e5b-4da4-95a0-60c287f0557d,104HT,,0,0,1600449510548,0,0
plugin_ios_activity_recognition,"[""stationary""]",0,2,0,c050a6e9-7e5b-4da4-95a0-60c287f0557d,104HT,,0,1,1600449515663,0,0
plugin_ios_activity_recognition,,0,2,0,c050a6e9-7e5b-4da4-95a0-60c287f0557d,104HT,,0,0,1600449522049,0,0
plugin_ios_activity_recognition,"[""walking""]",0,1,0,c050a6e9-7e5b-4da4-95a0-60c287f0557d,104HT,,0,0,1600449526602,0,1
plugin_ios_activity_recognition,"[""walking""]",0,2,0,c050a6e9-7e5b-4da4-95a0-60c287f0557d,104HT,,0,0,1600449544629,0,1
plugin_ios_activity_recognition,,0,2,0,c050a6e9-7e5b-4da4-95a0-60c287f0557d,104HT,,0,0,1600449596143,0,0
plugin_ios_activity_recognition,"[""walking""]",0,2,0,c050a6e9-7e5b-4da4-95a0-60c287f0557d,104HT,,0,0,1600449598719,0,1
plugin_ios_activity_recognition,,0,2,0,c050a6e9-7e5b-4da4-95a0-60c287f0557d,104HT,,0,0,1600449686121,0,0
plugin_ios_activity_recognition,,0,2,0,c050a6e9-7e5b-4da4-95a0-60c287f0557d,104HT,,0,0,1600449689604,0,0
plugin_ios_activity_recognition,"[""stationary""]",0,2,0,c050a6e9-7e5b-4da4-95a0-60c287f0557d,104HT,,0,1,1600449706362,0,0
plugin_ios_activity_recognition,,0,2,0,c050a6e9-7e5b-4da4-95a0-60c287f0557d,104HT,,0,0,1600449735723,0,0
plugin_ios_activity_recognition,"[""stationary""]",0,2,0,c050a6e9-7e5b-4da4-95a0-60c287f0557d,104HT,,0,1,1600449774932,0,0
plugin_ios_activity_recognition,,0,2,0,c050a6e9-7e5b-4da4-95a0-60c287f0557d,104HT,,0,0,1600449781331,0,0
plugin_ios_activity_recognition,"[""walking""]",0,1,0,c050a6e9-7e5b-4da4-95a0-60c287f0557d,104HT,,0,0,1600449786205,0,1
plugin_ios_activity_recognition,"[""walking""]",0,2,0,c050a6e9-7e5b-4da4-95a0-60c287f0557d,104HT,,0,0,1600449796509,0,1
plugin_ios_activity_recognition,,0,2,0,c050a6e9-7e5b-4da4-95a0-60c287f0557d,104HT,,0,0,1600449860904,0,0
plugin_ios_activity_recognition,,0,2,0,c050a6e9-7e5b-4da4-95a0-60c287f0557d,104HT,,0,0,1600449871432,0,0
plugin_ios_activity_recognition,,0,2,0,c050a6e9-7e5b-4da4-95a0-60c287f0557d,104HT,,0,0,1600450049694,0,0
plugin_ios_activity_recognition,,0,2,0,c050a6e9-7e5b-4da4-95a0-60c287f0557d,104HT,,0,0,1600450229686,0,0
plugin_ios_activity_recognition,"[""walking""]",0,2,0,c050a6e9-7e5b-4da4-95a0-60c287f0557d,104HT,,0,0,1600450247302,0,1
plugin_ios_activity_recognition,"[""walking""]",0,2,0,c050a6e9-7e5b-4da4-95a0-60c287f0557d,104HT,,0,0,1600450409602,0,1
plugin_ios_activity_recognition,,0,2,0,c050a6e9-7e5b-4da4-95a0-60c287f0557d,104HT,,0,0,1600450455944,0,0
plugin_ios_activity_recognition,,0,2,0,c050a6e9-7e5b-4da4-95a0-60c287f0557d,104HT,,0,0,1600450589695,0,0
plugin_ios_activity_recognition,"[""walking""]",0,2,0,c050a6e9-7e5b-4da4-95a0-60c287f0557d,104HT,,0,0,1600450662033,0,1
plugin_ios_activity_recognition,"[""walking""]",0,2,0,c050a6e9-7e5b-4da4-95a0-60c287f0557d,104HT,,0,0,1600450771048,0,1
plugin_ios_activity_recognition,"[""walking""]",0,2,0,c050a6e9-7e5b-4da4-95a0-60c287f0557d,104HT,,0,0,1600450949607,0,1
plugin_ios_activity_recognition,,0,2,0,c050a6e9-7e5b-4da4-95a0-60c287f0557d,104HT,,0,0,1600450968419,0,0
plugin_ios_activity_recognition,"[""walking""]",0,2,0,c050a6e9-7e5b-4da4-95a0-60c287f0557d,104HT,,0,0,1600451086903,0,1
plugin_ios_activity_recognition,"[""walking""]",0,2,0,c050a6e9-7e5b-4da4-95a0-60c287f0557d,104HT,,0,0,1600451129600,0,1
plugin_ios_activity_recognition,,0,2,0,c050a6e9-7e5b-4da4-95a0-60c287f0557d,104HT,,0,0,1600451156260,0,0
plugin_ios_activity_recognition,"[""walking""]",0,1,0,c050a6e9-7e5b-4da4-95a0-60c287f0557d,104HT,,0,0,1600451158835,0,1
plugin_ios_activity_recognition,"[""walking""]",0,2,0,c050a6e9-7e5b-4da4-95a0-60c287f0557d,104HT,,0,0,1600451166563,0,1
plugin_ios_activity_recognition,"[""walking""]",0,2,0,c050a6e9-7e5b-4da4-95a0-60c287f0557d,104HT,,0,0,1600451309681,0,1
plugin_ios_activity_recognition,"[""stationary""]",0,2,0,c050a6e9-7e5b-4da4-95a0-60c287f0557d,104HT,,0,1,1600451394116,0,0
plugin_ios_activity_recognition,"[""stationary""]",0,2,0,c050a6e9-7e5b-4da4-95a0-60c287f0557d,104HT,,0,1,1600451489681,0,0
plugin_ios_activity_recognition,,0,2,0,c050a6e9-7e5b-4da4-95a0-60c287f0557d,104HT,,0,0,1600451638930,0,0
plugin_ios_activity_recognition,,0,2,0,c050a6e9-7e5b-4da4-95a0-60c287f0557d,104HT,,0,0,1600451670721,0,0
plugin_ios_activity_recognition,"[""stationary""]",0,2,0,c050a6e9-7e5b-4da4-95a0-60c287f0557d,104HT,,0,1,1600451674938,0,0
plugin_ios_activity_recognition,"[""stationary""]",0,2,0,c050a6e9-7e5b-4da4-95a0-60c287f0557d,104HT,,0,1,1600451849596,0,0
plugin_ios_activity_recognition,"[""stationary""]",0,2,0,c050a6e9-7e5b-4da4-95a0-60c287f0557d,104HT,supplement,0,1,1600452029596,0,0
plugin_ios_activity_recognition,"[""stationary""]",0,2,0,c050a6e9-7e5b-4da4-95a0-60c287f0557d,104HT,,0,1,1600452029678,0,0
plugin_ios_activity_recognition,"[""stationary""]",0,2,0,c050a6e9-7e5b-4da4-95a0-60c287f0557d,104HT,,0,1,1600452209596,0,0
plugin_ios_activity_recognition,"[""stationary""]",0,2,0,c050a6e9-7e5b-4da4-95a0-60c287f0557d,104HT,,0,1,1600452389595,0,0
plugin_ios_activity_recognition,,0,2,0,c050a6e9-7e5b-4da4-95a0-60c287f0557d,104HT,,0,0,1600452553369,0,0
plugin_ios_activity_recognition,,0,2,0,c050a6e9-7e5b-4da4-95a0-60c287f0557d,104HT,,0,0,1600452571767,0,0
plugin_ios_activity_recognition,"[""stationary""]",0,2,0,c050a6e9-7e5b-4da4-95a0-60c287f0557d,104HT,,0,1,1600452577107,0,0
plugin_ios_activity_recognition,"[""stationary""]",0,2,0,c050a6e9-7e5b-4da4-95a0-60c287f0557d,104HT,,0,1,1600452749679,0,0
plugin_ios_activity_recognition,"[""stationary""]",0,2,0,c050a6e9-7e5b-4da4-95a0-60c287f0557d,104HT,,0,1,1600452929679,0,0
plugin_ios_activity_recognition,"[""stationary""]",0,2,0,c050a6e9-7e5b-4da4-95a0-60c287f0557d,104HT,,0,1,1600453109594,0,0
plugin_ios_activity_recognition,"[""stationary""]",0,2,0,c050a6e9-7e5b-4da4-95a0-60c287f0557d,104HT,supplement,0,1,1600453289594,0,0
plugin_ios_activity_recognition,"[""stationary""]",0,2,0,c050a6e9-7e5b-4da4-95a0-60c287f0557d,104HT,,0,1,1600453289677,0,0
plugin_ios_activity_recognition,,0,2,0,c050a6e9-7e5b-4da4-95a0-60c287f0557d,104HT,,0,0,1600453411700,0,0
plugin_ios_activity_recognition,"[""walking""]",0,1,0,c050a6e9-7e5b-4da4-95a0-60c287f0557d,104HT,,0,0,1600453436211,0,1
plugin_ios_activity_recognition,"[""walking""]",0,2,0,c050a6e9-7e5b-4da4-95a0-60c287f0557d,104HT,,0,0,1600453441365,0,1
plugin_ios_activity_recognition,"[""stationary""]",0,2,0,c050a6e9-7e5b-4da4-95a0-60c287f0557d,104HT,supplement,0,1,1600453469594,0,0
plugin_ios_activity_recognition,"[""walking""]",0,2,0,c050a6e9-7e5b-4da4-95a0-60c287f0557d,104HT,,0,0,1600453471097,0,1
plugin_ios_activity_recognition,,0,2,0,c050a6e9-7e5b-4da4-95a0-60c287f0557d,104HT,,0,0,1600453492872,0,0
plugin_ios_activity_recognition,,0,2,0,c050a6e9-7e5b-4da4-95a0-60c287f0557d,104HT,,0,0,1600453649598,0,0
plugin_ios_activity_recognition,,0,2,0,c050a6e9-7e5b-4da4-95a0-60c287f0557d,104HT,supplement,0,0,1600453829598,0,0
plugin_ios_activity_recognition,,0,2,0,c050a6e9-7e5b-4da4-95a0-60c287f0557d,104HT,,0,0,1600453829688,0,0
plugin_ios_activity_recognition,,0,2,0,c050a6e9-7e5b-4da4-95a0-60c287f0557d,104HT,supplement,0,0,1600454009598,0,0
plugin_ios_activity_recognition,,0,2,0,c050a6e9-7e5b-4da4-95a0-60c287f0557d,104HT,supplement,0,0,1600454009688,0,0
plugin_ios_activity_recognition,,0,2,0,c050a6e9-7e5b-4da4-95a0-60c287f0557d,104HT,,0,0,1600454009690,0,0
plugin_ios_activity_recognition,"[""walking""]",0,2,0,c050a6e9-7e5b-4da4-95a0-60c287f0557d,104HT,,0,0,1600454013076,0,1
plugin_ios_activity_recognition,,0,2,0,c050a6e9-7e5b-4da4-95a0-60c287f0557d,104HT,supplement,0,0,1600454189688,0,0
plugin_ios_activity_recognition,"[""walking""]",0,2,0,c050a6e9-7e5b-4da4-95a0-60c287f0557d,104HT,,0,0,1600454189695,0,1
plugin_ios_activity_recognition,"[""walking""]",0,2,0,c050a6e9-7e5b-4da4-95a0-60c287f0557d,104HT,,0,0,1600454369656,0,1
plugin_ios_activity_recognition,"[""walking""]",0,2,0,c050a6e9-7e5b-4da4-95a0-60c287f0557d,104HT,supplement,0,0,1600454549656,0,1
plugin_ios_activity_recognition,"[""walking""]",0,2,0,c050a6e9-7e5b-4da4-95a0-60c287f0557d,104HT,,0,0,1600454549682,0,1
plugin_ios_activity_recognition,"[""walking""]",0,2,0,c050a6e9-7e5b-4da4-95a0-60c287f0557d,104HT,supplement,0,0,1600454729656,0,1
plugin_ios_activity_recognition,"[""walking""]",0,2,0,c050a6e9-7e5b-4da4-95a0-60c287f0557d,104HT,supplement,0,0,1600454729682,0,1
plugin_ios_activity_recognition,"[""walking""]",0,2,0,c050a6e9-7e5b-4da4-95a0-60c287f0557d,104HT,,0,0,1600454729690,0,1
plugin_ios_activity_recognition,,0,2,0,c050a6e9-7e5b-4da4-95a0-60c287f0557d,104HT,,0,0,1600454773207,0,0
plugin_ios_activity_recognition,"[""walking""]",0,1,0,c050a6e9-7e5b-4da4-95a0-60c287f0557d,104HT,,0,0,1600454873712,0,1
plugin_ios_activity_recognition,"[""walking""]",0,2,0,c050a6e9-7e5b-4da4-95a0-60c287f0557d,104HT,,0,0,1600454878867,0,1
plugin_ios_activity_recognition,"[""walking""]",0,2,0,c050a6e9-7e5b-4da4-95a0-60c287f0557d,104HT,,0,0,1600454909682,0,1
plugin_ios_activity_recognition,,0,2,0,c050a6e9-7e5b-4da4-95a0-60c287f0557d,104HT,,0,0,1600454940714,0,0
plugin_ios_activity_recognition,,0,2,0,c050a6e9-7e5b-4da4-95a0-60c287f0557d,104HT,,0,0,1600455089683,0,0
plugin_ios_activity_recognition,"[""walking""]",0,1,0,c050a6e9-7e5b-4da4-95a0-60c287f0557d,104HT,,0,0,1600455268020,0,1
plugin_ios_activity_recognition,"[""walking""]",0,2,0,c050a6e9-7e5b-4da4-95a0-60c287f0557d,104HT,,0,0,1600455270598,0,1
plugin_ios_activity_recognition,"[""walking""]",0,2,0,c050a6e9-7e5b-4da4-95a0-60c287f0557d,104HT,,0,0,1600455270668,0,1
plugin_ios_activity_recognition,"[""stationary""]",0,2,0,c050a6e9-7e5b-4da4-95a0-60c287f0557d,104HT,,0,1,1600455361373,0,0
plugin_ios_activity_recognition,,0,2,0,c050a6e9-7e5b-4da4-95a0-60c287f0557d,104HT,,0,0,1600455445171,0,0
plugin_ios_activity_recognition,,0,2,0,c050a6e9-7e5b-4da4-95a0-60c287f0557d,104HT,,0,0,1600455449673,0,0
plugin_ios_activity_recognition,"[""walking""]",0,2,0,c050a6e9-7e5b-4da4-95a0-60c287f0557d,104HT,,0,0,1600455473508,0,1
plugin_ios_activity_recognition,"[""stationary""]",0,2,0,c050a6e9-7e5b-4da4-95a0-60c287f0557d,104HT,,0,1,1600455552947,0,0
plugin_ios_activity_recognition,"[""walking""]",0,2,0,c050a6e9-7e5b-4da4-95a0-60c287f0557d,104HT,,0,0,1600455559337,0,1
plugin_ios_activity_recognition,,0,2,0,c050a6e9-7e5b-4da4-95a0-60c287f0557d,104HT,,0,0,1600455571267,0,0
plugin_ios_activity_recognition,"[""stationary""]",0,2,0,c050a6e9-7e5b-4da4-95a0-60c287f0557d,104HT,,0,1,1600455592087,0,0
plugin_ios_activity_recognition,,0,2,0,c050a6e9-7e5b-4da4-95a0-60c287f0557d,104HT,,0,0,1600455594978,0,0
plugin_ios_activity_recognition,"[""stationary""]",0,2,0,c050a6e9-7e5b-4da4-95a0-60c287f0557d,104HT,,0,1,1600455609082,0,0
plugin_ios_activity_recognition,,0,2,0,c050a6e9-7e5b-4da4-95a0-60c287f0557d,104HT,,0,0,1600455610356,0,0
plugin_ios_activity_recognition,"[""stationary""]",0,2,0,c050a6e9-7e5b-4da4-95a0-60c287f0557d,104HT,,0,1,1600455614515,0,0
plugin_ios_activity_recognition,,0,2,0,c050a6e9-7e5b-4da4-95a0-60c287f0557d,104HT,,0,0,1600455617067,0,0
plugin_ios_activity_recognition,,0,2,0,c050a6e9-7e5b-4da4-95a0-60c287f0557d,104HT,,0,0,1600455629673,0,0
plugin_ios_activity_recognition,"[""stationary""]",0,2,0,c050a6e9-7e5b-4da4-95a0-60c287f0557d,104HT,,0,1,1600455636334,0,0
plugin_ios_activity_recognition,,0,2,0,c050a6e9-7e5b-4da4-95a0-60c287f0557d,104HT,,0,0,1600455637974,0,0
plugin_ios_activity_recognition,"[""stationary""]",0,2,0,c050a6e9-7e5b-4da4-95a0-60c287f0557d,104HT,,0,1,1600455661064,0,0
plugin_ios_activity_recognition,,0,2,0,c050a6e9-7e5b-4da4-95a0-60c287f0557d,104HT,,0,0,1600455663267,0,0
plugin_ios_activity_recognition,,0,2,0,c050a6e9-7e5b-4da4-95a0-60c287f0557d,104HT,,0,0,1600455809587,0,0
plugin_ios_activity_recognition,,0,2,0,c050a6e9-7e5b-4da4-95a0-60c287f0557d,104HT,supplement,0,0,1600455989587,0,0
plugin_ios_activity_recognition,,0,2,0,c050a6e9-7e5b-4da4-95a0-60c287f0557d,104HT,,0,0,1600455989591,0,0
plugin_ios_activity_recognition,"[""stationary""]",0,2,0,c050a6e9-7e5b-4da4-95a0-60c287f0557d,104HT,,0,1,1600456022347,0,0
plugin_ios_activity_recognition,,0,2,0,c050a6e9-7e5b-4da4-95a0-60c287f0557d,104HT,,0,0,1600456023305,0,0
plugin_ios_activity_recognition,"[""walking""]",0,2,0,c050a6e9-7e5b-4da4-95a0-60c287f0557d,104HT,,0,0,1600456106341,0,1
plugin_ios_activity_recognition,,0,2,0,c050a6e9-7e5b-4da4-95a0-60c287f0557d,104HT,supplement,0,0,1600456169587,0,0
plugin_ios_activity_recognition,"[""walking""]",0,2,0,c050a6e9-7e5b-4da4-95a0-60c287f0557d,104HT,,0,0,1600456171517,0,1
plugin_ios_activity_recognition,,0,2,0,c050a6e9-7e5b-4da4-95a0-60c287f0557d,104HT,,0,0,1600456338048,0,0
plugin_ios_activity_recognition,,0,2,0,c050a6e9-7e5b-4da4-95a0-60c287f0557d,104HT,,0,0,1600456349672,0,0
plugin_ios_activity_recognition,"[""walking""]",0,2,0,c050a6e9-7e5b-4da4-95a0-60c287f0557d,104HT,,0,0,1600456363788,0,1
plugin_ios_activity_recognition,"[""walking""]",0,2,0,c050a6e9-7e5b-4da4-95a0-60c287f0557d,104HT,,0,0,1600456529671,0,1
plugin_ios_activity_recognition,"[""walking""]",0,2,0,c050a6e9-7e5b-4da4-95a0-60c287f0557d,104HT,,0,0,1600456709588,0,1
plugin_ios_activity_recognition,"[""walking""]",0,2,0,c050a6e9-7e5b-4da4-95a0-60c287f0557d,104HT,supplement,0,0,1600456889588,0,1
plugin_ios_activity_recognition,"[""walking""]",0,2,0,c050a6e9-7e5b-4da4-95a0-60c287f0557d,104HT,,0,0,1600456889670,0,1
plugin_ios_activity_recognition,"[""walking""]",0,2,0,c050a6e9-7e5b-4da4-95a0-60c287f0557d,104HT,supplement,0,0,1600457069588,0,1
plugin_ios_activity_recognition,"[""walking""]",0,2,0,c050a6e9-7e5b-4da4-95a0-60c287f0557d,104HT,supplement,0,0,1600457069670,0,1
plugin_ios_activity_recognition,"[""walking""]",0,2,0,c050a6e9-7e5b-4da4-95a0-60c287f0557d,104HT,,0,0,1600457070423,0,1
plugin_ios_activity_recognition,"[""walking""]",0,2,0,c050a6e9-7e5b-4da4-95a0-60c287f0557d,104HT,,0,0,1600457249585,0,1
plugin_ios_activity_recognition,"[""walking""]",0,2,0,c050a6e9-7e5b-4da4-95a0-60c287f0557d,104HT,supplement,0,0,1600457249670,0,1
plugin_ios_activity_recognition,,0,2,0,c050a6e9-7e5b-4da4-95a0-60c287f0557d,104HT,,0,0,1600457324472,0,0
plugin_ios_activity_recognition,"[""walking""]",0,1,0,c050a6e9-7e5b-4da4-95a0-60c287f0557d,104HT,,0,0,1600457363088,0,1
plugin_ios_activity_recognition,"[""walking""]",0,2,0,c050a6e9-7e5b-4da4-95a0-60c287f0557d,104HT,,0,0,1600457365664,0,1
plugin_ios_activity_recognition,"[""walking""]",0,2,0,c050a6e9-7e5b-4da4-95a0-60c287f0557d,104HT,,0,0,1600457429585,0,1
plugin_ios_activity_recognition,,0,2,0,c050a6e9-7e5b-4da4-95a0-60c287f0557d,104HT,,0,0,1600457481496,0,0
plugin_ios_activity_recognition,"[""walking""]",0,2,0,c050a6e9-7e5b-4da4-95a0-60c287f0557d,104HT,,0,0,1600457558716,0,1
plugin_ios_activity_recognition,"[""walking""]",0,2,0,c050a6e9-7e5b-4da4-95a0-60c287f0557d,104HT,,0,0,1600457609668,0,1
plugin_ios_activity_recognition,,0,2,0,c050a6e9-7e5b-4da4-95a0-60c287f0557d,104HT,,0,0,1600457697763,0,0
plugin_ios_activity_recognition,,0,2,0,c050a6e9-7e5b-4da4-95a0-60c287f0557d,104HT,,0,0,1600457789668,0,0
plugin_ios_activity_recognition,"[""walking""]",0,1,0,c050a6e9-7e5b-4da4-95a0-60c287f0557d,104HT,,0,0,1600457829002,0,1
plugin_ios_activity_recognition,"[""walking""]",0,2,0,c050a6e9-7e5b-4da4-95a0-60c287f0557d,104HT,,0,0,1600457831578,0,1
plugin_ios_activity_recognition,"[""walking""]",0,2,0,c050a6e9-7e5b-4da4-95a0-60c287f0557d,104HT,,0,0,1600457970402,0,1
plugin_ios_activity_recognition,,0,2,0,c050a6e9-7e5b-4da4-95a0-60c287f0557d,104HT,,0,0,1600458052974,0,0
plugin_ios_activity_recognition,"[""walking""]",0,1,0,c050a6e9-7e5b-4da4-95a0-60c287f0557d,104HT,,0,0,1600458060701,0,1
plugin_ios_activity_recognition,"[""walking""]",0,2,0,c050a6e9-7e5b-4da4-95a0-60c287f0557d,104HT,,0,0,1600458068429,0,1
plugin_ios_activity_recognition,,0,2,0,c050a6e9-7e5b-4da4-95a0-60c287f0557d,104HT,,0,0,1600458148247,0,0
plugin_ios_activity_recognition,,0,2,0,c050a6e9-7e5b-4da4-95a0-60c287f0557d,104HT,,0,0,1600458150225,0,0
plugin_ios_activity_recognition,"[""walking""]",0,1,0,c050a6e9-7e5b-4da4-95a0-60c287f0557d,104HT,,0,0,1600458155974,0,1
plugin_ios_activity_recognition,"[""walking""]",0,2,0,c050a6e9-7e5b-4da4-95a0-60c287f0557d,104HT,,0,0,1600458163676,0,1
plugin_ios_activity_recognition,,0,2,0,c050a6e9-7e5b-4da4-95a0-60c287f0557d,104HT,,0,0,1600458215152,0,0
plugin_ios_activity_recognition,"[""walking""]",0,1,0,c050a6e9-7e5b-4da4-95a0-60c287f0557d,104HT,,0,0,1600458256292,0,1
plugin_ios_activity_recognition,"[""walking""]",0,2,0,c050a6e9-7e5b-4da4-95a0-60c287f0557d,104HT,,0,0,1600458258867,0,1
plugin_ios_activity_recognition,"[""walking""]",0,2,0,c050a6e9-7e5b-4da4-95a0-60c287f0557d,104HT,,0,0,1600458329670,0,1
plugin_ios_activity_recognition,,0,2,0,c050a6e9-7e5b-4da4-95a0-60c287f0557d,104HT,,0,0,1600458426171,0,0
plugin_ios_activity_recognition,,0,2,0,c050a6e9-7e5b-4da4-95a0-60c287f0557d,104HT,,0,0,1600458509587,0,0
plugin_ios_activity_recognition,"[""walking""]",0,2,0,c050a6e9-7e5b-4da4-95a0-60c287f0557d,104HT,,0,0,1600458534291,0,1
plugin_ios_activity_recognition,"[""walking""]",0,2,0,c050a6e9-7e5b-4da4-95a0-60c287f0557d,104HT,,0,0,1600458689581,0,1
plugin_ios_activity_recognition,,0,2,0,c050a6e9-7e5b-4da4-95a0-60c287f0557d,104HT,,0,0,1600458747962,0,0
plugin_ios_activity_recognition,"[""walking""]",0,2,0,c050a6e9-7e5b-4da4-95a0-60c287f0557d,104HT,,0,0,1600458778858,0,1
plugin_ios_activity_recognition,"[""walking""]",0,2,0,c050a6e9-7e5b-4da4-95a0-60c287f0557d,104HT,,0,0,1600458870989,0,1
plugin_ios_activity_recognition,,0,2,0,c050a6e9-7e5b-4da4-95a0-60c287f0557d,104HT,,0,0,1600458894707,0,0
plugin_ios_activity_recognition,"[""stationary""]",0,2,0,c050a6e9-7e5b-4da4-95a0-60c287f0557d,104HT,,0,1,1600458925206,0,0
plugin_ios_activity_recognition,,0,2,0,c050a6e9-7e5b-4da4-95a0-60c287f0557d,104HT,,0,0,1600458927134,0,0
plugin_ios_activity_recognition,,0,2,0,c050a6e9-7e5b-4da4-95a0-60c287f0557d,104HT,,0,0,1600459049667,0,0
plugin_ios_activity_recognition,"[""walking""]",0,2,0,c050a6e9-7e5b-4da4-95a0-60c287f0557d,104HT,,0,0,1600459121003,0,1
plugin_ios_activity_recognition,,0,2,0,c050a6e9-7e5b-4da4-95a0-60c287f0557d,104HT,,0,0,1600459216161,0,0
plugin_ios_activity_recognition,,0,2,0,c050a6e9-7e5b-4da4-95a0-60c287f0557d,104HT,,0,0,1600459229667,0,0
plugin_ios_activity_recognition,"[""walking""]",0,2,0,c050a6e9-7e5b-4da4-95a0-60c287f0557d,104HT,,0,0,1600459344770,0,1
plugin_ios_activity_recognition,"[""walking""]",0,2,0,c050a6e9-7e5b-4da4-95a0-60c287f0557d,104HT,,0,0,1600459409575,0,1
plugin_ios_activity_recognition,,0,2,0,c050a6e9-7e5b-4da4-95a0-60c287f0557d,104HT,,0,0,1600459414565,0,0
plugin_ios_activity_recognition,"[""walking""]",0,1,0,c050a6e9-7e5b-4da4-95a0-60c287f0557d,104HT,,0,0,1600459450346,0,1
plugin_ios_activity_recognition,"[""walking""]",0,2,0,c050a6e9-7e5b-4da4-95a0-60c287f0557d,104HT,,0,0,1600459452922,0,1
plugin_ios_activity_recognition,"[""walking""]",0,2,0,c050a6e9-7e5b-4da4-95a0-60c287f0557d,104HT,,0,0,1600459589668,0,1
plugin_ios_activity_recognition,"[""walking""]",0,2,0,c050a6e9-7e5b-4da4-95a0-60c287f0557d,104HT,supplement,0,0,1600459769668,0,1
plugin_ios_activity_recognition,"[""walking""]",0,2,0,c050a6e9-7e5b-4da4-95a0-60c287f0557d,104HT,,0,0,1600459770657,0,1
plugin_ios_activity_recognition,"[""walking""]",0,2,0,c050a6e9-7e5b-4da4-95a0-60c287f0557d,104HT,,0,0,1600459949569,0,1
plugin_ios_activity_recognition,"[""walking""]",0,2,0,c050a6e9-7e5b-4da4-95a0-60c287f0557d,104HT,supplement,0,0,1600459949668,0,1
plugin_ios_activity_recognition,"[""walking""]",0,2,0,c050a6e9-7e5b-4da4-95a0-60c287f0557d,104HT,supplement,0,0,1600460129569,0,1
plugin_ios_activity_recognition,"[""walking""]",0,2,0,c050a6e9-7e5b-4da4-95a0-60c287f0557d,104HT,,0,0,1600460129657,0,1
plugin_ios_activity_recognition,"[""walking""]",0,2,0,c050a6e9-7e5b-4da4-95a0-60c287f0557d,104HT,supplement,0,0,1600460309569,0,1
plugin_ios_activity_recognition,"[""walking""]",0,2,0,c050a6e9-7e5b-4da4-95a0-60c287f0557d,104HT,,0,0,1600460309655,0,1
plugin_ios_activity_recognition,"[""walking""]",0,2,0,c050a6e9-7e5b-4da4-95a0-60c287f0557d,104HT,,0,0,1600460489654,0,1
plugin_ios_activity_recognition,,0,2,0,c050a6e9-7e5b-4da4-95a0-60c287f0557d,104HT,,0,0,1600460534601,0,0
plugin_ios_activity_recognition,"[""walking""]",0,1,0,c050a6e9-7e5b-4da4-95a0-60c287f0557d,104HT,,0,0,1600460537158,0,1
plugin_ios_activity_recognition,,0,2,0,c050a6e9-7e5b-4da4-95a0-60c287f0557d,104HT,,0,0,1600460547448,0,0
plugin_ios_activity_recognition,,0,2,0,c050a6e9-7e5b-4da4-95a0-60c287f0557d,104HT,,0,0,1600460670638,0,0
plugin_ios_activity_recognition,"[""walking""]",0,2,0,c050a6e9-7e5b-4da4-95a0-60c287f0557d,104HT,,0,0,1600460740490,0,1
plugin_ios_activity_recognition,"[""walking""]",0,2,0,c050a6e9-7e5b-4da4-95a0-60c287f0557d,104HT,,0,0,1600460849568,0,1
plugin_ios_activity_recognition,"[""walking""]",0,2,0,c050a6e9-7e5b-4da4-95a0-60c287f0557d,104HT,supplement,0,0,1600461029568,0,1
plugin_ios_activity_recognition,"[""walking""]",0,2,0,c050a6e9-7e5b-4da4-95a0-60c287f0557d,104HT,,0,0,1600461029650,0,1
plugin_ios_activity_recognition,"[""walking""]",0,2,0,c050a6e9-7e5b-4da4-95a0-60c287f0557d,104HT,supplement,0,0,1600461209568,0,1
plugin_ios_activity_recognition,"[""walking""]",0,2,0,c050a6e9-7e5b-4da4-95a0-60c287f0557d,104HT,,0,0,1600461209572,0,1
plugin_ios_activity_recognition,"[""walking""]",0,2,0,c050a6e9-7e5b-4da4-95a0-60c287f0557d,104HT,supplement,0,0,1600461389572,0,1
plugin_ios_activity_recognition,"[""walking""]",0,2,0,c050a6e9-7e5b-4da4-95a0-60c287f0557d,104HT,,0,0,1600461389573,0,1
plugin_ios_activity_recognition,,0,2,0,c050a6e9-7e5b-4da4-95a0-60c287f0557d,104HT,,0,0,1600461420331,0,0
plugin_ios_activity_recognition,"[""walking""]",0,2,0,c050a6e9-7e5b-4da4-95a0-60c287f0557d,104HT,supplement,0,0,1600461569572,0,1
plugin_ios_activity_recognition,,0,2,0,c050a6e9-7e5b-4da4-95a0-60c287f0557d,104HT,,0,0,1600461570734,0,0
plugin_ios_activity_recognition,"[""walking""]",0,1,0,c050a6e9-7e5b-4da4-95a0-60c287f0557d,104HT,,0,0,1600461654298,0,1
plugin_ios_activity_recognition,"[""walking""]",0,2,0,c050a6e9-7e5b-4da4-95a0-60c287f0557d,104HT,,0,0,1600461659449,0,1
plugin_ios_activity_recognition,"[""walking""]",0,2,0,c050a6e9-7e5b-4da4-95a0-60c287f0557d,104HT,,0,0,1600461749655,0,1
plugin_ios_activity_recognition,"[""walking""]",0,2,0,c050a6e9-7e5b-4da4-95a0-60c287f0557d,104HT,,0,0,1600461929655,0,1
plugin_ios_activity_recognition,"[""stationary""]",0,2,0,c050a6e9-7e5b-4da4-95a0-60c287f0557d,104HT,,0,1,1600462001598,0,0
plugin_ios_activity_recognition,"[""walking""]",0,2,0,c050a6e9-7e5b-4da4-95a0-60c287f0557d,104HT,,0,0,1600462026265,0,1
plugin_ios_activity_recognition,"[""stationary""]",0,2,0,c050a6e9-7e5b-4da4-95a0-60c287f0557d,104HT,,0,1,1600462030142,0,0
plugin_ios_activity_recognition,,0,2,0,c050a6e9-7e5b-4da4-95a0-60c287f0557d,104HT,,0,0,1600462046371,0,0
plugin_ios_activity_recognition,"[""walking""]",0,1,0,c050a6e9-7e5b-4da4-95a0-60c287f0557d,104HT,,0,0,1600462050603,0,1
plugin_ios_activity_recognition,"[""stationary""]",0,2,0,c050a6e9-7e5b-4da4-95a0-60c287f0557d,104HT,,0,1,1600462062109,0,0
plugin_ios_activity_recognition,"[""stationary""]",0,2,0,c050a6e9-7e5b-4da4-95a0-60c287f0557d,104HT,,0,1,1600462109573,0,0
plugin_ios_activity_recognition,,0,2,0,c050a6e9-7e5b-4da4-95a0-60c287f0557d,104HT,,0,0,1600462150821,0,0
plugin_ios_activity_recognition,"[""walking""]",0,1,0,c050a6e9-7e5b-4da4-95a0-60c287f0557d,104HT,,0,0,1600462155376,0,1
plugin_ios_activity_recognition,"[""walking""]",0,2,0,c050a6e9-7e5b-4da4-95a0-60c287f0557d,104HT,,0,0,1600462168254,0,1
plugin_ios_activity_recognition,,0,2,0,c050a6e9-7e5b-4da4-95a0-60c287f0557d,104HT,,0,0,1600462219759,0,0
plugin_ios_activity_recognition,,0,2,0,c050a6e9-7e5b-4da4-95a0-60c287f0557d,104HT,,0,0,1600462289574,0,0
plugin_ios_activity_recognition,"[""stationary""]",0,2,0,c050a6e9-7e5b-4da4-95a0-60c287f0557d,104HT,,0,1,1600462296340,0,0
plugin_ios_activity_recognition,,0,2,0,c050a6e9-7e5b-4da4-95a0-60c287f0557d,104HT,,0,0,1600462298916,0,0
plugin_ios_activity_recognition,"[""stationary""]",0,2,0,c050a6e9-7e5b-4da4-95a0-60c287f0557d,104HT,,0,1,1600462456718,0,0
plugin_ios_activity_recognition,,0,2,0,c050a6e9-7e5b-4da4-95a0-60c287f0557d,104HT,,0,0,1600462457962,0,0
plugin_ios_activity_recognition,,0,2,0,c050a6e9-7e5b-4da4-95a0-60c287f0557d,104HT,,0,0,1600462471231,0,0
plugin_ios_activity_recognition,,0,2,0,c050a6e9-7e5b-4da4-95a0-60c287f0557d,104HT,,0,0,1600462649569,0,0
plugin_ios_activity_recognition,,0,2,0,c050a6e9-7e5b-4da4-95a0-60c287f0557d,104HT,supplement,0,0,1600462829569,0,0
plugin_ios_activity_recognition,,0,2,0,c050a6e9-7e5b-4da4-95a0-60c287f0557d,104HT,,0,0,1600462829656,0,0
plugin_ios_activity_recognition,,0,2,0,c050a6e9-7e5b-4da4-95a0-60c287f0557d,104HT,,0,0,1600463009567,0,0
plugin_ios_activity_recognition,,0,2,0,c050a6e9-7e5b-4da4-95a0-60c287f0557d,104HT,supplement,0,0,1600463009569,0,0
plugin_ios_activity_recognition,,0,2,0,c050a6e9-7e5b-4da4-95a0-60c287f0557d,104HT,supplement,0,0,1600463189567,0,0
plugin_ios_activity_recognition,,0,2,0,c050a6e9-7e5b-4da4-95a0-60c287f0557d,104HT,,0,0,1600463189667,0,0
plugin_ios_activity_recognition,,0,2,0,c050a6e9-7e5b-4da4-95a0-60c287f0557d,104HT,supplement,0,0,1600463369567,0,0
plugin_ios_activity_recognition,,0,2,0,c050a6e9-7e5b-4da4-95a0-60c287f0557d,104HT,supplement,0,0,1600463369667,0,0
plugin_ios_activity_recognition,,0,2,0,c050a6e9-7e5b-4da4-95a0-60c287f0557d,104HT,,0,0,1600463371173,0,0
plugin_ios_activity_recognition,,0,2,0,c050a6e9-7e5b-4da4-95a0-60c287f0557d,104HT,,0,0,1600463549578,0,0
plugin_ios_activity_recognition,,0,2,0,c050a6e9-7e5b-4da4-95a0-60c287f0557d,104HT,supplement,0,0,1600463549667,0,0
plugin_ios_activity_recognition,,0,2,0,c050a6e9-7e5b-4da4-95a0-60c287f0557d,104HT,supplement,0,0,1600463729578,0,0
plugin_ios_activity_recognition,,0,2,0,c050a6e9-7e5b-4da4-95a0-60c287f0557d,104HT,,0,0,1600463729668,0,0
plugin_ios_activity_recognition,"[""stationary""]",0,2,0,c050a6e9-7e5b-4da4-95a0-60c287f0557d,104HT,,0,1,1600463774594,0,0
plugin_ios_activity_recognition,,0,2,0,c050a6e9-7e5b-4da4-95a0-60c287f0557d,104HT,,0,0,1600463779102,0,0
plugin_ios_activity_recognition,"[""stationary""]",0,2,0,c050a6e9-7e5b-4da4-95a0-60c287f0557d,104HT,,0,1,1600463793593,0,0
plugin_ios_activity_recognition,,0,2,0,c050a6e9-7e5b-4da4-95a0-60c287f0557d,104HT,,0,0,1600463804487,0,0
plugin_ios_activity_recognition,"[""stationary""]",0,2,0,c050a6e9-7e5b-4da4-95a0-60c287f0557d,104HT,,0,1,1600463815073,0,0
plugin_ios_activity_recognition,,0,2,0,c050a6e9-7e5b-4da4-95a0-60c287f0557d,104HT,,0,0,1600463823729,0,0
plugin_ios_activity_recognition,,0,2,0,c050a6e9-7e5b-4da4-95a0-60c287f0557d,104HT,,0,0,1600463909578,0,0
plugin_ios_activity_recognition,,0,2,0,c050a6e9-7e5b-4da4-95a0-60c287f0557d,104HT,supplement,0,0,1600464089578,0,0
plugin_ios_activity_recognition,,0,2,0,c050a6e9-7e5b-4da4-95a0-60c287f0557d,104HT,,0,0,1600464089673,0,0
plugin_ios_activity_recognition,,0,2,0,c050a6e9-7e5b-4da4-95a0-60c287f0557d,104HT,supplement,0,0,1600464269578,0,0
plugin_ios_activity_recognition,,0,2,0,c050a6e9-7e5b-4da4-95a0-60c287f0557d,104HT,supplement,0,0,1600464269673,0,0
plugin_ios_activity_recognition,,0,2,0,c050a6e9-7e5b-4da4-95a0-60c287f0557d,104HT,,0,0,1600464271150,0,0
plugin_ios_activity_recognition,"[""stationary""]",0,2,0,c050a6e9-7e5b-4da4-95a0-60c287f0557d,104HT,,0,1,1600464380612,0,0
plugin_ios_activity_recognition,,0,2,0,c050a6e9-7e5b-4da4-95a0-60c287f0557d,104HT,,0,0,1600464381893,0,0
plugin_ios_activity_recognition,,0,2,0,c050a6e9-7e5b-4da4-95a0-60c287f0557d,104HT,,0,0,1600464449659,0,0
plugin_ios_activity_recognition,,0,2,0,c050a6e9-7e5b-4da4-95a0-60c287f0557d,104HT,supplement,0,0,1600464449673,0,0
plugin_ios_activity_recognition,"[""walking""]",0,1,0,c050a6e9-7e5b-4da4-95a0-60c287f0557d,104HT,,0,0,1600464593761,0,1
plugin_ios_activity_recognition,"[""walking""]",0,2,0,c050a6e9-7e5b-4da4-95a0-60c287f0557d,104HT,,0,0,1600464599190,0,1
plugin_ios_activity_recognition,"[""walking""]",0,2,0,c050a6e9-7e5b-4da4-95a0-60c287f0557d,104HT,,0,0,1600464629668,0,1
plugin_ios_activity_recognition,"[""stationary""]",0,2,0,c050a6e9-7e5b-4da4-95a0-60c287f0557d,104HT,,0,1,1600464631650,0,0
plugin_ios_activity_recognition,"[""walking""]",0,2,0,c050a6e9-7e5b-4da4-95a0-60c287f0557d,104HT,,0,0,1600464633877,0,1
plugin_ios_activity_recognition,,0,2,0,c050a6e9-7e5b-4da4-95a0-60c287f0557d,104HT,,0,0,1600464652928,0,0
plugin_ios_activity_recognition,"[""stationary""]",0,2,0,c050a6e9-7e5b-4da4-95a0-60c287f0557d,104HT,,0,1,1600464789323,0,0
plugin_ios_activity_recognition,,0,2,0,c050a6e9-7e5b-4da4-95a0-60c287f0557d,104HT,,0,0,1600464790603,0,0
plugin_ios_activity_recognition,"[""stationary""]",0,2,0,c050a6e9-7e5b-4da4-95a0-60c287f0557d,104HT,,0,1,1600464802125,0,0
plugin_ios_activity_recognition,"[""stationary""]",0,2,0,c050a6e9-7e5b-4da4-95a0-60c287f0557d,104HT,,0,1,1600464809578,0,0
plugin_ios_activity_recognition,,0,2,0,c050a6e9-7e5b-4da4-95a0-60c287f0557d,104HT,,0,0,1600464820930,0,0
plugin_ios_activity_recognition,"[""stationary""]",0,2,0,c050a6e9-7e5b-4da4-95a0-60c287f0557d,104HT,,0,1,1600464927825,0,0
plugin_ios_activity_recognition,,0,2,0,c050a6e9-7e5b-4da4-95a0-60c287f0557d,104HT,,0,0,1600464928784,0,0
plugin_ios_activity_recognition,,0,2,0,c050a6e9-7e5b-4da4-95a0-60c287f0557d,104HT,,0,0,1600464989579,0,0
plugin_ios_activity_recognition,"[""stationary""]",0,2,0,c050a6e9-7e5b-4da4-95a0-60c287f0557d,104HT,,0,1,1600465043398,0,0
plugin_ios_activity_recognition,,0,2,0,c050a6e9-7e5b-4da4-95a0-60c287f0557d,104HT,,0,0,1600465045642,0,0
plugin_ios_activity_recognition,,0,2,0,c050a6e9-7e5b-4da4-95a0-60c287f0557d,104HT,,0,0,1600465171395,0,0
plugin_ios_activity_recognition,"[""stationary""]",0,2,0,c050a6e9-7e5b-4da4-95a0-60c287f0557d,104HT,,0,1,1600465225713,0,0
plugin_ios_activity_recognition,,0,2,0,c050a6e9-7e5b-4da4-95a0-60c287f0557d,104HT,,0,0,1600465227943,0,0
plugin_ios_activity_recognition,"[""stationary""]",0,2,0,c050a6e9-7e5b-4da4-95a0-60c287f0557d,104HT,,0,1,1600465251358,0,0
plugin_ios_activity_recognition,,0,2,0,c050a6e9-7e5b-4da4-95a0-60c287f0557d,104HT,,0,0,1600465252324,0,0
plugin_ios_activity_recognition,"[""stationary""]",0,2,0,c050a6e9-7e5b-4da4-95a0-60c287f0557d,104HT,,0,1,1600465277645,0,0
plugin_ios_activity_recognition,,0,2,0,c050a6e9-7e5b-4da4-95a0-60c287f0557d,104HT,,0,0,1600465279555,0,0
plugin_ios_activity_recognition,"[""stationary""]",0,2,0,c050a6e9-7e5b-4da4-95a0-60c287f0557d,104HT,,0,1,1600465283053,0,0
plugin_ios_activity_recognition,,0,2,0,c050a6e9-7e5b-4da4-95a0-60c287f0557d,104HT,,0,0,1600465288488,0,0
plugin_ios_activity_recognition,"[""stationary""]",0,2,0,c050a6e9-7e5b-4da4-95a0-60c287f0557d,104HT,,0,1,1600465314453,0,0
plugin_ios_activity_recognition,,0,2,0,c050a6e9-7e5b-4da4-95a0-60c287f0557d,104HT,,0,0,1600465316386,0,0
plugin_ios_activity_recognition,,0,2,0,c050a6e9-7e5b-4da4-95a0-60c287f0557d,104HT,,0,0,1600465349576,0,0
plugin_ios_activity_recognition,"[""walking""]",0,1,0,c050a6e9-7e5b-4da4-95a0-60c287f0557d,104HT,,0,0,1600465356052,0,1
plugin_ios_activity_recognition,"[""walking""]",0,2,0,c050a6e9-7e5b-4da4-95a0-60c287f0557d,104HT,,0,0,1600465369855,0,1
plugin_ios_activity_recognition,,0,2,0,c050a6e9-7e5b-4da4-95a0-60c287f0557d,104HT,,0,0,1600465425626,0,0
plugin_ios_activity_recognition,"[""walking""]",0,2,0,c050a6e9-7e5b-4da4-95a0-60c287f0557d,104HT,,0,0,1600465433356,0,1
plugin_ios_activity_recognition,"[""walking""]",0,2,0,c050a6e9-7e5b-4da4-95a0-60c287f0557d,104HT,,0,0,1600465529670,0,1
plugin_ios_activity_recognition,,0,2,0,c050a6e9-7e5b-4da4-95a0-60c287f0557d,104HT,,0,0,1600465559623,0,0
plugin_ios_activity_recognition,,0,2,0,c050a6e9-7e5b-4da4-95a0-60c287f0557d,104HT,,0,0,1600465709673,0,0
plugin_ios_activity_recognition,,0,2,0,c050a6e9-7e5b-4da4-95a0-60c287f0557d,104HT,,0,0,1600465889648,0,0
plugin_ios_activity_recognition,"[""walking""]",0,1,0,c050a6e9-7e5b-4da4-95a0-60c287f0557d,104HT,,0,0,1600465933292,0,1
plugin_ios_activity_recognition,"[""walking""]",0,2,0,c050a6e9-7e5b-4da4-95a0-60c287f0557d,104HT,,0,0,1600465951332,0,1
plugin_ios_activity_recognition,,0,2,0,c050a6e9-7e5b-4da4-95a0-60c287f0557d,104HT,,0,0,1600466002872,0,0
plugin_ios_activity_recognition,,0,2,0,c050a6e9-7e5b-4da4-95a0-60c287f0557d,104HT,,0,0,1600466069608,0,0
plugin_ios_activity_recognition,,0,2,0,c050a6e9-7e5b-4da4-95a0-60c287f0557d,104HT,supplement,0,0,1600466249608,0,0
plugin_ios_activity_recognition,,0,2,0,c050a6e9-7e5b-4da4-95a0-60c287f0557d,104HT,,0,0,1600466249652,0,0
plugin_ios_activity_recognition,,0,2,0,c050a6e9-7e5b-4da4-95a0-60c287f0557d,104HT,supplement,0,0,1600466429608,0,0
plugin_ios_activity_recognition,,0,2,0,c050a6e9-7e5b-4da4-95a0-60c287f0557d,104HT,,0,0,1600466429646,0,0
plugin_ios_activity_recognition,,0,2,0,c050a6e9-7e5b-4da4-95a0-60c287f0557d,104HT,supplement,0,0,1600466609646,0,0
plugin_ios_activity_recognition,,0,2,0,c050a6e9-7e5b-4da4-95a0-60c287f0557d,104HT,,0,0,1600466609648,0,0
plugin_ios_activity_recognition,"[""walking""]",0,1,0,c050a6e9-7e5b-4da4-95a0-60c287f0557d,104HT,,0,0,1600466706388,0,1
plugin_ios_activity_recognition,"[""walking""]",0,2,0,c050a6e9-7e5b-4da4-95a0-60c287f0557d,104HT,,0,0,1600466711542,0,1
plugin_ios_activity_recognition,"[""walking""]",0,2,0,c050a6e9-7e5b-4da4-95a0-60c287f0557d,104HT,,0,0,1600466789555,0,1
plugin_ios_activity_recognition,,0,2,0,c050a6e9-7e5b-4da4-95a0-60c287f0557d,104HT,supplement,0,0,1600466789646,0,0
plugin_ios_activity_recognition,"[""stationary""]",0,2,0,c050a6e9-7e5b-4da4-95a0-60c287f0557d,104HT,,0,1,1600466863985,0,0
plugin_ios_activity_recognition,,0,2,0,c050a6e9-7e5b-4da4-95a0-60c287f0557d,104HT,,0,0,1600466875895,0,0
plugin_ios_activity_recognition,"[""walking""]",0,1,0,c050a6e9-7e5b-4da4-95a0-60c287f0557d,104HT,,0,0,1600466909751,0,1
plugin_ios_activity_recognition,"[""walking""]",0,2,0,c050a6e9-7e5b-4da4-95a0-60c287f0557d,104HT,,0,0,1600466914903,0,1
plugin_ios_activity_recognition,"[""walking""]",0,2,0,c050a6e9-7e5b-4da4-95a0-60c287f0557d,104HT,,0,0,1600466970392,0,1
plugin_ios_activity_recognition,"[""stationary""]",0,2,0,c050a6e9-7e5b-4da4-95a0-60c287f0557d,104HT,,0,1,1600466978810,0,0
plugin_ios_activity_recognition,"[""walking""]",0,2,0,c050a6e9-7e5b-4da4-95a0-60c287f0557d,104HT,,0,0,1600466987116,0,1
plugin_ios_activity_recognition,,0,2,0,c050a6e9-7e5b-4da4-95a0-60c287f0557d,104HT,,0,0,1600466989692,0,0
plugin_ios_activity_recognition,"[""stationary""]",0,2,0,c050a6e9-7e5b-4da4-95a0-60c287f0557d,104HT,,0,1,1600466996412,0,0
plugin_ios_activity_recognition,,0,2,0,c050a6e9-7e5b-4da4-95a0-60c287f0557d,104HT,,0,0,1600466996734,0,0
plugin_ios_activity_recognition,"[""stationary""]",0,2,0,c050a6e9-7e5b-4da4-95a0-60c287f0557d,104HT,,0,1,1600467038557,0,0
plugin_ios_activity_recognition,,0,2,0,c050a6e9-7e5b-4da4-95a0-60c287f0557d,104HT,,0,0,1600467059607,0,0
plugin_ios_activity_recognition,"[""walking""]",0,1,0,c050a6e9-7e5b-4da4-95a0-60c287f0557d,104HT,,0,0,1600467063841,0,1
plugin_ios_activity_recognition,"[""walking""]",0,2,0,c050a6e9-7e5b-4da4-95a0-60c287f0557d,104HT,,0,0,1600467071551,0,1
plugin_ios_activity_recognition,,0,2,0,c050a6e9-7e5b-4da4-95a0-60c287f0557d,104HT,,0,0,1600467123044,0,0
plugin_ios_activity_recognition,,0,2,0,c050a6e9-7e5b-4da4-95a0-60c287f0557d,104HT,,0,0,1600467149552,0,0
plugin_ios_activity_recognition,,0,2,0,c050a6e9-7e5b-4da4-95a0-60c287f0557d,104HT,supplement,0,0,1600467329552,0,0
plugin_ios_activity_recognition,,0,2,0,c050a6e9-7e5b-4da4-95a0-60c287f0557d,104HT,,0,0,1600467329642,0,0
plugin_ios_activity_recognition,,0,2,0,c050a6e9-7e5b-4da4-95a0-60c287f0557d,104HT,,0,0,1600467509548,0,0
plugin_ios_activity_recognition,,0,2,0,c050a6e9-7e5b-4da4-95a0-60c287f0557d,104HT,supplement,0,0,1600467509552,0,0
plugin_ios_activity_recognition,,0,2,0,c050a6e9-7e5b-4da4-95a0-60c287f0557d,104HT,supplement,0,0,1600467689548,0,0
plugin_ios_activity_recognition,,0,2,0,c050a6e9-7e5b-4da4-95a0-60c287f0557d,104HT,,0,0,1600467689639,0,0
plugin_ios_activity_recognition,,0,2,0,c050a6e9-7e5b-4da4-95a0-60c287f0557d,104HT,supplement,0,0,1600467869548,0,0
plugin_ios_activity_recognition,,0,2,0,c050a6e9-7e5b-4da4-95a0-60c287f0557d,104HT,supplement,0,0,1600467869639,0,0
plugin_ios_activity_recognition,,0,2,0,c050a6e9-7e5b-4da4-95a0-60c287f0557d,104HT,,0,0,1600467871074,0,0
plugin_ios_activity_recognition,,0,2,0,c050a6e9-7e5b-4da4-95a0-60c287f0557d,104HT,,0,0,1600468049637,0,0
plugin_ios_activity_recognition,,0,2,0,c050a6e9-7e5b-4da4-95a0-60c287f0557d,104HT,supplement,0,0,1600468049639,0,0
plugin_ios_activity_recognition,,0,2,0,c050a6e9-7e5b-4da4-95a0-60c287f0557d,104HT,supplement,0,0,1600468229637,0,0
plugin_ios_activity_recognition,,0,2,0,c050a6e9-7e5b-4da4-95a0-60c287f0557d,104HT,,0,0,1600468229640,0,0
plugin_ios_activity_recognition,,0,2,0,c050a6e9-7e5b-4da4-95a0-60c287f0557d,104HT,,0,0,1600468409541,0,0
plugin_ios_activity_recognition,,0,2,0,c050a6e9-7e5b-4da4-95a0-60c287f0557d,104HT,supplement,0,0,1600468409637,0,0
plugin_ios_activity_recognition,"[""walking""]",0,1,0,c050a6e9-7e5b-4da4-95a0-60c287f0557d,104HT,,0,0,1600468530634,0,1
plugin_ios_activity_recognition,"[""walking""]",0,2,0,c050a6e9-7e5b-4da4-95a0-60c287f0557d,104HT,,0,0,1600468533211,0,1
plugin_ios_activity_recognition,,0,2,0,c050a6e9-7e5b-4da4-95a0-60c287f0557d,104HT,,0,0,1600468584705,0,0
plugin_ios_activity_recognition,,0,2,0,c050a6e9-7e5b-4da4-95a0-60c287f0557d,104HT,,0,0,1600468589537,0,0
plugin_ios_activity_recognition,"[""walking""]",0,1,0,c050a6e9-7e5b-4da4-95a0-60c287f0557d,104HT,,0,0,1600468736467,0,1
plugin_ios_activity_recognition,"[""walking""]",0,2,0,c050a6e9-7e5b-4da4-95a0-60c287f0557d,104HT,,0,0,1600468742542,0,1
plugin_ios_activity_recognition,"[""stationary""]",0,2,0,c050a6e9-7e5b-4da4-95a0-60c287f0557d,104HT,,0,1,1600468767373,0,0
plugin_ios_activity_recognition,"[""stationary""]",0,2,0,c050a6e9-7e5b-4da4-95a0-60c287f0557d,104HT,,0,1,1600468771025,0,0
plugin_ios_activity_recognition,,0,2,0,c050a6e9-7e5b-4da4-95a0-60c287f0557d,104HT,,0,0,1600468873068,0,0
plugin_ios_activity_recognition,"[""walking""]",0,1,0,c050a6e9-7e5b-4da4-95a0-60c287f0557d,104HT,,0,0,1600468877301,0,1
plugin_ios_activity_recognition,"[""walking""]",0,2,0,c050a6e9-7e5b-4da4-95a0-60c287f0557d,104HT,,0,0,1600468895327,0,1
plugin_ios_activity_recognition,"[""walking""]",0,2,0,c050a6e9-7e5b-4da4-95a0-60c287f0557d,104HT,,0,0,1600468949622,0,1
plugin_ios_activity_recognition,"[""running""]",0,2,0,c050a6e9-7e5b-4da4-95a0-60c287f0557d,104HT,,1,0,1600468993216,0,0
plugin_ios_activity_recognition,"[""walking""]",0,2,0,c050a6e9-7e5b-4da4-95a0-60c287f0557d,104HT,,0,0,1600469000944,0,1
plugin_ios_activity_recognition,"[""walking""]",0,2,0,c050a6e9-7e5b-4da4-95a0-60c287f0557d,104HT,,0,0,1600469129643,0,1
plugin_ios_activity_recognition,"[""stationary""]",0,2,0,c050a6e9-7e5b-4da4-95a0-60c287f0557d,104HT,,0,1,1600469211820,0,0
plugin_ios_activity_recognition,"[""stationary""]",0,2,0,c050a6e9-7e5b-4da4-95a0-60c287f0557d,104HT,,0,1,1600469309542,0,0
plugin_ios_activity_recognition,,0,2,0,c050a6e9-7e5b-4da4-95a0-60c287f0557d,104HT,,0,0,1600469412489,0,0
plugin_ios_activity_recognition,"[""stationary""]",0,2,0,c050a6e9-7e5b-4da4-95a0-60c287f0557d,104HT,,0,1,1600469416373,0,0
plugin_ios_activity_recognition,"[""stationary""]",0,2,0,c050a6e9-7e5b-4da4-95a0-60c287f0557d,104HT,,0,1,1600469489622,0,0
plugin_ios_activity_recognition,"[""stationary""]",0,2,0,c050a6e9-7e5b-4da4-95a0-60c287f0557d,104HT,supplement,0,1,1600469669622,0,0
plugin_ios_activity_recognition,"[""stationary""]",0,2,0,c050a6e9-7e5b-4da4-95a0-60c287f0557d,104HT,,0,1,1600469670377,0,0
plugin_ios_activity_recognition,,0,2,0,c050a6e9-7e5b-4da4-95a0-60c287f0557d,104HT,,0,0,1600469775147,0,0
plugin_ios_activity_recognition,,0,2,0,c050a6e9-7e5b-4da4-95a0-60c287f0557d,104HT,,0,0,1600469849534,0,0
plugin_ios_activity_recognition,"[""stationary""]",0,2,0,c050a6e9-7e5b-4da4-95a0-60c287f0557d,104HT,supplement,0,1,1600469849622,0,0
plugin_ios_activity_recognition,"[""stationary""]",0,2,0,c050a6e9-7e5b-4da4-95a0-60c287f0557d,104HT,,0,1,1600469863825,0,0
plugin_ios_activity_recognition,,0,2,0,c050a6e9-7e5b-4da4-95a0-60c287f0557d,104HT,,0,0,1600470023682,0,0
plugin_ios_activity_recognition,,0,2,0,c050a6e9-7e5b-4da4-95a0-60c287f0557d,104HT,,0,0,1600470029534,0,0
plugin_ios_activity_recognition,,0,2,0,c050a6e9-7e5b-4da4-95a0-60c287f0557d,104HT,supplement,0,0,1600470209534,0,0
plugin_ios_activity_recognition,,0,2,0,c050a6e9-7e5b-4da4-95a0-60c287f0557d,104HT,,0,0,1600470209620,0,0
plugin_ios_activity_recognition,"[""stationary""]",0,2,0,c050a6e9-7e5b-4da4-95a0-60c287f0557d,104HT,,0,1,1600470245199,0,0
plugin_ios_activity_recognition,,0,2,0,c050a6e9-7e5b-4da4-95a0-60c287f0557d,104HT,,0,0,1600470247424,0,0
plugin_ios_activity_recognition,"[""stationary""]",0,2,0,c050a6e9-7e5b-4da4-95a0-60c287f0557d,104HT,,0,1,1600470251582,0,0
plugin_ios_activity_recognition,,0,2,0,c050a6e9-7e5b-4da4-95a0-60c287f0557d,104HT,,0,0,1600470255418,0,0
plugin_ios_activity_recognition,"[""stationary""]",0,2,0,c050a6e9-7e5b-4da4-95a0-60c287f0557d,104HT,,0,1,1600470266994,0,0
plugin_ios_activity_recognition,,0,2,0,c050a6e9-7e5b-4da4-95a0-60c287f0557d,104HT,,0,0,1600470273412,0,0
plugin_ios_activity_recognition,"[""stationary""]",0,2,0,c050a6e9-7e5b-4da4-95a0-60c287f0557d,104HT,,0,1,1600470340262,0,0
plugin_ios_activity_recognition,,0,2,0,c050a6e9-7e5b-4da4-95a0-60c287f0557d,104HT,,0,0,1600470350802,0,0
plugin_ios_activity_recognition,"[""stationary""]",0,2,0,c050a6e9-7e5b-4da4-95a0-60c287f0557d,104HT,,0,1,1600470361058,0,0
plugin_ios_activity_recognition,,0,2,0,c050a6e9-7e5b-4da4-95a0-60c287f0557d,104HT,,0,0,1600470384090,0,0
plugin_ios_activity_recognition,"[""stationary""]",0,2,0,c050a6e9-7e5b-4da4-95a0-60c287f0557d,104HT,,0,1,1600470388890,0,0
plugin_ios_activity_recognition,,0,2,0,c050a6e9-7e5b-4da4-95a0-60c287f0557d,104HT,supplement,0,0,1600470389534,0,0
plugin_ios_activity_recognition,"[""stationary""]",0,2,0,c050a6e9-7e5b-4da4-95a0-60c287f0557d,104HT,,0,1,1600470389619,0,0
plugin_ios_activity_recognition,,0,2,0,c050a6e9-7e5b-4da4-95a0-60c287f0557d,104HT,,0,0,1600470391146,0,0
plugin_ios_activity_recognition,"[""stationary""]",0,2,0,c050a6e9-7e5b-4da4-95a0-60c287f0557d,104HT,,0,1,1600470400469,0,0
plugin_ios_activity_recognition,,0,2,0,c050a6e9-7e5b-4da4-95a0-60c287f0557d,104HT,,0,0,1600470406553,0,0
plugin_ios_activity_recognition,"[""stationary""]",0,2,0,c050a6e9-7e5b-4da4-95a0-60c287f0557d,104HT,,0,1,1600470410112,0,0
plugin_ios_activity_recognition,,0,2,0,c050a6e9-7e5b-4da4-95a0-60c287f0557d,104HT,,0,0,1600470414558,0,0
plugin_ios_activity_recognition,"[""stationary""]",0,2,0,c050a6e9-7e5b-4da4-95a0-60c287f0557d,104HT,,0,1,1600470433468,0,0
plugin_ios_activity_recognition,,0,2,0,c050a6e9-7e5b-4da4-95a0-60c287f0557d,104HT,,0,0,1600470439893,0,0
plugin_ios_activity_recognition,"[""stationary""]",0,2,0,c050a6e9-7e5b-4da4-95a0-60c287f0557d,104HT,,0,1,1600470454669,0,0
plugin_ios_activity_recognition,,0,2,0,c050a6e9-7e5b-4da4-95a0-60c287f0557d,104HT,,0,0,1600470472562,0,0
plugin_ios_activity_recognition,"[""stationary""]",0,2,0,c050a6e9-7e5b-4da4-95a0-60c287f0557d,104HT,,0,1,1600470476072,0,0
plugin_ios_activity_recognition,,0,2,0,c050a6e9-7e5b-4da4-95a0-60c287f0557d,104HT,,0,0,1600470488515,0,0
plugin_ios_activity_recognition,"[""stationary""]",0,2,0,c050a6e9-7e5b-4da4-95a0-60c287f0557d,104HT,,0,1,1600470499400,0,0
plugin_ios_activity_recognition,,0,2,0,c050a6e9-7e5b-4da4-95a0-60c287f0557d,104HT,,0,0,1600470504523,0,0
plugin_ios_activity_recognition,"[""stationary""]",0,2,0,c050a6e9-7e5b-4da4-95a0-60c287f0557d,104HT,,0,1,1600470512850,0,0
plugin_ios_activity_recognition,,0,2,0,c050a6e9-7e5b-4da4-95a0-60c287f0557d,104HT,,0,0,1600470514764,0,0
plugin_ios_activity_recognition,"[""stationary""]",0,2,0,c050a6e9-7e5b-4da4-95a0-60c287f0557d,104HT,,0,1,1600470536923,0,0
plugin_ios_activity_recognition,,0,2,0,c050a6e9-7e5b-4da4-95a0-60c287f0557d,104HT,,0,0,1600470549994,0,0
plugin_ios_activity_recognition,"[""stationary""]",0,2,0,c050a6e9-7e5b-4da4-95a0-60c287f0557d,104HT,,0,1,1600470564735,0,0
plugin_ios_activity_recognition,,0,2,0,c050a6e9-7e5b-4da4-95a0-60c287f0557d,104HT,,0,0,1600470569195,0,0
plugin_ios_activity_recognition,,0,2,0,c050a6e9-7e5b-4da4-95a0-60c287f0557d,104HT,,0,0,1600470570616,0,0
plugin_ios_activity_recognition,"[""stationary""]",0,2,0,c050a6e9-7e5b-4da4-95a0-60c287f0557d,104HT,,0,1,1600470572724,0,0
plugin_ios_activity_recognition,,0,2,0,c050a6e9-7e5b-4da4-95a0-60c287f0557d,104HT,,0,0,1600470577217,0,0
plugin_ios_activity_recognition,"[""stationary""]",0,2,0,c050a6e9-7e5b-4da4-95a0-60c287f0557d,104HT,,0,1,1600470606447,0,0
plugin_ios_activity_recognition,,0,2,0,c050a6e9-7e5b-4da4-95a0-60c287f0557d,104HT,,0,0,1600470609652,0,0
plugin_ios_activity_recognition,,0,2,0,c050a6e9-7e5b-4da4-95a0-60c287f0557d,104HT,,0,0,1600470749784,0,0
plugin_ios_activity_recognition,,0,2,0,c050a6e9-7e5b-4da4-95a0-60c287f0557d,104HT,,0,0,1600470929614,0,0
plugin_ios_activity_recognition,"[""walking""]",0,1,0,c050a6e9-7e5b-4da4-95a0-60c287f0557d,104HT,,0,0,1600471064972,0,1
plugin_ios_activity_recognition,"[""walking""]",0,2,0,c050a6e9-7e5b-4da4-95a0-60c287f0557d,104HT,,0,0,1600471067546,0,1
plugin_ios_activity_recognition,"[""walking""]",0,2,0,c050a6e9-7e5b-4da4-95a0-60c287f0557d,104HT,,0,0,1600471109530,0,1
plugin_ios_activity_recognition,"[""stationary""]",0,2,0,c050a6e9-7e5b-4da4-95a0-60c287f0557d,104HT,,0,1,1600471117897,0,0
plugin_ios_activity_recognition,"[""walking""]",0,2,0,c050a6e9-7e5b-4da4-95a0-60c287f0557d,104HT,,0,0,1600471118535,0,1
plugin_ios_activity_recognition,,0,2,0,c050a6e9-7e5b-4da4-95a0-60c287f0557d,104HT,,0,0,1600471119811,0,0
plugin_ios_activity_recognition,"[""stationary""]",0,2,0,c050a6e9-7e5b-4da4-95a0-60c287f0557d,104HT,,0,1,1600471156239,0,0
plugin_ios_activity_recognition,,0,2,0,c050a6e9-7e5b-4da4-95a0-60c287f0557d,104HT,,0,0,1600471157515,0,0
plugin_ios_activity_recognition,,0,2,0,c050a6e9-7e5b-4da4-95a0-60c287f0557d,104HT,,0,0,1600471289530,0,0
plugin_ios_activity_recognition,"[""stationary""]",0,2,0,c050a6e9-7e5b-4da4-95a0-60c287f0557d,104HT,,0,1,1600471360511,0,0
plugin_ios_activity_recognition,,0,2,0,c050a6e9-7e5b-4da4-95a0-60c287f0557d,104HT,,0,0,1600471378371,0,0
plugin_ios_activity_recognition,,0,2,0,c050a6e9-7e5b-4da4-95a0-60c287f0557d,104HT,,0,0,1600471470852,0,0
plugin_ios_activity_recognition,"[""stationary""]",0,2,0,c050a6e9-7e5b-4da4-95a0-60c287f0557d,104HT,,0,1,1600471523314,0,0
plugin_ios_activity_recognition,,0,2,0,c050a6e9-7e5b-4da4-95a0-60c287f0557d,104HT,,0,0,1600471526203,0,0
plugin_ios_activity_recognition,"[""stationary""]",0,2,0,c050a6e9-7e5b-4da4-95a0-60c287f0557d,104HT,,0,1,1600471595946,0,0
plugin_ios_activity_recognition,,0,2,0,c050a6e9-7e5b-4da4-95a0-60c287f0557d,104HT,,0,0,1600471599515,0,0
plugin_ios_activity_recognition,,0,2,0,c050a6e9-7e5b-4da4-95a0-60c287f0557d,104HT,,0,0,1600471649623,0,0
plugin_ios_activity_recognition,"[""walking""]",0,1,0,c050a6e9-7e5b-4da4-95a0-60c287f0557d,104HT,,0,0,1600471779652,0,1
plugin_ios_activity_recognition,"[""walking""]",0,2,0,c050a6e9-7e5b-4da4-95a0-60c287f0557d,104HT,,0,0,1600471784806,0,1
plugin_ios_activity_recognition,"[""walking""]",0,2,0,c050a6e9-7e5b-4da4-95a0-60c287f0557d,104HT,,0,0,1600471829611,0,1
plugin_ios_activity_recognition,,0,2,0,c050a6e9-7e5b-4da4-95a0-60c287f0557d,104HT,,0,0,1600471836179,0,0
plugin_ios_activity_recognition,,0,2,0,c050a6e9-7e5b-4da4-95a0-60c287f0557d,104HT,,0,0,1600472009527,0,0
plugin_ios_activity_recognition,,0,2,0,c050a6e9-7e5b-4da4-95a0-60c287f0557d,104HT,supplement,0,0,1600472189527,0,0
plugin_ios_activity_recognition,,0,2,0,c050a6e9-7e5b-4da4-95a0-60c287f0557d,104HT,,0,0,1600472189608,0,0
plugin_ios_activity_recognition,,0,2,0,c050a6e9-7e5b-4da4-95a0-60c287f0557d,104HT,supplement,0,0,1600472369527,0,0
plugin_ios_activity_recognition,,0,2,0,c050a6e9-7e5b-4da4-95a0-60c287f0557d,104HT,,0,0,1600472369538,0,0
plugin_ios_activity_recognition,,0,2,0,c050a6e9-7e5b-4da4-95a0-60c287f0557d,104HT,,0,0,1600472549521,0,0
plugin_ios_activity_recognition,"[""stationary""]",0,2,0,c050a6e9-7e5b-4da4-95a0-60c287f0557d,104HT,,0,1,1600472634982,0,0
plugin_ios_activity_recognition,,0,2,0,c050a6e9-7e5b-4da4-95a0-60c287f0557d,104HT,,0,0,1600472637873,0,0
plugin_ios_activity_recognition,"[""walking""]",0,1,0,c050a6e9-7e5b-4da4-95a0-60c287f0557d,104HT,,0,0,1600472684933,0,1
plugin_ios_activity_recognition,"[""walking""]",0,2,0,c050a6e9-7e5b-4da4-95a0-60c287f0557d,104HT,,0,0,1600472706138,0,1
plugin_ios_activity_recognition,"[""walking""]",0,2,0,c050a6e9-7e5b-4da4-95a0-60c287f0557d,104HT,,0,0,1600472729605,0,1
plugin_ios_activity_recognition,"[""walking""]",0,2,0,c050a6e9-7e5b-4da4-95a0-60c287f0557d,104HT,supplement,0,0,1600472909605,0,1
plugin_ios_activity_recognition,"[""walking""]",0,2,0,c050a6e9-7e5b-4da4-95a0-60c287f0557d,104HT,,0,0,1600472909608,0,1
plugin_ios_activity_recognition,,0,2,0,c050a6e9-7e5b-4da4-95a0-60c287f0557d,104HT,,0,0,1600472963039,0,0
plugin_ios_activity_recognition,"[""walking""]",0,2,0,c050a6e9-7e5b-4da4-95a0-60c287f0557d,104HT,supplement,0,0,1600473089605,0,1
plugin_ios_activity_recognition,,0,2,0,c050a6e9-7e5b-4da4-95a0-60c287f0557d,104HT,,0,0,1600473089608,0,0
plugin_ios_activity_recognition,"[""walking""]",0,1,0,c050a6e9-7e5b-4da4-95a0-60c287f0557d,104HT,,0,0,1600473094312,0,1
plugin_ios_activity_recognition,"[""walking""]",0,2,0,c050a6e9-7e5b-4da4-95a0-60c287f0557d,104HT,,0,0,1600473104595,0,1
plugin_ios_activity_recognition,,0,2,0,c050a6e9-7e5b-4da4-95a0-60c287f0557d,104HT,,0,0,1600473156035,0,0
plugin_ios_activity_recognition,,0,2,0,c050a6e9-7e5b-4da4-95a0-60c287f0557d,104HT,,0,0,1600473270888,0,0
plugin_ios_activity_recognition,"[""walking""]",0,2,0,c050a6e9-7e5b-4da4-95a0-60c287f0557d,104HT,,0,0,1600473362011,0,1
plugin_ios_activity_recognition,"[""walking""]",0,2,0,c050a6e9-7e5b-4da4-95a0-60c287f0557d,104HT,,0,0,1600473449510,0,1
