name,bssid,device_id,device_label,mac_address,ssid,timestamp
sensor_wifi,44:1c:a8:b1:60:36,b57ed6e1-b480-4063-9d33-e29b2d89ef0d,203RN,02:00:00:00:00:00,"""DDW36527""",1590969603319
sensor_wifi,44:1c:a8:b1:60:36,b57ed6e1-b480-4063-9d33-e29b2d89ef0d,203RN,02:00:00:00:00:00,"""DDW36527""",1590969663317
sensor_wifi,44:1c:a8:b1:60:36,b57ed6e1-b480-4063-9d33-e29b2d89ef0d,203RN,02:00:00:00:00:00,"""DDW36527""",1590969715017
sensor_wifi,44:1c:a8:b1:60:36,b57ed6e1-b480-4063-9d33-e29b2d89ef0d,203RN,02:00:00:00:00:00,"""DDW36527""",1590969723291
sensor_wifi,44:1c:a8:b1:60:36,b57ed6e1-b480-4063-9d33-e29b2d89ef0d,203RN,02:00:00:00:00:00,"""DDW36527""",1590969783332
sensor_wifi,44:1c:a8:b1:60:36,b57ed6e1-b480-4063-9d33-e29b2d89ef0d,203RN,02:00:00:00:00:00,"""DDW36527""",1590969843315
sensor_wifi,44:1c:a8:b1:60:36,b57ed6e1-b480-4063-9d33-e29b2d89ef0d,203RN,02:00:00:00:00:00,"""DDW36527""",1590969903351
sensor_wifi,44:1c:a8:b1:60:36,b57ed6e1-b480-4063-9d33-e29b2d89ef0d,203RN,02:00:00:00:00:00,"""DDW36527""",1590969963288
sensor_wifi,44:1c:a8:b1:60:36,b57ed6e1-b480-4063-9d33-e29b2d89ef0d,203RN,02:00:00:00:00:00,"""DDW36527""",1590970023307
sensor_wifi,44:1c:a8:b1:60:36,b57ed6e1-b480-4063-9d33-e29b2d89ef0d,203RN,02:00:00:00:00:00,"""DDW36527""",1590970083308
sensor_wifi,44:1c:a8:b1:60:36,b57ed6e1-b480-4063-9d33-e29b2d89ef0d,203RN,02:00:00:00:00:00,"""DDW36527""",1590970143345
sensor_wifi,44:1c:a8:b1:60:36,b57ed6e1-b480-4063-9d33-e29b2d89ef0d,203RN,02:00:00:00:00:00,"""DDW36527""",1590970167324
sensor_wifi,44:1c:a8:b1:60:36,b57ed6e1-b480-4063-9d33-e29b2d89ef0d,203RN,02:00:00:00:00:00,"""DDW36527""",1590970203294
sensor_wifi,44:1c:a8:b1:60:36,b57ed6e1-b480-4063-9d33-e29b2d89ef0d,203RN,02:00:00:00:00:00,"""DDW36527""",1590970263300
sensor_wifi,44:1c:a8:b1:60:36,b57ed6e1-b480-4063-9d33-e29b2d89ef0d,203RN,02:00:00:00:00:00,"""DDW36527""",1590970323315
sensor_wifi,44:1c:a8:b1:60:36,b57ed6e1-b480-4063-9d33-e29b2d89ef0d,203RN,02:00:00:00:00:00,"""DDW36527""",1590970383333
sensor_wifi,44:1c:a8:b1:60:36,b57ed6e1-b480-4063-9d33-e29b2d89ef0d,203RN,02:00:00:00:00:00,"""DDW36527""",1590970443320
sensor_wifi,44:1c:a8:b1:60:36,b57ed6e1-b480-4063-9d33-e29b2d89ef0d,203RN,02:00:00:00:00:00,"""DDW36527""",1590970503333
sensor_wifi,44:1c:a8:b1:60:36,b57ed6e1-b480-4063-9d33-e29b2d89ef0d,203RN,02:00:00:00:00:00,"""DDW36527""",1590970510543
sensor_wifi,44:1c:a8:b1:60:36,b57ed6e1-b480-4063-9d33-e29b2d89ef0d,203RN,02:00:00:00:00:00,"""DDW36527""",1590970563292
sensor_wifi,44:1c:a8:b1:60:36,b57ed6e1-b480-4063-9d33-e29b2d89ef0d,203RN,02:00:00:00:00:00,"""DDW36527""",1590970623345
sensor_wifi,44:1c:a8:b1:60:36,b57ed6e1-b480-4063-9d33-e29b2d89ef0d,203RN,02:00:00:00:00:00,"""DDW36527""",1590970683294
sensor_wifi,44:1c:a8:b1:60:36,b57ed6e1-b480-4063-9d33-e29b2d89ef0d,203RN,02:00:00:00:00:00,"""DDW36527""",1590970743319
sensor_wifi,44:1c:a8:b1:60:36,b57ed6e1-b480-4063-9d33-e29b2d89ef0d,203RN,02:00:00:00:00:00,"""DDW36527""",1590970803301
sensor_wifi,44:1c:a8:b1:60:36,b57ed6e1-b480-4063-9d33-e29b2d89ef0d,203RN,02:00:00:00:00:00,"""DDW36527""",1590970863303
sensor_wifi,44:1c:a8:b1:60:36,b57ed6e1-b480-4063-9d33-e29b2d89ef0d,203RN,02:00:00:00:00:00,"""DDW36527""",1590970923301
sensor_wifi,44:1c:a8:b1:60:36,b57ed6e1-b480-4063-9d33-e29b2d89ef0d,203RN,02:00:00:00:00:00,"""DDW36527""",1590970983323
sensor_wifi,44:1c:a8:b1:60:36,b57ed6e1-b480-4063-9d33-e29b2d89ef0d,203RN,02:00:00:00:00:00,"""DDW36527""",1590971043287
sensor_wifi,44:1c:a8:b1:60:36,b57ed6e1-b480-4063-9d33-e29b2d89ef0d,203RN,02:00:00:00:00:00,"""DDW36527""",1590971103323
sensor_wifi,44:1c:a8:b1:60:36,b57ed6e1-b480-4063-9d33-e29b2d89ef0d,203RN,02:00:00:00:00:00,"""DDW36527""",1590971163300
sensor_wifi,44:1c:a8:b1:60:36,b57ed6e1-b480-4063-9d33-e29b2d89ef0d,203RN,02:00:00:00:00:00,"""DDW36527""",1590971223314
sensor_wifi,44:1c:a8:b1:60:36,b57ed6e1-b480-4063-9d33-e29b2d89ef0d,203RN,02:00:00:00:00:00,"""DDW36527""",1590971287422
sensor_wifi,44:1c:a8:b1:60:36,b57ed6e1-b480-4063-9d33-e29b2d89ef0d,203RN,02:00:00:00:00:00,"""DDW36527""",1590971343415
sensor_wifi,44:1c:a8:b1:60:36,b57ed6e1-b480-4063-9d33-e29b2d89ef0d,203RN,02:00:00:00:00:00,"""DDW36527""",1590971403526
sensor_wifi,44:1c:a8:b1:60:36,b57ed6e1-b480-4063-9d33-e29b2d89ef0d,203RN,02:00:00:00:00:00,"""DDW36527""",1590971463421
sensor_wifi,44:1c:a8:b1:60:36,b57ed6e1-b480-4063-9d33-e29b2d89ef0d,203RN,02:00:00:00:00:00,"""DDW36527""",1590971523443
sensor_wifi,44:1c:a8:b1:60:36,b57ed6e1-b480-4063-9d33-e29b2d89ef0d,203RN,02:00:00:00:00:00,"""DDW36527""",1590971583429
sensor_wifi,44:1c:a8:b1:60:36,b57ed6e1-b480-4063-9d33-e29b2d89ef0d,203RN,02:00:00:00:00:00,"""DDW36527""",1590971643392
sensor_wifi,44:1c:a8:b1:60:36,b57ed6e1-b480-4063-9d33-e29b2d89ef0d,203RN,02:00:00:00:00:00,"""DDW36527""",1590971703429
sensor_wifi,44:1c:a8:b1:60:36,b57ed6e1-b480-4063-9d33-e29b2d89ef0d,203RN,02:00:00:00:00:00,"""DDW36527""",1590971763425
sensor_wifi,44:1c:a8:b1:60:36,b57ed6e1-b480-4063-9d33-e29b2d89ef0d,203RN,02:00:00:00:00:00,"""DDW36527""",1590971823433
sensor_wifi,44:1c:a8:b1:60:36,b57ed6e1-b480-4063-9d33-e29b2d89ef0d,203RN,02:00:00:00:00:00,"""DDW36527""",1590971883398
sensor_wifi,44:1c:a8:b1:60:36,b57ed6e1-b480-4063-9d33-e29b2d89ef0d,203RN,02:00:00:00:00:00,"""DDW36527""",1590971921132
sensor_wifi,44:1c:a8:b1:60:36,b57ed6e1-b480-4063-9d33-e29b2d89ef0d,203RN,02:00:00:00:00:00,"""DDW36527""",1590971943411
sensor_wifi,44:1c:a8:b1:60:36,b57ed6e1-b480-4063-9d33-e29b2d89ef0d,203RN,02:00:00:00:00:00,"""DDW36527""",1590972003436
sensor_wifi,44:1c:a8:b1:60:36,b57ed6e1-b480-4063-9d33-e29b2d89ef0d,203RN,02:00:00:00:00:00,"""DDW36527""",1590972063434
sensor_wifi,44:1c:a8:b1:60:36,b57ed6e1-b480-4063-9d33-e29b2d89ef0d,203RN,02:00:00:00:00:00,"""DDW36527""",1590972092860
sensor_wifi,44:1c:a8:b1:60:36,b57ed6e1-b480-4063-9d33-e29b2d89ef0d,203RN,02:00:00:00:00:00,"""DDW36527""",1590972123517
sensor_wifi,44:1c:a8:b1:60:36,b57ed6e1-b480-4063-9d33-e29b2d89ef0d,203RN,02:00:00:00:00:00,"""DDW36527""",1590972183428
sensor_wifi,44:1c:a8:b1:60:36,b57ed6e1-b480-4063-9d33-e29b2d89ef0d,203RN,02:00:00:00:00:00,"""DDW36527""",1590972243403
sensor_wifi,44:1c:a8:b1:60:36,b57ed6e1-b480-4063-9d33-e29b2d89ef0d,203RN,02:00:00:00:00:00,"""DDW36527""",1590972303435
sensor_wifi,44:1c:a8:b1:60:36,b57ed6e1-b480-4063-9d33-e29b2d89ef0d,203RN,02:00:00:00:00:00,"""DDW36527""",1590972363424
sensor_wifi,44:1c:a8:b1:60:36,b57ed6e1-b480-4063-9d33-e29b2d89ef0d,203RN,02:00:00:00:00:00,"""DDW36527""",1590972423425
sensor_wifi,44:1c:a8:b1:60:36,b57ed6e1-b480-4063-9d33-e29b2d89ef0d,203RN,02:00:00:00:00:00,"""DDW36527""",1590972505994
sensor_wifi,44:1c:a8:b1:60:36,b57ed6e1-b480-4063-9d33-e29b2d89ef0d,203RN,02:00:00:00:00:00,"""DDW36527""",1590972543451
sensor_wifi,44:1c:a8:b1:60:36,b57ed6e1-b480-4063-9d33-e29b2d89ef0d,203RN,02:00:00:00:00:00,"""DDW36527""",1590972603410
sensor_wifi,44:1c:a8:b1:60:36,b57ed6e1-b480-4063-9d33-e29b2d89ef0d,203RN,02:00:00:00:00:00,"""DDW36527""",1590972702066
sensor_wifi,44:1c:a8:b1:60:36,b57ed6e1-b480-4063-9d33-e29b2d89ef0d,203RN,02:00:00:00:00:00,"""DDW36527""",1590972723418
sensor_wifi,44:1c:a8:b1:60:36,b57ed6e1-b480-4063-9d33-e29b2d89ef0d,203RN,02:00:00:00:00:00,"""DDW36527""",1590972783430
sensor_wifi,44:1c:a8:b1:60:36,b57ed6e1-b480-4063-9d33-e29b2d89ef0d,203RN,02:00:00:00:00:00,"""DDW36527""",1590972843416
sensor_wifi,44:1c:a8:b1:60:36,b57ed6e1-b480-4063-9d33-e29b2d89ef0d,203RN,02:00:00:00:00:00,"""DDW36527""",1590972903419
sensor_wifi,44:1c:a8:b1:60:36,b57ed6e1-b480-4063-9d33-e29b2d89ef0d,203RN,02:00:00:00:00:00,"""DDW36527""",1590972963426
sensor_wifi,44:1c:a8:b1:60:36,b57ed6e1-b480-4063-9d33-e29b2d89ef0d,203RN,02:00:00:00:00:00,"""DDW36527""",1590973023406
sensor_wifi,44:1c:a8:b1:60:36,b57ed6e1-b480-4063-9d33-e29b2d89ef0d,203RN,02:00:00:00:00:00,"""DDW36527""",1590973087344
sensor_wifi,44:1c:a8:b1:60:36,b57ed6e1-b480-4063-9d33-e29b2d89ef0d,203RN,02:00:00:00:00:00,"""DDW36527""",1590973143356
sensor_wifi,44:1c:a8:b1:60:36,b57ed6e1-b480-4063-9d33-e29b2d89ef0d,203RN,02:00:00:00:00:00,"""DDW36527""",1590973244900
sensor_wifi,44:1c:a8:b1:60:36,b57ed6e1-b480-4063-9d33-e29b2d89ef0d,203RN,02:00:00:00:00:00,"""DDW36527""",1590973263346
sensor_wifi,44:1c:a8:b1:60:36,b57ed6e1-b480-4063-9d33-e29b2d89ef0d,203RN,02:00:00:00:00:00,"""DDW36527""",1590973323349
sensor_wifi,44:1c:a8:b1:60:36,b57ed6e1-b480-4063-9d33-e29b2d89ef0d,203RN,02:00:00:00:00:00,"""DDW36527""",1590973425836
sensor_wifi,44:1c:a8:b1:60:36,b57ed6e1-b480-4063-9d33-e29b2d89ef0d,203RN,02:00:00:00:00:00,"""DDW36527""",1590973443341
sensor_wifi,44:1c:a8:b1:60:36,b57ed6e1-b480-4063-9d33-e29b2d89ef0d,203RN,02:00:00:00:00:00,"""DDW36527""",1590973503320
sensor_wifi,44:1c:a8:b1:60:36,b57ed6e1-b480-4063-9d33-e29b2d89ef0d,203RN,02:00:00:00:00:00,"""DDW36527""",1590973606785
sensor_wifi,44:1c:a8:b1:60:36,b57ed6e1-b480-4063-9d33-e29b2d89ef0d,203RN,02:00:00:00:00:00,"""DDW36527""",1590973623332
sensor_wifi,44:1c:a8:b1:60:36,b57ed6e1-b480-4063-9d33-e29b2d89ef0d,203RN,02:00:00:00:00:00,"""DDW36527""",1590973683355
sensor_wifi,44:1c:a8:b1:60:36,b57ed6e1-b480-4063-9d33-e29b2d89ef0d,203RN,02:00:00:00:00:00,"""DDW36527""",1590973743328
sensor_wifi,44:1c:a8:b1:60:36,b57ed6e1-b480-4063-9d33-e29b2d89ef0d,203RN,02:00:00:00:00:00,"""DDW36527""",1590973803333
sensor_wifi,44:1c:a8:b1:60:36,b57ed6e1-b480-4063-9d33-e29b2d89ef0d,203RN,02:00:00:00:00:00,"""DDW36527""",1590973863351
sensor_wifi,44:1c:a8:b1:60:36,b57ed6e1-b480-4063-9d33-e29b2d89ef0d,203RN,02:00:00:00:00:00,"""DDW36527""",1590973923346
sensor_wifi,00:00:00:00:00:00,b57ed6e1-b480-4063-9d33-e29b2d89ef0d,203RN,02:00:00:00:00:00,"""DDW36527""",1590973983580
sensor_wifi,44:1c:a8:b1:60:36,b57ed6e1-b480-4063-9d33-e29b2d89ef0d,203RN,02:00:00:00:00:00,"""DDW36527""",1590974043330
sensor_wifi,44:1c:a8:b1:60:36,b57ed6e1-b480-4063-9d33-e29b2d89ef0d,203RN,02:00:00:00:00:00,"""DDW36527""",1590974103327
sensor_wifi,44:1c:a8:b1:60:36,b57ed6e1-b480-4063-9d33-e29b2d89ef0d,203RN,02:00:00:00:00:00,"""DDW36527""",1590974163371
sensor_wifi,44:1c:a8:b1:60:36,b57ed6e1-b480-4063-9d33-e29b2d89ef0d,203RN,02:00:00:00:00:00,"""DDW36527""",1590974203132
sensor_wifi,44:1c:a8:b1:60:36,b57ed6e1-b480-4063-9d33-e29b2d89ef0d,203RN,02:00:00:00:00:00,"""DDW36527""",1590974220457
sensor_wifi,44:1c:a8:b1:60:36,b57ed6e1-b480-4063-9d33-e29b2d89ef0d,203RN,02:00:00:00:00:00,"""DDW36527""",1590974224263
sensor_wifi,44:1c:a8:b1:60:36,b57ed6e1-b480-4063-9d33-e29b2d89ef0d,203RN,02:00:00:00:00:00,"""DDW36527""",1590974283322
sensor_wifi,44:1c:a8:b1:60:36,b57ed6e1-b480-4063-9d33-e29b2d89ef0d,203RN,02:00:00:00:00:00,"""DDW36527""",1590974343358
sensor_wifi,44:1c:a8:b1:60:36,b57ed6e1-b480-4063-9d33-e29b2d89ef0d,203RN,02:00:00:00:00:00,"""DDW36527""",1590974403382
sensor_wifi,44:1c:a8:b1:60:36,b57ed6e1-b480-4063-9d33-e29b2d89ef0d,203RN,02:00:00:00:00:00,"""DDW36527""",1590974463309
sensor_wifi,44:1c:a8:b1:60:36,b57ed6e1-b480-4063-9d33-e29b2d89ef0d,203RN,02:00:00:00:00:00,"""DDW36527""",1590974523338
sensor_wifi,44:1c:a8:b1:60:36,b57ed6e1-b480-4063-9d33-e29b2d89ef0d,203RN,02:00:00:00:00:00,"""DDW36527""",1590974583340
sensor_wifi,44:1c:a8:b1:60:36,b57ed6e1-b480-4063-9d33-e29b2d89ef0d,203RN,02:00:00:00:00:00,"""DDW36527""",1590974643361
sensor_wifi,44:1c:a8:b1:60:36,b57ed6e1-b480-4063-9d33-e29b2d89ef0d,203RN,02:00:00:00:00:00,"""DDW36527""",1590974703367
sensor_wifi,44:1c:a8:b1:60:36,b57ed6e1-b480-4063-9d33-e29b2d89ef0d,203RN,02:00:00:00:00:00,"""DDW36527""",1590974763336
sensor_wifi,44:1c:a8:b1:60:36,b57ed6e1-b480-4063-9d33-e29b2d89ef0d,203RN,02:00:00:00:00:00,"""DDW36527""",1590974795611
sensor_wifi,44:1c:a8:b1:60:36,b57ed6e1-b480-4063-9d33-e29b2d89ef0d,203RN,02:00:00:00:00:00,"""DDW36527""",1590974823545
sensor_wifi,44:1c:a8:b1:60:36,b57ed6e1-b480-4063-9d33-e29b2d89ef0d,203RN,02:00:00:00:00:00,"""DDW36527""",1590974883822
sensor_wifi,44:1c:a8:b1:60:36,b57ed6e1-b480-4063-9d33-e29b2d89ef0d,203RN,02:00:00:00:00:00,"""DDW36527""",1590974943135
sensor_wifi,44:1c:a8:b1:60:36,b57ed6e1-b480-4063-9d33-e29b2d89ef0d,203RN,02:00:00:00:00:00,"""DDW36527""",1590974978426
sensor_wifi,44:1c:a8:b1:60:36,b57ed6e1-b480-4063-9d33-e29b2d89ef0d,203RN,02:00:00:00:00:00,"""DDW36527""",1590975003467
sensor_wifi,44:1c:a8:b1:60:36,b57ed6e1-b480-4063-9d33-e29b2d89ef0d,203RN,02:00:00:00:00:00,"""DDW36527""",1590975065722
sensor_wifi,44:1c:a8:b1:60:36,b57ed6e1-b480-4063-9d33-e29b2d89ef0d,203RN,02:00:00:00:00:00,"""DDW36527""",1590975087713
sensor_wifi,44:1c:a8:b1:60:36,b57ed6e1-b480-4063-9d33-e29b2d89ef0d,203RN,02:00:00:00:00:00,"""DDW36527""",1590975123157
sensor_wifi,44:1c:a8:b1:60:36,b57ed6e1-b480-4063-9d33-e29b2d89ef0d,203RN,02:00:00:00:00:00,"""DDW36527""",1590975183187
sensor_wifi,44:1c:a8:b1:60:36,b57ed6e1-b480-4063-9d33-e29b2d89ef0d,203RN,02:00:00:00:00:00,"""DDW36527""",1590975259402
sensor_wifi,44:1c:a8:b1:60:36,b57ed6e1-b480-4063-9d33-e29b2d89ef0d,203RN,02:00:00:00:00:00,"""DDW36527""",1590975303237
sensor_wifi,44:1c:a8:b1:60:36,b57ed6e1-b480-4063-9d33-e29b2d89ef0d,203RN,02:00:00:00:00:00,"""DDW36527""",1590975363203
sensor_wifi,44:1c:a8:b1:60:36,b57ed6e1-b480-4063-9d33-e29b2d89ef0d,203RN,02:00:00:00:00:00,"""DDW36527""",1590975452571
sensor_wifi,44:1c:a8:b1:60:36,b57ed6e1-b480-4063-9d33-e29b2d89ef0d,203RN,02:00:00:00:00:00,"""DDW36527""",1590975483163
sensor_wifi,44:1c:a8:b1:60:36,b57ed6e1-b480-4063-9d33-e29b2d89ef0d,203RN,02:00:00:00:00:00,"""DDW36527""",1590975543159
sensor_wifi,44:1c:a8:b1:60:36,b57ed6e1-b480-4063-9d33-e29b2d89ef0d,203RN,02:00:00:00:00:00,"""DDW36527""",1590975605769
sensor_wifi,44:1c:a8:b1:60:36,b57ed6e1-b480-4063-9d33-e29b2d89ef0d,203RN,02:00:00:00:00:00,"""DDW36527""",1590975663147
sensor_wifi,44:1c:a8:b1:60:36,b57ed6e1-b480-4063-9d33-e29b2d89ef0d,203RN,02:00:00:00:00:00,"""DDW36527""",1590975723171
sensor_wifi,44:1c:a8:b1:60:36,b57ed6e1-b480-4063-9d33-e29b2d89ef0d,203RN,02:00:00:00:00:00,"""DDW36527""",1590975783159
sensor_wifi,44:1c:a8:b1:60:36,b57ed6e1-b480-4063-9d33-e29b2d89ef0d,203RN,02:00:00:00:00:00,"""DDW36527""",1590975843190
sensor_wifi,44:1c:a8:b1:60:36,b57ed6e1-b480-4063-9d33-e29b2d89ef0d,203RN,02:00:00:00:00:00,"""DDW36527""",1590975903146
sensor_wifi,44:1c:a8:b1:60:36,b57ed6e1-b480-4063-9d33-e29b2d89ef0d,203RN,02:00:00:00:00:00,"""DDW36527""",1590975963159
sensor_wifi,44:1c:a8:b1:60:36,b57ed6e1-b480-4063-9d33-e29b2d89ef0d,203RN,02:00:00:00:00:00,"""DDW36527""",1590976023155
sensor_wifi,44:1c:a8:b1:60:36,b57ed6e1-b480-4063-9d33-e29b2d89ef0d,203RN,02:00:00:00:00:00,"""DDW36527""",1590976083186
sensor_wifi,44:1c:a8:b1:60:36,b57ed6e1-b480-4063-9d33-e29b2d89ef0d,203RN,02:00:00:00:00:00,"""DDW36527""",1590976086969
sensor_wifi,44:1c:a8:b1:60:36,b57ed6e1-b480-4063-9d33-e29b2d89ef0d,203RN,02:00:00:00:00:00,"""DDW36527""",1590976143160
sensor_wifi,44:1c:a8:b1:60:36,b57ed6e1-b480-4063-9d33-e29b2d89ef0d,203RN,02:00:00:00:00:00,"""DDW36527""",1590976203157
sensor_wifi,44:1c:a8:b1:60:36,b57ed6e1-b480-4063-9d33-e29b2d89ef0d,203RN,02:00:00:00:00:00,"""DDW36527""",1590976263340
sensor_wifi,44:1c:a8:b1:60:36,b57ed6e1-b480-4063-9d33-e29b2d89ef0d,203RN,02:00:00:00:00:00,"""DDW36527""",1590976323179
sensor_wifi,44:1c:a8:b1:60:36,b57ed6e1-b480-4063-9d33-e29b2d89ef0d,203RN,02:00:00:00:00:00,"""DDW36527""",1590976383165
sensor_wifi,44:1c:a8:b1:60:36,b57ed6e1-b480-4063-9d33-e29b2d89ef0d,203RN,02:00:00:00:00:00,"""DDW36527""",1590976424695
sensor_wifi,44:1c:a8:b1:60:36,b57ed6e1-b480-4063-9d33-e29b2d89ef0d,203RN,02:00:00:00:00:00,"""DDW36527""",1590976452881
sensor_wifi,44:1c:a8:b1:60:36,b57ed6e1-b480-4063-9d33-e29b2d89ef0d,203RN,02:00:00:00:00:00,"""DDW36527""",1590976503211
sensor_wifi,44:1c:a8:b1:60:36,b57ed6e1-b480-4063-9d33-e29b2d89ef0d,203RN,02:00:00:00:00:00,"""DDW36527""",1590976565509
sensor_wifi,44:1c:a8:b1:60:36,b57ed6e1-b480-4063-9d33-e29b2d89ef0d,203RN,02:00:00:00:00:00,"""DDW36527""",1590976623154
sensor_wifi,44:1c:a8:b1:60:36,b57ed6e1-b480-4063-9d33-e29b2d89ef0d,203RN,02:00:00:00:00:00,"""DDW36527""",1590976685540
sensor_wifi,44:1c:a8:b1:60:36,b57ed6e1-b480-4063-9d33-e29b2d89ef0d,203RN,02:00:00:00:00:00,"""DDW36527""",1590976743367
sensor_wifi,44:1c:a8:b1:60:36,b57ed6e1-b480-4063-9d33-e29b2d89ef0d,203RN,02:00:00:00:00:00,"""DDW36527""",1590976803361
sensor_wifi,44:1c:a8:b1:60:36,b57ed6e1-b480-4063-9d33-e29b2d89ef0d,203RN,02:00:00:00:00:00,"""DDW36527""",1590976863405
sensor_wifi,44:1c:a8:b1:60:36,b57ed6e1-b480-4063-9d33-e29b2d89ef0d,203RN,02:00:00:00:00:00,"""DDW36527""",1590976925954
sensor_wifi,44:1c:a8:b1:60:36,b57ed6e1-b480-4063-9d33-e29b2d89ef0d,203RN,02:00:00:00:00:00,"""DDW36527""",1590976983593
sensor_wifi,44:1c:a8:b1:60:36,b57ed6e1-b480-4063-9d33-e29b2d89ef0d,203RN,02:00:00:00:00:00,"""DDW36527""",1590977030709
sensor_wifi,44:1c:a8:b1:60:36,b57ed6e1-b480-4063-9d33-e29b2d89ef0d,203RN,02:00:00:00:00:00,"""DDW36527""",1590977043968
sensor_wifi,44:1c:a8:b1:60:36,b57ed6e1-b480-4063-9d33-e29b2d89ef0d,203RN,02:00:00:00:00:00,"""DDW36527""",1590977103365
sensor_wifi,44:1c:a8:b1:60:36,b57ed6e1-b480-4063-9d33-e29b2d89ef0d,203RN,02:00:00:00:00:00,"""DDW36527""",1590977163409
sensor_wifi,44:1c:a8:b1:60:36,b57ed6e1-b480-4063-9d33-e29b2d89ef0d,203RN,02:00:00:00:00:00,"""DDW36527""",1590977225234
sensor_wifi,44:1c:a8:b1:60:36,b57ed6e1-b480-4063-9d33-e29b2d89ef0d,203RN,02:00:00:00:00:00,"""DDW36527""",1590977283380
sensor_wifi,44:1c:a8:b1:60:36,b57ed6e1-b480-4063-9d33-e29b2d89ef0d,203RN,02:00:00:00:00:00,"""DDW36527""",1590977343347
sensor_wifi,44:1c:a8:b1:60:36,b57ed6e1-b480-4063-9d33-e29b2d89ef0d,203RN,02:00:00:00:00:00,"""DDW36527""",1590977403401
sensor_wifi,44:1c:a8:b1:60:36,b57ed6e1-b480-4063-9d33-e29b2d89ef0d,203RN,02:00:00:00:00:00,"""DDW36527""",1590977463377
sensor_wifi,44:1c:a8:b1:60:36,b57ed6e1-b480-4063-9d33-e29b2d89ef0d,203RN,02:00:00:00:00:00,"""DDW36527""",1590977501494
sensor_wifi,44:1c:a8:b1:60:36,b57ed6e1-b480-4063-9d33-e29b2d89ef0d,203RN,02:00:00:00:00:00,"""DDW36527""",1590977523378
sensor_wifi,44:1c:a8:b1:60:36,b57ed6e1-b480-4063-9d33-e29b2d89ef0d,203RN,02:00:00:00:00:00,"""DDW36527""",1590977583373
sensor_wifi,44:1c:a8:b1:60:36,b57ed6e1-b480-4063-9d33-e29b2d89ef0d,203RN,02:00:00:00:00:00,"""DDW36527""",1590977589528
sensor_wifi,44:1c:a8:b1:60:36,b57ed6e1-b480-4063-9d33-e29b2d89ef0d,203RN,02:00:00:00:00:00,"""DDW36527""",1590977643431
sensor_wifi,44:1c:a8:b1:60:36,b57ed6e1-b480-4063-9d33-e29b2d89ef0d,203RN,02:00:00:00:00:00,"""DDW36527""",1590977703378
sensor_wifi,44:1c:a8:b1:60:36,b57ed6e1-b480-4063-9d33-e29b2d89ef0d,203RN,02:00:00:00:00:00,"""DDW36527""",1590977785931
sensor_wifi,44:1c:a8:b1:60:36,b57ed6e1-b480-4063-9d33-e29b2d89ef0d,203RN,02:00:00:00:00:00,"""DDW36527""",1590977792109
sensor_wifi,44:1c:a8:b1:60:36,b57ed6e1-b480-4063-9d33-e29b2d89ef0d,203RN,02:00:00:00:00:00,"""DDW36527""",1590977823361
sensor_wifi,44:1c:a8:b1:60:36,b57ed6e1-b480-4063-9d33-e29b2d89ef0d,203RN,02:00:00:00:00:00,"""DDW36527""",1590977883394
sensor_wifi,44:1c:a8:b1:60:36,b57ed6e1-b480-4063-9d33-e29b2d89ef0d,203RN,02:00:00:00:00:00,"""DDW36527""",1590977943400
sensor_wifi,44:1c:a8:b1:60:36,b57ed6e1-b480-4063-9d33-e29b2d89ef0d,203RN,02:00:00:00:00:00,"""DDW36527""",1590978003391
sensor_wifi,44:1c:a8:b1:60:36,b57ed6e1-b480-4063-9d33-e29b2d89ef0d,203RN,02:00:00:00:00:00,"""DDW36527""",1590978063369
sensor_wifi,44:1c:a8:b1:60:36,b57ed6e1-b480-4063-9d33-e29b2d89ef0d,203RN,02:00:00:00:00:00,"""DDW36527""",1590978065894
sensor_wifi,44:1c:a8:b1:60:36,b57ed6e1-b480-4063-9d33-e29b2d89ef0d,203RN,02:00:00:00:00:00,"""DDW36527""",1590978123430
sensor_wifi,44:1c:a8:b1:60:36,b57ed6e1-b480-4063-9d33-e29b2d89ef0d,203RN,02:00:00:00:00:00,"""DDW36527""",1590978183357
sensor_wifi,44:1c:a8:b1:60:36,b57ed6e1-b480-4063-9d33-e29b2d89ef0d,203RN,02:00:00:00:00:00,"""DDW36527""",1590978205462
sensor_wifi,44:1c:a8:b1:60:36,b57ed6e1-b480-4063-9d33-e29b2d89ef0d,203RN,02:00:00:00:00:00,"""DDW36527""",1590978243424
sensor_wifi,44:1c:a8:b1:60:36,b57ed6e1-b480-4063-9d33-e29b2d89ef0d,203RN,02:00:00:00:00:00,"""DDW36527""",1590978303383
sensor_wifi,44:1c:a8:b1:60:36,b57ed6e1-b480-4063-9d33-e29b2d89ef0d,203RN,02:00:00:00:00:00,"""DDW36527""",1590978363375
sensor_wifi,44:1c:a8:b1:60:36,b57ed6e1-b480-4063-9d33-e29b2d89ef0d,203RN,02:00:00:00:00:00,"""DDW36527""",1590978423355
sensor_wifi,44:1c:a8:b1:60:36,b57ed6e1-b480-4063-9d33-e29b2d89ef0d,203RN,02:00:00:00:00:00,"""DDW36527""",1590978483807
sensor_wifi,44:1c:a8:b1:60:36,b57ed6e1-b480-4063-9d33-e29b2d89ef0d,203RN,02:00:00:00:00:00,"""DDW36527""",1590978543815
sensor_wifi,44:1c:a8:b1:60:36,b57ed6e1-b480-4063-9d33-e29b2d89ef0d,203RN,02:00:00:00:00:00,"""DDW36527""",1590978603816
sensor_wifi,44:1c:a8:b1:60:36,b57ed6e1-b480-4063-9d33-e29b2d89ef0d,203RN,02:00:00:00:00:00,"""DDW36527""",1590978663798
sensor_wifi,44:1c:a8:b1:60:36,b57ed6e1-b480-4063-9d33-e29b2d89ef0d,203RN,02:00:00:00:00:00,"""DDW36527""",1590978723799
sensor_wifi,44:1c:a8:b1:60:36,b57ed6e1-b480-4063-9d33-e29b2d89ef0d,203RN,02:00:00:00:00:00,"""DDW36527""",1590978783814
sensor_wifi,44:1c:a8:b1:60:36,b57ed6e1-b480-4063-9d33-e29b2d89ef0d,203RN,02:00:00:00:00:00,"""DDW36527""",1590978843817
sensor_wifi,44:1c:a8:b1:60:36,b57ed6e1-b480-4063-9d33-e29b2d89ef0d,203RN,02:00:00:00:00:00,"""DDW36527""",1590978904610
sensor_wifi,44:1c:a8:b1:60:36,b57ed6e1-b480-4063-9d33-e29b2d89ef0d,203RN,02:00:00:00:00:00,"""DDW36527""",1590978963810
sensor_wifi,44:1c:a8:b1:60:36,b57ed6e1-b480-4063-9d33-e29b2d89ef0d,203RN,02:00:00:00:00:00,"""DDW36527""",1590979023812
sensor_wifi,44:1c:a8:b1:60:36,b57ed6e1-b480-4063-9d33-e29b2d89ef0d,203RN,02:00:00:00:00:00,"""DDW36527""",1590979083817
sensor_wifi,44:1c:a8:b1:60:36,b57ed6e1-b480-4063-9d33-e29b2d89ef0d,203RN,02:00:00:00:00:00,"""DDW36527""",1590979143856
sensor_wifi,44:1c:a8:b1:60:36,b57ed6e1-b480-4063-9d33-e29b2d89ef0d,203RN,02:00:00:00:00:00,"""DDW36527""",1590979173177
sensor_wifi,44:1c:a8:b1:60:36,b57ed6e1-b480-4063-9d33-e29b2d89ef0d,203RN,02:00:00:00:00:00,"""DDW36527""",1590979203862
sensor_wifi,44:1c:a8:b1:60:36,b57ed6e1-b480-4063-9d33-e29b2d89ef0d,203RN,02:00:00:00:00:00,"""DDW36527""",1590979266546
sensor_wifi,44:1c:a8:b1:60:36,b57ed6e1-b480-4063-9d33-e29b2d89ef0d,203RN,02:00:00:00:00:00,"""DDW36527""",1590979323813
sensor_wifi,44:1c:a8:b1:60:36,b57ed6e1-b480-4063-9d33-e29b2d89ef0d,203RN,02:00:00:00:00:00,"""DDW36527""",1590979383829
sensor_wifi,44:1c:a8:b1:60:36,b57ed6e1-b480-4063-9d33-e29b2d89ef0d,203RN,02:00:00:00:00:00,"""DDW36527""",1590979447447
sensor_wifi,44:1c:a8:b1:60:36,b57ed6e1-b480-4063-9d33-e29b2d89ef0d,203RN,02:00:00:00:00:00,"""DDW36527""",1590979503797
sensor_wifi,44:1c:a8:b1:60:36,b57ed6e1-b480-4063-9d33-e29b2d89ef0d,203RN,02:00:00:00:00:00,"""DDW36527""",1590979563798
sensor_wifi,44:1c:a8:b1:60:36,b57ed6e1-b480-4063-9d33-e29b2d89ef0d,203RN,02:00:00:00:00:00,"""DDW36527""",1590979628379
sensor_wifi,44:1c:a8:b1:60:36,b57ed6e1-b480-4063-9d33-e29b2d89ef0d,203RN,02:00:00:00:00:00,"""DDW36527""",1590979683783
sensor_wifi,44:1c:a8:b1:60:36,b57ed6e1-b480-4063-9d33-e29b2d89ef0d,203RN,02:00:00:00:00:00,"""DDW36527""",1590979743810
sensor_wifi,44:1c:a8:b1:60:36,b57ed6e1-b480-4063-9d33-e29b2d89ef0d,203RN,02:00:00:00:00:00,"""DDW36527""",1590979809339
sensor_wifi,44:1c:a8:b1:60:36,b57ed6e1-b480-4063-9d33-e29b2d89ef0d,203RN,02:00:00:00:00:00,"""DDW36527""",1590979863843
sensor_wifi,44:1c:a8:b1:60:36,b57ed6e1-b480-4063-9d33-e29b2d89ef0d,203RN,02:00:00:00:00:00,"""DDW36527""",1590979876501
sensor_wifi,44:1c:a8:b1:60:36,b57ed6e1-b480-4063-9d33-e29b2d89ef0d,203RN,02:00:00:00:00:00,"""DDW36527""",1590979924541
sensor_wifi,44:1c:a8:b1:60:36,b57ed6e1-b480-4063-9d33-e29b2d89ef0d,203RN,02:00:00:00:00:00,"""DDW36527""",1590979987222
sensor_wifi,44:1c:a8:b1:60:36,b57ed6e1-b480-4063-9d33-e29b2d89ef0d,203RN,02:00:00:00:00:00,"""DDW36527""",1590980043820
sensor_wifi,44:1c:a8:b1:60:36,b57ed6e1-b480-4063-9d33-e29b2d89ef0d,203RN,02:00:00:00:00:00,"""DDW36527""",1590980103955
sensor_wifi,44:1c:a8:b1:60:36,b57ed6e1-b480-4063-9d33-e29b2d89ef0d,203RN,02:00:00:00:00:00,"""DDW36527""",1590980163883
sensor_wifi,44:1c:a8:b1:60:36,b57ed6e1-b480-4063-9d33-e29b2d89ef0d,203RN,02:00:00:00:00:00,"""DDW36527""",1590980223886
sensor_wifi,44:1c:a8:b1:60:36,b57ed6e1-b480-4063-9d33-e29b2d89ef0d,203RN,02:00:00:00:00:00,"""DDW36527""",1590980283809
sensor_wifi,44:1c:a8:b1:60:36,b57ed6e1-b480-4063-9d33-e29b2d89ef0d,203RN,02:00:00:00:00:00,"""DDW36527""",1590980284930
sensor_wifi,44:1c:a8:b1:60:36,b57ed6e1-b480-4063-9d33-e29b2d89ef0d,203RN,02:00:00:00:00:00,"""DDW36527""",1590980344836
sensor_wifi,44:1c:a8:b1:60:36,b57ed6e1-b480-4063-9d33-e29b2d89ef0d,203RN,02:00:00:00:00:00,"""DDW36527""",1590980404823
sensor_wifi,44:1c:a8:b1:60:36,b57ed6e1-b480-4063-9d33-e29b2d89ef0d,203RN,02:00:00:00:00:00,"""DDW36527""",1590980464841
sensor_wifi,44:1c:a8:b1:60:36,b57ed6e1-b480-4063-9d33-e29b2d89ef0d,203RN,02:00:00:00:00:00,"""DDW36527""",1590980504485
sensor_wifi,44:1c:a8:b1:60:36,b57ed6e1-b480-4063-9d33-e29b2d89ef0d,203RN,02:00:00:00:00:00,"""DDW36527""",1590980526872
sensor_wifi,44:1c:a8:b1:60:36,b57ed6e1-b480-4063-9d33-e29b2d89ef0d,203RN,02:00:00:00:00:00,"""DDW36527""",1590980584950
sensor_wifi,44:1c:a8:b1:60:36,b57ed6e1-b480-4063-9d33-e29b2d89ef0d,203RN,02:00:00:00:00:00,"""DDW36527""",1590980644854
sensor_wifi,44:1c:a8:b1:60:36,b57ed6e1-b480-4063-9d33-e29b2d89ef0d,203RN,02:00:00:00:00:00,"""DDW36527""",1590980706488
sensor_wifi,44:1c:a8:b1:60:36,b57ed6e1-b480-4063-9d33-e29b2d89ef0d,203RN,02:00:00:00:00:00,"""DDW36527""",1590980764430
sensor_wifi,44:1c:a8:b1:60:36,b57ed6e1-b480-4063-9d33-e29b2d89ef0d,203RN,02:00:00:00:00:00,"""DDW36527""",1590980827161
sensor_wifi,44:1c:a8:b1:60:36,b57ed6e1-b480-4063-9d33-e29b2d89ef0d,203RN,02:00:00:00:00:00,"""DDW36527""",1590980829805
sensor_wifi,44:1c:a8:b1:60:36,b57ed6e1-b480-4063-9d33-e29b2d89ef0d,203RN,02:00:00:00:00:00,"""DDW36527""",1590980886206
sensor_wifi,44:1c:a8:b1:60:36,b57ed6e1-b480-4063-9d33-e29b2d89ef0d,203RN,02:00:00:00:00:00,"""DDW36527""",1590980991090
sensor_wifi,44:1c:a8:b1:60:36,b57ed6e1-b480-4063-9d33-e29b2d89ef0d,203RN,02:00:00:00:00:00,"""DDW36527""",1590981014810
sensor_wifi,44:1c:a8:b1:60:36,b57ed6e1-b480-4063-9d33-e29b2d89ef0d,203RN,02:00:00:00:00:00,"""DDW36527""",1590981137257
sensor_wifi,44:1c:a8:b1:60:36,b57ed6e1-b480-4063-9d33-e29b2d89ef0d,203RN,02:00:00:00:00:00,"""DDW36527""",1590981138434
sensor_wifi,44:1c:a8:b1:60:36,b57ed6e1-b480-4063-9d33-e29b2d89ef0d,203RN,02:00:00:00:00:00,"""DDW36527""",1590981184839
sensor_wifi,44:1c:a8:b1:60:36,b57ed6e1-b480-4063-9d33-e29b2d89ef0d,203RN,02:00:00:00:00:00,"""DDW36527""",1590981207774
sensor_wifi,44:1c:a8:b1:60:36,b57ed6e1-b480-4063-9d33-e29b2d89ef0d,203RN,02:00:00:00:00:00,"""DDW36527""",1590981244857
sensor_wifi,44:1c:a8:b1:60:36,b57ed6e1-b480-4063-9d33-e29b2d89ef0d,203RN,02:00:00:00:00:00,"""DDW36527""",1590981304822
sensor_wifi,44:1c:a8:b1:60:36,b57ed6e1-b480-4063-9d33-e29b2d89ef0d,203RN,02:00:00:00:00:00,"""DDW36527""",1590981364828
sensor_wifi,44:1c:a8:b1:60:36,b57ed6e1-b480-4063-9d33-e29b2d89ef0d,203RN,02:00:00:00:00:00,"""DDW36527""",1590981421825
sensor_wifi,44:1c:a8:b1:60:36,b57ed6e1-b480-4063-9d33-e29b2d89ef0d,203RN,02:00:00:00:00:00,"""DDW36527""",1590981424816
sensor_wifi,44:1c:a8:b1:60:36,b57ed6e1-b480-4063-9d33-e29b2d89ef0d,203RN,02:00:00:00:00:00,"""DDW36527""",1590981485141
sensor_wifi,44:1c:a8:b1:60:36,b57ed6e1-b480-4063-9d33-e29b2d89ef0d,203RN,02:00:00:00:00:00,"""DDW36527""",1590981544811
sensor_wifi,44:1c:a8:b1:60:36,b57ed6e1-b480-4063-9d33-e29b2d89ef0d,203RN,02:00:00:00:00:00,"""DDW36527""",1590981604783
sensor_wifi,44:1c:a8:b1:60:36,b57ed6e1-b480-4063-9d33-e29b2d89ef0d,203RN,02:00:00:00:00:00,"""DDW36527""",1590981664834
sensor_wifi,44:1c:a8:b1:60:36,b57ed6e1-b480-4063-9d33-e29b2d89ef0d,203RN,02:00:00:00:00:00,"""DDW36527""",1590981724788
sensor_wifi,44:1c:a8:b1:60:36,b57ed6e1-b480-4063-9d33-e29b2d89ef0d,203RN,02:00:00:00:00:00,"""DDW36527""",1590981784840
sensor_wifi,44:1c:a8:b1:60:36,b57ed6e1-b480-4063-9d33-e29b2d89ef0d,203RN,02:00:00:00:00:00,"""DDW36527""",1590981845697
sensor_wifi,44:1c:a8:b1:60:36,b57ed6e1-b480-4063-9d33-e29b2d89ef0d,203RN,02:00:00:00:00:00,"""DDW36527""",1590981904823
sensor_wifi,44:1c:a8:b1:60:36,b57ed6e1-b480-4063-9d33-e29b2d89ef0d,203RN,02:00:00:00:00:00,"""DDW36527""",1590981964876
sensor_wifi,44:1c:a8:b1:60:36,b57ed6e1-b480-4063-9d33-e29b2d89ef0d,203RN,02:00:00:00:00:00,"""DDW36527""",1590982025923
sensor_wifi,44:1c:a8:b1:60:36,b57ed6e1-b480-4063-9d33-e29b2d89ef0d,203RN,02:00:00:00:00:00,"""DDW36527""",1590982040222
sensor_wifi,44:1c:a8:b1:60:36,b57ed6e1-b480-4063-9d33-e29b2d89ef0d,203RN,02:00:00:00:00:00,"""DDW36527""",1590982086226
sensor_wifi,44:1c:a8:b1:60:36,b57ed6e1-b480-4063-9d33-e29b2d89ef0d,203RN,02:00:00:00:00:00,"""DDW36527""",1590982143829
sensor_wifi,44:1c:a8:b1:60:36,b57ed6e1-b480-4063-9d33-e29b2d89ef0d,203RN,02:00:00:00:00:00,"""DDW36527""",1590982203800
sensor_wifi,44:1c:a8:b1:60:36,b57ed6e1-b480-4063-9d33-e29b2d89ef0d,203RN,02:00:00:00:00:00,"""DDW36527""",1590982248648
sensor_wifi,44:1c:a8:b1:60:36,b57ed6e1-b480-4063-9d33-e29b2d89ef0d,203RN,02:00:00:00:00:00,"""DDW36527""",1590982264176
sensor_wifi,44:1c:a8:b1:60:36,b57ed6e1-b480-4063-9d33-e29b2d89ef0d,203RN,02:00:00:00:00:00,"""DDW36527""",1590982323867
sensor_wifi,44:1c:a8:b1:60:36,b57ed6e1-b480-4063-9d33-e29b2d89ef0d,203RN,02:00:00:00:00:00,"""DDW36527""",1590982383818
sensor_wifi,44:1c:a8:b1:60:36,b57ed6e1-b480-4063-9d33-e29b2d89ef0d,203RN,02:00:00:00:00:00,"""DDW36527""",1590982447582
sensor_wifi,44:1c:a8:b1:60:36,b57ed6e1-b480-4063-9d33-e29b2d89ef0d,203RN,02:00:00:00:00:00,"""DDW36527""",1590982503811
sensor_wifi,44:1c:a8:b1:60:36,b57ed6e1-b480-4063-9d33-e29b2d89ef0d,203RN,02:00:00:00:00:00,"""DDW36527""",1590982514088
sensor_wifi,44:1c:a8:b1:60:36,b57ed6e1-b480-4063-9d33-e29b2d89ef0d,203RN,02:00:00:00:00:00,"""DDW36527""",1590982563857
sensor_wifi,44:1c:a8:b1:60:36,b57ed6e1-b480-4063-9d33-e29b2d89ef0d,203RN,02:00:00:00:00:00,"""DDW36527""",1590982624350
sensor_wifi,44:1c:a8:b1:60:36,b57ed6e1-b480-4063-9d33-e29b2d89ef0d,203RN,02:00:00:00:00:00,"""DDW36527""",1590982683933
sensor_wifi,44:1c:a8:b1:60:36,b57ed6e1-b480-4063-9d33-e29b2d89ef0d,203RN,02:00:00:00:00:00,"""DDW36527""",1590982708136
sensor_wifi,44:1c:a8:b1:60:36,b57ed6e1-b480-4063-9d33-e29b2d89ef0d,203RN,02:00:00:00:00:00,"""DDW36527""",1590982743828
sensor_wifi,44:1c:a8:b1:60:36,b57ed6e1-b480-4063-9d33-e29b2d89ef0d,203RN,02:00:00:00:00:00,"""DDW36527""",1590982804650
sensor_wifi,44:1c:a8:b1:60:36,b57ed6e1-b480-4063-9d33-e29b2d89ef0d,203RN,02:00:00:00:00:00,"""DDW36527""",1590982869164
sensor_wifi,44:1c:a8:b1:60:36,b57ed6e1-b480-4063-9d33-e29b2d89ef0d,203RN,02:00:00:00:00:00,"""DDW36527""",1590982890455
sensor_wifi,44:1c:a8:b1:60:36,b57ed6e1-b480-4063-9d33-e29b2d89ef0d,203RN,02:00:00:00:00:00,"""DDW36527""",1590982923826
sensor_wifi,44:1c:a8:b1:60:36,b57ed6e1-b480-4063-9d33-e29b2d89ef0d,203RN,02:00:00:00:00:00,"""DDW36527""",1590982989480
sensor_wifi,44:1c:a8:b1:60:36,b57ed6e1-b480-4063-9d33-e29b2d89ef0d,203RN,02:00:00:00:00:00,"""DDW36527""",1590983043841
sensor_wifi,44:1c:a8:b1:60:36,b57ed6e1-b480-4063-9d33-e29b2d89ef0d,203RN,02:00:00:00:00:00,"""DDW36527""",1590983103833
sensor_wifi,44:1c:a8:b1:60:36,b57ed6e1-b480-4063-9d33-e29b2d89ef0d,203RN,02:00:00:00:00:00,"""DDW36527""",1590983163836
sensor_wifi,44:1c:a8:b1:60:36,b57ed6e1-b480-4063-9d33-e29b2d89ef0d,203RN,02:00:00:00:00:00,"""DDW36527""",1590983223782
sensor_wifi,44:1c:a8:b1:60:36,b57ed6e1-b480-4063-9d33-e29b2d89ef0d,203RN,02:00:00:00:00:00,"""DDW36527""",1590983283778
sensor_wifi,44:1c:a8:b1:60:36,b57ed6e1-b480-4063-9d33-e29b2d89ef0d,203RN,02:00:00:00:00:00,"""DDW36527""",1590983349914
sensor_wifi,44:1c:a8:b1:60:36,b57ed6e1-b480-4063-9d33-e29b2d89ef0d,203RN,02:00:00:00:00:00,"""DDW36527""",1590983382833
sensor_wifi,44:1c:a8:b1:60:36,b57ed6e1-b480-4063-9d33-e29b2d89ef0d,203RN,02:00:00:00:00:00,"""DDW36527""",1590983403904
sensor_wifi,44:1c:a8:b1:60:36,b57ed6e1-b480-4063-9d33-e29b2d89ef0d,203RN,02:00:00:00:00:00,"""DDW36527""",1590983464174
sensor_wifi,44:1c:a8:b1:60:36,b57ed6e1-b480-4063-9d33-e29b2d89ef0d,203RN,02:00:00:00:00:00,"""DDW36527""",1590983497527
sensor_wifi,44:1c:a8:b1:60:36,b57ed6e1-b480-4063-9d33-e29b2d89ef0d,203RN,02:00:00:00:00:00,"""DDW36527""",1590983523851
sensor_wifi,44:1c:a8:b1:60:36,b57ed6e1-b480-4063-9d33-e29b2d89ef0d,203RN,02:00:00:00:00:00,"""DDW36527""",1590983587254
sensor_wifi,44:1c:a8:b1:60:36,b57ed6e1-b480-4063-9d33-e29b2d89ef0d,203RN,02:00:00:00:00:00,"""DDW36527""",1590983643861
sensor_wifi,44:1c:a8:b1:60:36,b57ed6e1-b480-4063-9d33-e29b2d89ef0d,203RN,02:00:00:00:00:00,"""DDW36527""",1590983703814
sensor_wifi,44:1c:a8:b1:60:36,b57ed6e1-b480-4063-9d33-e29b2d89ef0d,203RN,02:00:00:00:00:00,"""DDW36527""",1590983763808
sensor_wifi,44:1c:a8:b1:60:36,b57ed6e1-b480-4063-9d33-e29b2d89ef0d,203RN,02:00:00:00:00:00,"""DDW36527""",1590983831282
sensor_wifi,44:1c:a8:b1:60:36,b57ed6e1-b480-4063-9d33-e29b2d89ef0d,203RN,02:00:00:00:00:00,"""DDW36527""",1590983883650
sensor_wifi,44:1c:a8:b1:60:36,b57ed6e1-b480-4063-9d33-e29b2d89ef0d,203RN,02:00:00:00:00:00,"""DDW36527""",1590983943446
sensor_wifi,44:1c:a8:b1:60:36,b57ed6e1-b480-4063-9d33-e29b2d89ef0d,203RN,02:00:00:00:00:00,"""DDW36527""",1590984003735
sensor_wifi,44:1c:a8:b1:60:36,b57ed6e1-b480-4063-9d33-e29b2d89ef0d,203RN,02:00:00:00:00:00,"""DDW36527""",1590984063998
sensor_wifi,44:1c:a8:b1:60:36,b57ed6e1-b480-4063-9d33-e29b2d89ef0d,203RN,02:00:00:00:00:00,"""DDW36527""",1590984123770
sensor_wifi,44:1c:a8:b1:60:36,b57ed6e1-b480-4063-9d33-e29b2d89ef0d,203RN,02:00:00:00:00:00,"""DDW36527""",1590984183357
sensor_wifi,44:1c:a8:b1:60:36,b57ed6e1-b480-4063-9d33-e29b2d89ef0d,203RN,02:00:00:00:00:00,"""DDW36527""",1590984244044
sensor_wifi,44:1c:a8:b1:60:36,b57ed6e1-b480-4063-9d33-e29b2d89ef0d,203RN,02:00:00:00:00:00,"""DDW36527""",1590984303797
sensor_wifi,44:1c:a8:b1:60:36,b57ed6e1-b480-4063-9d33-e29b2d89ef0d,203RN,02:00:00:00:00:00,"""DDW36527""",1590984363757
sensor_wifi,44:1c:a8:b1:60:36,b57ed6e1-b480-4063-9d33-e29b2d89ef0d,203RN,02:00:00:00:00:00,"""DDW36527""",1590984417968
sensor_wifi,44:1c:a8:b1:60:36,b57ed6e1-b480-4063-9d33-e29b2d89ef0d,203RN,02:00:00:00:00:00,"""DDW36527""",1590984423676
sensor_wifi,44:1c:a8:b1:60:36,b57ed6e1-b480-4063-9d33-e29b2d89ef0d,203RN,02:00:00:00:00:00,"""DDW36527""",1590984486265
sensor_wifi,44:1c:a8:b1:60:36,b57ed6e1-b480-4063-9d33-e29b2d89ef0d,203RN,02:00:00:00:00:00,"""DDW36527""",1590984543582
sensor_wifi,44:1c:a8:b1:60:36,b57ed6e1-b480-4063-9d33-e29b2d89ef0d,203RN,02:00:00:00:00:00,"""DDW36527""",1590984560436
sensor_wifi,44:1c:a8:b1:60:36,b57ed6e1-b480-4063-9d33-e29b2d89ef0d,203RN,02:00:00:00:00:00,"""DDW36527""",1590984603764
sensor_wifi,44:1c:a8:b1:60:36,b57ed6e1-b480-4063-9d33-e29b2d89ef0d,203RN,02:00:00:00:00:00,"""DDW36527""",1590984663673
sensor_wifi,44:1c:a8:b1:60:36,b57ed6e1-b480-4063-9d33-e29b2d89ef0d,203RN,02:00:00:00:00:00,"""DDW36527""",1590984715736
sensor_wifi,44:1c:a8:b1:60:36,b57ed6e1-b480-4063-9d33-e29b2d89ef0d,203RN,02:00:00:00:00:00,"""DDW36527""",1590984723616
sensor_wifi,44:1c:a8:b1:60:36,b57ed6e1-b480-4063-9d33-e29b2d89ef0d,203RN,02:00:00:00:00:00,"""DDW36527""",1590984783640
sensor_wifi,44:1c:a8:b1:60:36,b57ed6e1-b480-4063-9d33-e29b2d89ef0d,203RN,02:00:00:00:00:00,"""DDW36527""",1590984849111
sensor_wifi,44:1c:a8:b1:60:36,b57ed6e1-b480-4063-9d33-e29b2d89ef0d,203RN,02:00:00:00:00:00,"""DDW36527""",1590984850126
sensor_wifi,44:1c:a8:b1:60:36,b57ed6e1-b480-4063-9d33-e29b2d89ef0d,203RN,02:00:00:00:00:00,"""DDW36527""",1590984903681
sensor_wifi,44:1c:a8:b1:60:36,b57ed6e1-b480-4063-9d33-e29b2d89ef0d,203RN,02:00:00:00:00:00,"""DDW36527""",1590984963911
sensor_wifi,44:1c:a8:b1:60:36,b57ed6e1-b480-4063-9d33-e29b2d89ef0d,203RN,02:00:00:00:00:00,"""DDW36527""",1590985023608
sensor_wifi,44:1c:a8:b1:60:36,b57ed6e1-b480-4063-9d33-e29b2d89ef0d,203RN,02:00:00:00:00:00,"""DDW36527""",1590985083636
sensor_wifi,44:1c:a8:b1:60:36,b57ed6e1-b480-4063-9d33-e29b2d89ef0d,203RN,02:00:00:00:00:00,"""DDW36527""",1590985137719
sensor_wifi,44:1c:a8:b1:60:36,b57ed6e1-b480-4063-9d33-e29b2d89ef0d,203RN,02:00:00:00:00:00,"""DDW36527""",1590985143609
sensor_wifi,44:1c:a8:b1:60:36,b57ed6e1-b480-4063-9d33-e29b2d89ef0d,203RN,02:00:00:00:00:00,"""DDW36527""",1590985149469
sensor_wifi,44:1c:a8:b1:60:36,b57ed6e1-b480-4063-9d33-e29b2d89ef0d,203RN,02:00:00:00:00:00,"""DDW36527""",1590985203605
sensor_wifi,44:1c:a8:b1:60:36,b57ed6e1-b480-4063-9d33-e29b2d89ef0d,203RN,02:00:00:00:00:00,"""DDW36527""",1590985208278
sensor_wifi,44:1c:a8:b1:60:36,b57ed6e1-b480-4063-9d33-e29b2d89ef0d,203RN,02:00:00:00:00:00,"""DDW36527""",1590985237949
sensor_wifi,44:1c:a8:b1:60:36,b57ed6e1-b480-4063-9d33-e29b2d89ef0d,203RN,02:00:00:00:00:00,"""DDW36527""",1590985266619
sensor_wifi,44:1c:a8:b1:60:36,b57ed6e1-b480-4063-9d33-e29b2d89ef0d,203RN,02:00:00:00:00:00,"""DDW36527""",1590985289396
sensor_wifi,44:1c:a8:b1:60:36,b57ed6e1-b480-4063-9d33-e29b2d89ef0d,203RN,02:00:00:00:00:00,"""DDW36527""",1590985325891
sensor_wifi,44:1c:a8:b1:60:36,b57ed6e1-b480-4063-9d33-e29b2d89ef0d,203RN,02:00:00:00:00:00,"""DDW36527""",1590985383591
sensor_wifi,44:1c:a8:b1:60:36,b57ed6e1-b480-4063-9d33-e29b2d89ef0d,203RN,02:00:00:00:00:00,"""DDW36527""",1590985443574
sensor_wifi,44:1c:a8:b1:60:36,b57ed6e1-b480-4063-9d33-e29b2d89ef0d,203RN,02:00:00:00:00:00,"""DDW36527""",1590985503599
sensor_wifi,44:1c:a8:b1:60:36,b57ed6e1-b480-4063-9d33-e29b2d89ef0d,203RN,02:00:00:00:00:00,"""DDW36527""",1590985535815
sensor_wifi,44:1c:a8:b1:60:36,b57ed6e1-b480-4063-9d33-e29b2d89ef0d,203RN,02:00:00:00:00:00,"""DDW36527""",1590985563590
sensor_wifi,44:1c:a8:b1:60:36,b57ed6e1-b480-4063-9d33-e29b2d89ef0d,203RN,02:00:00:00:00:00,"""DDW36527""",1590985569678
sensor_wifi,44:1c:a8:b1:60:36,b57ed6e1-b480-4063-9d33-e29b2d89ef0d,203RN,02:00:00:00:00:00,"""DDW36527""",1590985581352
sensor_wifi,44:1c:a8:b1:60:36,b57ed6e1-b480-4063-9d33-e29b2d89ef0d,203RN,02:00:00:00:00:00,"""DDW36527""",1590985635325
sensor_wifi,44:1c:a8:b1:60:36,b57ed6e1-b480-4063-9d33-e29b2d89ef0d,203RN,02:00:00:00:00:00,"""DDW36527""",1590985687382
sensor_wifi,44:1c:a8:b1:60:36,b57ed6e1-b480-4063-9d33-e29b2d89ef0d,203RN,02:00:00:00:00:00,"""DDW36527""",1590985778206
sensor_wifi,44:1c:a8:b1:60:36,b57ed6e1-b480-4063-9d33-e29b2d89ef0d,203RN,02:00:00:00:00:00,"""DDW36527""",1590986041153
sensor_wifi,44:1c:a8:b1:60:36,b57ed6e1-b480-4063-9d33-e29b2d89ef0d,203RN,02:00:00:00:00:00,"""DDW36527""",1590986048223
sensor_wifi,44:1c:a8:b1:60:36,b57ed6e1-b480-4063-9d33-e29b2d89ef0d,203RN,02:00:00:00:00:00,"""DDW36527""",1590986107005
sensor_wifi,44:1c:a8:b1:60:36,b57ed6e1-b480-4063-9d33-e29b2d89ef0d,203RN,02:00:00:00:00:00,"""DDW36527""",1590986163473
sensor_wifi,44:1c:a8:b1:60:36,b57ed6e1-b480-4063-9d33-e29b2d89ef0d,203RN,02:00:00:00:00:00,"""DDW36527""",1590986404740
sensor_wifi,44:1c:a8:b1:60:36,b57ed6e1-b480-4063-9d33-e29b2d89ef0d,203RN,02:00:00:00:00:00,"""DDW36527""",1590986598480
sensor_wifi,44:1c:a8:b1:60:36,b57ed6e1-b480-4063-9d33-e29b2d89ef0d,203RN,02:00:00:00:00:00,"""DDW36527""",1590986702109
sensor_wifi,44:1c:a8:b1:60:36,b57ed6e1-b480-4063-9d33-e29b2d89ef0d,203RN,02:00:00:00:00:00,"""DDW36527""",1590986761149
sensor_wifi,44:1c:a8:b1:60:36,b57ed6e1-b480-4063-9d33-e29b2d89ef0d,203RN,02:00:00:00:00:00,"""DDW36527""",1590986779075
sensor_wifi,44:1c:a8:b1:60:36,b57ed6e1-b480-4063-9d33-e29b2d89ef0d,203RN,02:00:00:00:00:00,"""DDW36527""",1590986926555
sensor_wifi,44:1c:a8:b1:60:36,b57ed6e1-b480-4063-9d33-e29b2d89ef0d,203RN,02:00:00:00:00:00,"""DDW36527""",1590986959905
sensor_wifi,44:1c:a8:b1:60:36,b57ed6e1-b480-4063-9d33-e29b2d89ef0d,203RN,02:00:00:00:00:00,"""DDW36527""",1590987048523
sensor_wifi,44:1c:a8:b1:60:36,b57ed6e1-b480-4063-9d33-e29b2d89ef0d,203RN,02:00:00:00:00:00,"""DDW36527""",1590987140498
sensor_wifi,44:1c:a8:b1:60:36,b57ed6e1-b480-4063-9d33-e29b2d89ef0d,203RN,02:00:00:00:00:00,"""DDW36527""",1590987219453
sensor_wifi,44:1c:a8:b1:60:36,b57ed6e1-b480-4063-9d33-e29b2d89ef0d,203RN,02:00:00:00:00:00,"""DDW36527""",1590987279895
sensor_wifi,44:1c:a8:b1:60:36,b57ed6e1-b480-4063-9d33-e29b2d89ef0d,203RN,02:00:00:00:00:00,"""DDW36527""",1590987321549
sensor_wifi,44:1c:a8:b1:60:36,b57ed6e1-b480-4063-9d33-e29b2d89ef0d,203RN,02:00:00:00:00:00,"""DDW36527""",1590987502184
sensor_wifi,44:1c:a8:b1:60:36,b57ed6e1-b480-4063-9d33-e29b2d89ef0d,203RN,02:00:00:00:00:00,"""DDW36527""",1590987661135
sensor_wifi,44:1c:a8:b1:60:36,b57ed6e1-b480-4063-9d33-e29b2d89ef0d,203RN,02:00:00:00:00:00,"""DDW36527""",1590987665523
sensor_wifi,44:1c:a8:b1:60:36,b57ed6e1-b480-4063-9d33-e29b2d89ef0d,203RN,02:00:00:00:00:00,"""DDW36527""",1590987880346
sensor_wifi,44:1c:a8:b1:60:36,b57ed6e1-b480-4063-9d33-e29b2d89ef0d,203RN,02:00:00:00:00:00,"""DDW36527""",1590987948905
sensor_wifi,44:1c:a8:b1:60:36,b57ed6e1-b480-4063-9d33-e29b2d89ef0d,203RN,02:00:00:00:00:00,"""DDW36527""",1590987988674
sensor_wifi,44:1c:a8:b1:60:36,b57ed6e1-b480-4063-9d33-e29b2d89ef0d,203RN,02:00:00:00:00:00,"""DDW36527""",1590988057172
sensor_wifi,44:1c:a8:b1:60:36,b57ed6e1-b480-4063-9d33-e29b2d89ef0d,203RN,02:00:00:00:00:00,"""DDW36527""",1590988124253
sensor_wifi,44:1c:a8:b1:60:36,b57ed6e1-b480-4063-9d33-e29b2d89ef0d,203RN,02:00:00:00:00:00,"""DDW36527""",1590988243169
sensor_wifi,44:1c:a8:b1:60:36,b57ed6e1-b480-4063-9d33-e29b2d89ef0d,203RN,02:00:00:00:00:00,"""DDW36527""",1590988362198
sensor_wifi,44:1c:a8:b1:60:36,b57ed6e1-b480-4063-9d33-e29b2d89ef0d,203RN,02:00:00:00:00:00,"""DDW36527""",1590988425184
sensor_wifi,44:1c:a8:b1:60:36,b57ed6e1-b480-4063-9d33-e29b2d89ef0d,203RN,02:00:00:00:00:00,"""DDW36527""",1590988608141
sensor_wifi,44:1c:a8:b1:60:36,b57ed6e1-b480-4063-9d33-e29b2d89ef0d,203RN,02:00:00:00:00:00,"""DDW36527""",1590988725172
sensor_wifi,44:1c:a8:b1:60:36,b57ed6e1-b480-4063-9d33-e29b2d89ef0d,203RN,02:00:00:00:00:00,"""DDW36527""",1590988790172
sensor_wifi,44:1c:a8:b1:60:36,b57ed6e1-b480-4063-9d33-e29b2d89ef0d,203RN,02:00:00:00:00:00,"""DDW36527""",1590988972165
sensor_wifi,44:1c:a8:b1:60:36,b57ed6e1-b480-4063-9d33-e29b2d89ef0d,203RN,02:00:00:00:00:00,"""DDW36527""",1590989168119
sensor_wifi,44:1c:a8:b1:60:36,b57ed6e1-b480-4063-9d33-e29b2d89ef0d,203RN,02:00:00:00:00:00,"""DDW36527""",1590989328144
sensor_wifi,44:1c:a8:b1:60:36,b57ed6e1-b480-4063-9d33-e29b2d89ef0d,203RN,02:00:00:00:00:00,"""DDW36527""",1590989350174
sensor_wifi,44:1c:a8:b1:60:36,b57ed6e1-b480-4063-9d33-e29b2d89ef0d,203RN,02:00:00:00:00:00,"""DDW36527""",1590989520225
sensor_wifi,44:1c:a8:b1:60:36,b57ed6e1-b480-4063-9d33-e29b2d89ef0d,203RN,02:00:00:00:00:00,"""DDW36527""",1590989532147
sensor_wifi,44:1c:a8:b1:60:36,b57ed6e1-b480-4063-9d33-e29b2d89ef0d,203RN,02:00:00:00:00:00,"""DDW36527""",1590989718166
sensor_wifi,44:1c:a8:b1:60:36,b57ed6e1-b480-4063-9d33-e29b2d89ef0d,203RN,02:00:00:00:00:00,"""DDW36527""",1590989795835
sensor_wifi,44:1c:a8:b1:60:36,b57ed6e1-b480-4063-9d33-e29b2d89ef0d,203RN,02:00:00:00:00:00,"""DDW36527""",1590989853128
sensor_wifi,44:1c:a8:b1:60:36,b57ed6e1-b480-4063-9d33-e29b2d89ef0d,203RN,02:00:00:00:00:00,"""DDW36527""",1590989889164
sensor_wifi,44:1c:a8:b1:60:36,b57ed6e1-b480-4063-9d33-e29b2d89ef0d,203RN,02:00:00:00:00:00,"""DDW36527""",1590990083183
sensor_wifi,44:1c:a8:b1:60:36,b57ed6e1-b480-4063-9d33-e29b2d89ef0d,203RN,02:00:00:00:00:00,"""DDW36527""",1590990198154
sensor_wifi,44:1c:a8:b1:60:36,b57ed6e1-b480-4063-9d33-e29b2d89ef0d,203RN,02:00:00:00:00:00,"""DDW36527""",1590990265152
sensor_wifi,44:1c:a8:b1:60:36,b57ed6e1-b480-4063-9d33-e29b2d89ef0d,203RN,02:00:00:00:00:00,"""DDW36527""",1590990447201
sensor_wifi,44:1c:a8:b1:60:36,b57ed6e1-b480-4063-9d33-e29b2d89ef0d,203RN,02:00:00:00:00:00,"""DDW36527""",1590990525151
sensor_wifi,44:1c:a8:b1:60:36,b57ed6e1-b480-4063-9d33-e29b2d89ef0d,203RN,02:00:00:00:00:00,"""DDW36527""",1590990629201
sensor_wifi,44:1c:a8:b1:60:36,b57ed6e1-b480-4063-9d33-e29b2d89ef0d,203RN,02:00:00:00:00:00,"""DDW36527""",1590990668401
sensor_wifi,44:1c:a8:b1:60:36,b57ed6e1-b480-4063-9d33-e29b2d89ef0d,203RN,02:00:00:00:00:00,"""DDW36527""",1590990812167
sensor_wifi,44:1c:a8:b1:60:36,b57ed6e1-b480-4063-9d33-e29b2d89ef0d,203RN,02:00:00:00:00:00,"""DDW36527""",1590990868174
sensor_wifi,44:1c:a8:b1:60:36,b57ed6e1-b480-4063-9d33-e29b2d89ef0d,203RN,02:00:00:00:00:00,"""DDW36527""",1590990994191
sensor_wifi,44:1c:a8:b1:60:36,b57ed6e1-b480-4063-9d33-e29b2d89ef0d,203RN,02:00:00:00:00:00,"""DDW36527""",1590991028381
sensor_wifi,44:1c:a8:b1:60:36,b57ed6e1-b480-4063-9d33-e29b2d89ef0d,203RN,02:00:00:00:00:00,"""DDW36527""",1590991088524
sensor_wifi,44:1c:a8:b1:60:36,b57ed6e1-b480-4063-9d33-e29b2d89ef0d,203RN,02:00:00:00:00:00,"""DDW36527""",1590991090964
sensor_wifi,44:1c:a8:b1:60:36,b57ed6e1-b480-4063-9d33-e29b2d89ef0d,203RN,02:00:00:00:00:00,"""DDW36527""",1590991167167
sensor_wifi,44:1c:a8:b1:60:36,b57ed6e1-b480-4063-9d33-e29b2d89ef0d,203RN,02:00:00:00:00:00,"""DDW36527""",1590991291178
sensor_wifi,44:1c:a8:b1:60:36,b57ed6e1-b480-4063-9d33-e29b2d89ef0d,203RN,02:00:00:00:00:00,"""DDW36527""",1590991358145
sensor_wifi,44:1c:a8:b1:60:36,b57ed6e1-b480-4063-9d33-e29b2d89ef0d,203RN,02:00:00:00:00:00,"""DDW36527""",1590991539135
sensor_wifi,44:1c:a8:b1:60:36,b57ed6e1-b480-4063-9d33-e29b2d89ef0d,203RN,02:00:00:00:00:00,"""DDW36527""",1590991645885
sensor_wifi,44:1c:a8:b1:60:36,b57ed6e1-b480-4063-9d33-e29b2d89ef0d,203RN,02:00:00:00:00:00,"""DDW36527""",1590991732221
sensor_wifi,44:1c:a8:b1:60:36,b57ed6e1-b480-4063-9d33-e29b2d89ef0d,203RN,02:00:00:00:00:00,"""DDW36527""",1590991914158
sensor_wifi,44:1c:a8:b1:60:36,b57ed6e1-b480-4063-9d33-e29b2d89ef0d,203RN,02:00:00:00:00:00,"""DDW36527""",1590992042285
sensor_wifi,44:1c:a8:b1:60:36,b57ed6e1-b480-4063-9d33-e29b2d89ef0d,203RN,02:00:00:00:00:00,"""DDW36527""",1590992097200
sensor_wifi,44:1c:a8:b1:60:36,b57ed6e1-b480-4063-9d33-e29b2d89ef0d,203RN,02:00:00:00:00:00,"""DDW36527""",1590992279166
sensor_wifi,44:1c:a8:b1:60:36,b57ed6e1-b480-4063-9d33-e29b2d89ef0d,203RN,02:00:00:00:00:00,"""DDW36527""",1590992325160
sensor_wifi,44:1c:a8:b1:60:36,b57ed6e1-b480-4063-9d33-e29b2d89ef0d,203RN,02:00:00:00:00:00,"""DDW36527""",1590992461207
sensor_wifi,44:1c:a8:b1:60:36,b57ed6e1-b480-4063-9d33-e29b2d89ef0d,203RN,02:00:00:00:00:00,"""DDW36527""",1590992521184
sensor_wifi,44:1c:a8:b1:60:36,b57ed6e1-b480-4063-9d33-e29b2d89ef0d,203RN,02:00:00:00:00:00,"""DDW36527""",1590992643189
sensor_wifi,44:1c:a8:b1:60:36,b57ed6e1-b480-4063-9d33-e29b2d89ef0d,203RN,02:00:00:00:00:00,"""DDW36527""",1590992698184
sensor_wifi,44:1c:a8:b1:60:36,b57ed6e1-b480-4063-9d33-e29b2d89ef0d,203RN,02:00:00:00:00:00,"""DDW36527""",1590992824145
sensor_wifi,44:1c:a8:b1:60:36,b57ed6e1-b480-4063-9d33-e29b2d89ef0d,203RN,02:00:00:00:00:00,"""DDW36527""",1590992846187
sensor_wifi,44:1c:a8:b1:60:36,b57ed6e1-b480-4063-9d33-e29b2d89ef0d,203RN,02:00:00:00:00:00,"""DDW36527""",1590992942169
sensor_wifi,44:1c:a8:b1:60:36,b57ed6e1-b480-4063-9d33-e29b2d89ef0d,203RN,02:00:00:00:00:00,"""DDW36527""",1590993002190
sensor_wifi,44:1c:a8:b1:60:36,b57ed6e1-b480-4063-9d33-e29b2d89ef0d,203RN,02:00:00:00:00:00,"""DDW36527""",1590993061155
sensor_wifi,44:1c:a8:b1:60:36,b57ed6e1-b480-4063-9d33-e29b2d89ef0d,203RN,02:00:00:00:00:00,"""DDW36527""",1590993121160
sensor_wifi,44:1c:a8:b1:60:36,b57ed6e1-b480-4063-9d33-e29b2d89ef0d,203RN,02:00:00:00:00:00,"""DDW36527""",1590993182171
sensor_wifi,44:1c:a8:b1:60:36,b57ed6e1-b480-4063-9d33-e29b2d89ef0d,203RN,02:00:00:00:00:00,"""DDW36527""",1590993242167
sensor_wifi,44:1c:a8:b1:60:36,b57ed6e1-b480-4063-9d33-e29b2d89ef0d,203RN,02:00:00:00:00:00,"""DDW36527""",1590993302202
sensor_wifi,44:1c:a8:b1:60:36,b57ed6e1-b480-4063-9d33-e29b2d89ef0d,203RN,02:00:00:00:00:00,"""DDW36527""",1590993362187
sensor_wifi,44:1c:a8:b1:60:36,b57ed6e1-b480-4063-9d33-e29b2d89ef0d,203RN,02:00:00:00:00:00,"""DDW36527""",1590993422153
sensor_wifi,44:1c:a8:b1:60:36,b57ed6e1-b480-4063-9d33-e29b2d89ef0d,203RN,02:00:00:00:00:00,"""DDW36527""",1590993470146
sensor_wifi,44:1c:a8:b1:60:36,b57ed6e1-b480-4063-9d33-e29b2d89ef0d,203RN,02:00:00:00:00:00,"""DDW36527""",1590993536206
sensor_wifi,44:1c:a8:b1:60:36,b57ed6e1-b480-4063-9d33-e29b2d89ef0d,203RN,02:00:00:00:00:00,"""DDW36527""",1590993885152
sensor_wifi,44:1c:a8:b1:60:36,b57ed6e1-b480-4063-9d33-e29b2d89ef0d,203RN,02:00:00:00:00:00,"""DDW36527""",1590993902184
sensor_wifi,44:1c:a8:b1:60:36,b57ed6e1-b480-4063-9d33-e29b2d89ef0d,203RN,02:00:00:00:00:00,"""DDW36527""",1590993962176
sensor_wifi,44:1c:a8:b1:60:36,b57ed6e1-b480-4063-9d33-e29b2d89ef0d,203RN,02:00:00:00:00:00,"""DDW36527""",1590994022170
sensor_wifi,44:1c:a8:b1:60:36,b57ed6e1-b480-4063-9d33-e29b2d89ef0d,203RN,02:00:00:00:00:00,"""DDW36527""",1590994082155
sensor_wifi,44:1c:a8:b1:60:36,b57ed6e1-b480-4063-9d33-e29b2d89ef0d,203RN,02:00:00:00:00:00,"""DDW36527""",1590994131488
sensor_wifi,44:1c:a8:b1:60:36,b57ed6e1-b480-4063-9d33-e29b2d89ef0d,203RN,02:00:00:00:00:00,"""DDW36527""",1590994277158
sensor_wifi,44:1c:a8:b1:60:36,b57ed6e1-b480-4063-9d33-e29b2d89ef0d,203RN,02:00:00:00:00:00,"""DDW36527""",1590994322184
sensor_wifi,44:1c:a8:b1:60:36,b57ed6e1-b480-4063-9d33-e29b2d89ef0d,203RN,02:00:00:00:00:00,"""DDW36527""",1590994459182
sensor_wifi,44:1c:a8:b1:60:36,b57ed6e1-b480-4063-9d33-e29b2d89ef0d,203RN,02:00:00:00:00:00,"""DDW36527""",1590994502187
sensor_wifi,44:1c:a8:b1:60:36,b57ed6e1-b480-4063-9d33-e29b2d89ef0d,203RN,02:00:00:00:00:00,"""DDW36527""",1590994562168
sensor_wifi,44:1c:a8:b1:60:36,b57ed6e1-b480-4063-9d33-e29b2d89ef0d,203RN,02:00:00:00:00:00,"""DDW36527""",1590994622142
sensor_wifi,44:1c:a8:b1:60:36,b57ed6e1-b480-4063-9d33-e29b2d89ef0d,203RN,02:00:00:00:00:00,"""DDW36527""",1590994682186
sensor_wifi,44:1c:a8:b1:60:36,b57ed6e1-b480-4063-9d33-e29b2d89ef0d,203RN,02:00:00:00:00:00,"""DDW36527""",1590994729372
sensor_wifi,44:1c:a8:b1:60:36,b57ed6e1-b480-4063-9d33-e29b2d89ef0d,203RN,02:00:00:00:00:00,"""DDW36527""",1590994803176
sensor_wifi,44:1c:a8:b1:60:36,b57ed6e1-b480-4063-9d33-e29b2d89ef0d,203RN,02:00:00:00:00:00,"""DDW36527""",1590994812164
sensor_wifi,44:1c:a8:b1:60:36,b57ed6e1-b480-4063-9d33-e29b2d89ef0d,203RN,02:00:00:00:00:00,"""DDW36527""",1590994922183
sensor_wifi,44:1c:a8:b1:60:36,b57ed6e1-b480-4063-9d33-e29b2d89ef0d,203RN,02:00:00:00:00:00,"""DDW36527""",1590994953159
sensor_wifi,44:1c:a8:b1:60:36,b57ed6e1-b480-4063-9d33-e29b2d89ef0d,203RN,02:00:00:00:00:00,"""DDW36527""",1590995004166
sensor_wifi,44:1c:a8:b1:60:36,b57ed6e1-b480-4063-9d33-e29b2d89ef0d,203RN,02:00:00:00:00:00,"""DDW36527""",1590995186178
sensor_wifi,44:1c:a8:b1:60:36,b57ed6e1-b480-4063-9d33-e29b2d89ef0d,203RN,02:00:00:00:00:00,"""DDW36527""",1590995275476
sensor_wifi,44:1c:a8:b1:60:36,b57ed6e1-b480-4063-9d33-e29b2d89ef0d,203RN,02:00:00:00:00:00,"""DDW36527""",1590995325165
sensor_wifi,44:1c:a8:b1:60:36,b57ed6e1-b480-4063-9d33-e29b2d89ef0d,203RN,02:00:00:00:00:00,"""DDW36527""",1590995354180
sensor_wifi,44:1c:a8:b1:60:36,b57ed6e1-b480-4063-9d33-e29b2d89ef0d,203RN,02:00:00:00:00:00,"""DDW36527""",1590995553160
sensor_wifi,44:1c:a8:b1:60:36,b57ed6e1-b480-4063-9d33-e29b2d89ef0d,203RN,02:00:00:00:00:00,"""DDW36527""",1590995735140
sensor_wifi,44:1c:a8:b1:60:36,b57ed6e1-b480-4063-9d33-e29b2d89ef0d,203RN,02:00:00:00:00:00,"""DDW36527""",1590995917183
sensor_wifi,44:1c:a8:b1:60:36,b57ed6e1-b480-4063-9d33-e29b2d89ef0d,203RN,02:00:00:00:00:00,"""DDW36527""",1590996099159
sensor_wifi,44:1c:a8:b1:60:36,b57ed6e1-b480-4063-9d33-e29b2d89ef0d,203RN,02:00:00:00:00:00,"""DDW36527""",1590996177193
sensor_wifi,44:1c:a8:b1:60:36,b57ed6e1-b480-4063-9d33-e29b2d89ef0d,203RN,02:00:00:00:00:00,"""DDW36527""",1590996281167
sensor_wifi,44:1c:a8:b1:60:36,b57ed6e1-b480-4063-9d33-e29b2d89ef0d,203RN,02:00:00:00:00:00,"""DDW36527""",1590996463169
sensor_wifi,44:1c:a8:b1:60:36,b57ed6e1-b480-4063-9d33-e29b2d89ef0d,203RN,02:00:00:00:00:00,"""DDW36527""",1590996527175
sensor_wifi,44:1c:a8:b1:60:36,b57ed6e1-b480-4063-9d33-e29b2d89ef0d,203RN,02:00:00:00:00:00,"""DDW36527""",1590996602203
sensor_wifi,44:1c:a8:b1:60:36,b57ed6e1-b480-4063-9d33-e29b2d89ef0d,203RN,02:00:00:00:00:00,"""DDW36527""",1590996636177
sensor_wifi,44:1c:a8:b1:60:36,b57ed6e1-b480-4063-9d33-e29b2d89ef0d,203RN,02:00:00:00:00:00,"""DDW36527""",1590996671183
sensor_wifi,44:1c:a8:b1:60:36,b57ed6e1-b480-4063-9d33-e29b2d89ef0d,203RN,02:00:00:00:00:00,"""DDW36527""",1590996782194
sensor_wifi,44:1c:a8:b1:60:36,b57ed6e1-b480-4063-9d33-e29b2d89ef0d,203RN,02:00:00:00:00:00,"""DDW36527""",1590996825182
sensor_wifi,44:1c:a8:b1:60:36,b57ed6e1-b480-4063-9d33-e29b2d89ef0d,203RN,02:00:00:00:00:00,"""DDW36527""",1590997007185
sensor_wifi,44:1c:a8:b1:60:36,b57ed6e1-b480-4063-9d33-e29b2d89ef0d,203RN,02:00:00:00:00:00,"""DDW36527""",1590997142189
sensor_wifi,44:1c:a8:b1:60:36,b57ed6e1-b480-4063-9d33-e29b2d89ef0d,203RN,02:00:00:00:00:00,"""DDW36527""",1590997189148
sensor_wifi,44:1c:a8:b1:60:36,b57ed6e1-b480-4063-9d33-e29b2d89ef0d,203RN,02:00:00:00:00:00,"""DDW36527""",1590997370148
sensor_wifi,44:1c:a8:b1:60:36,b57ed6e1-b480-4063-9d33-e29b2d89ef0d,203RN,02:00:00:00:00:00,"""DDW36527""",1590997553167
sensor_wifi,44:1c:a8:b1:60:36,b57ed6e1-b480-4063-9d33-e29b2d89ef0d,203RN,02:00:00:00:00:00,"""DDW36527""",1590997571172
sensor_wifi,44:1c:a8:b1:60:36,b57ed6e1-b480-4063-9d33-e29b2d89ef0d,203RN,02:00:00:00:00:00,"""DDW36527""",1590997726139
sensor_wifi,44:1c:a8:b1:60:36,b57ed6e1-b480-4063-9d33-e29b2d89ef0d,203RN,02:00:00:00:00:00,"""DDW36527""",1590997912177
sensor_wifi,44:1c:a8:b1:60:36,b57ed6e1-b480-4063-9d33-e29b2d89ef0d,203RN,02:00:00:00:00:00,"""DDW36527""",1590998104200
sensor_wifi,44:1c:a8:b1:60:36,b57ed6e1-b480-4063-9d33-e29b2d89ef0d,203RN,02:00:00:00:00:00,"""DDW36527""",1590998286139
sensor_wifi,44:1c:a8:b1:60:36,b57ed6e1-b480-4063-9d33-e29b2d89ef0d,203RN,02:00:00:00:00:00,"""DDW36527""",1590998291528
sensor_wifi,44:1c:a8:b1:60:36,b57ed6e1-b480-4063-9d33-e29b2d89ef0d,203RN,02:00:00:00:00:00,"""DDW36527""",1590998463980
sensor_wifi,44:1c:a8:b1:60:36,b57ed6e1-b480-4063-9d33-e29b2d89ef0d,203RN,02:00:00:00:00:00,"""DDW36527""",1590998473156
sensor_wifi,44:1c:a8:b1:60:36,b57ed6e1-b480-4063-9d33-e29b2d89ef0d,203RN,02:00:00:00:00:00,"""DDW36527""",1590998684176
sensor_wifi,44:1c:a8:b1:60:36,b57ed6e1-b480-4063-9d33-e29b2d89ef0d,203RN,02:00:00:00:00:00,"""DDW36527""",1590998867179
sensor_wifi,44:1c:a8:b1:60:36,b57ed6e1-b480-4063-9d33-e29b2d89ef0d,203RN,02:00:00:00:00:00,"""DDW36527""",1590998906725
sensor_wifi,44:1c:a8:b1:60:36,b57ed6e1-b480-4063-9d33-e29b2d89ef0d,203RN,02:00:00:00:00:00,"""DDW36527""",1590999049151
sensor_wifi,44:1c:a8:b1:60:36,b57ed6e1-b480-4063-9d33-e29b2d89ef0d,203RN,02:00:00:00:00:00,"""DDW36527""",1590999232141
sensor_wifi,44:1c:a8:b1:60:36,b57ed6e1-b480-4063-9d33-e29b2d89ef0d,203RN,02:00:00:00:00:00,"""DDW36527""",1590999351556
sensor_wifi,44:1c:a8:b1:60:36,b57ed6e1-b480-4063-9d33-e29b2d89ef0d,203RN,02:00:00:00:00:00,"""DDW36527""",1590999352797
sensor_wifi,44:1c:a8:b1:60:36,b57ed6e1-b480-4063-9d33-e29b2d89ef0d,203RN,02:00:00:00:00:00,"""DDW36527""",1590999365654
sensor_wifi,44:1c:a8:b1:60:36,b57ed6e1-b480-4063-9d33-e29b2d89ef0d,203RN,02:00:00:00:00:00,"""DDW36527""",1590999424892
sensor_wifi,44:1c:a8:b1:60:36,b57ed6e1-b480-4063-9d33-e29b2d89ef0d,203RN,02:00:00:00:00:00,"""DDW36527""",1590999484805
sensor_wifi,44:1c:a8:b1:60:36,b57ed6e1-b480-4063-9d33-e29b2d89ef0d,203RN,02:00:00:00:00:00,"""DDW36527""",1590999544826
sensor_wifi,44:1c:a8:b1:60:36,b57ed6e1-b480-4063-9d33-e29b2d89ef0d,203RN,02:00:00:00:00:00,"""DDW36527""",1590999608179
sensor_wifi,44:1c:a8:b1:60:36,b57ed6e1-b480-4063-9d33-e29b2d89ef0d,203RN,02:00:00:00:00:00,"""DDW36527""",1590999845693
sensor_wifi,44:1c:a8:b1:60:36,b57ed6e1-b480-4063-9d33-e29b2d89ef0d,203RN,02:00:00:00:00:00,"""DDW36527""",1591000026269
sensor_wifi,44:1c:a8:b1:60:36,b57ed6e1-b480-4063-9d33-e29b2d89ef0d,203RN,02:00:00:00:00:00,"""DDW36527""",1591000207978
sensor_wifi,44:1c:a8:b1:60:36,b57ed6e1-b480-4063-9d33-e29b2d89ef0d,203RN,02:00:00:00:00:00,"""DDW36527""",1591000262193
sensor_wifi,44:1c:a8:b1:60:36,b57ed6e1-b480-4063-9d33-e29b2d89ef0d,203RN,02:00:00:00:00:00,"""DDW36527""",1591000322206
sensor_wifi,44:1c:a8:b1:60:36,b57ed6e1-b480-4063-9d33-e29b2d89ef0d,203RN,02:00:00:00:00:00,"""DDW36527""",1591000388144
sensor_wifi,44:1c:a8:b1:60:36,b57ed6e1-b480-4063-9d33-e29b2d89ef0d,203RN,02:00:00:00:00:00,"""DDW36527""",1591000441177
sensor_wifi,44:1c:a8:b1:60:36,b57ed6e1-b480-4063-9d33-e29b2d89ef0d,203RN,02:00:00:00:00:00,"""DDW36527""",1591000501161
sensor_wifi,44:1c:a8:b1:60:36,b57ed6e1-b480-4063-9d33-e29b2d89ef0d,203RN,02:00:00:00:00:00,"""DDW36527""",1591000514651
sensor_wifi,44:1c:a8:b1:60:36,b57ed6e1-b480-4063-9d33-e29b2d89ef0d,203RN,02:00:00:00:00:00,"""DDW36527""",1591000572150
sensor_wifi,44:1c:a8:b1:60:36,b57ed6e1-b480-4063-9d33-e29b2d89ef0d,203RN,02:00:00:00:00:00,"""DDW36527""",1591000681455
sensor_wifi,44:1c:a8:b1:60:36,b57ed6e1-b480-4063-9d33-e29b2d89ef0d,203RN,02:00:00:00:00:00,"""DDW36527""",1591000754201
sensor_wifi,44:1c:a8:b1:60:36,b57ed6e1-b480-4063-9d33-e29b2d89ef0d,203RN,02:00:00:00:00:00,"""DDW36527""",1591000935169
sensor_wifi,44:1c:a8:b1:60:36,b57ed6e1-b480-4063-9d33-e29b2d89ef0d,203RN,02:00:00:00:00:00,"""DDW36527""",1591001117203
sensor_wifi,44:1c:a8:b1:60:36,b57ed6e1-b480-4063-9d33-e29b2d89ef0d,203RN,02:00:00:00:00:00,"""DDW36527""",1591001171187
sensor_wifi,44:1c:a8:b1:60:36,b57ed6e1-b480-4063-9d33-e29b2d89ef0d,203RN,02:00:00:00:00:00,"""DDW36527""",1591001309159
sensor_wifi,44:1c:a8:b1:60:36,b57ed6e1-b480-4063-9d33-e29b2d89ef0d,203RN,02:00:00:00:00:00,"""DDW36527""",1591001493174
sensor_wifi,44:1c:a8:b1:60:36,b57ed6e1-b480-4063-9d33-e29b2d89ef0d,203RN,02:00:00:00:00:00,"""DDW36527""",1591001607175
sensor_wifi,44:1c:a8:b1:60:36,b57ed6e1-b480-4063-9d33-e29b2d89ef0d,203RN,02:00:00:00:00:00,"""DDW36527""",1591001675169
sensor_wifi,44:1c:a8:b1:60:36,b57ed6e1-b480-4063-9d33-e29b2d89ef0d,203RN,02:00:00:00:00:00,"""DDW36527""",1591001847119
sensor_wifi,44:1c:a8:b1:60:36,b57ed6e1-b480-4063-9d33-e29b2d89ef0d,203RN,02:00:00:00:00:00,"""DDW36527""",1591001908668
sensor_wifi,44:1c:a8:b1:60:36,b57ed6e1-b480-4063-9d33-e29b2d89ef0d,203RN,02:00:00:00:00:00,"""DDW36527""",1591002041170
sensor_wifi,44:1c:a8:b1:60:36,b57ed6e1-b480-4063-9d33-e29b2d89ef0d,203RN,02:00:00:00:00:00,"""DDW36527""",1591002122170
sensor_wifi,44:1c:a8:b1:60:36,b57ed6e1-b480-4063-9d33-e29b2d89ef0d,203RN,02:00:00:00:00:00,"""DDW36527""",1591002182151
sensor_wifi,44:1c:a8:b1:60:36,b57ed6e1-b480-4063-9d33-e29b2d89ef0d,203RN,02:00:00:00:00:00,"""DDW36527""",1591002211395
sensor_wifi,44:1c:a8:b1:60:36,b57ed6e1-b480-4063-9d33-e29b2d89ef0d,203RN,02:00:00:00:00:00,"""DDW36527""",1591002315207
sensor_wifi,44:1c:a8:b1:60:36,b57ed6e1-b480-4063-9d33-e29b2d89ef0d,203RN,02:00:00:00:00:00,"""DDW36527""",1591002362213
sensor_wifi,44:1c:a8:b1:60:36,b57ed6e1-b480-4063-9d33-e29b2d89ef0d,203RN,02:00:00:00:00:00,"""DDW36527""",1591002404200
sensor_wifi,44:1c:a8:b1:60:36,b57ed6e1-b480-4063-9d33-e29b2d89ef0d,203RN,02:00:00:00:00:00,"""DDW36527""",1591002508170
sensor_wifi,44:1c:a8:b1:60:36,b57ed6e1-b480-4063-9d33-e29b2d89ef0d,203RN,02:00:00:00:00:00,"""DDW36527""",1591002542195
sensor_wifi,44:1c:a8:b1:60:36,b57ed6e1-b480-4063-9d33-e29b2d89ef0d,203RN,02:00:00:00:00:00,"""DDW36527""",1591002585159
sensor_wifi,44:1c:a8:b1:60:36,b57ed6e1-b480-4063-9d33-e29b2d89ef0d,203RN,02:00:00:00:00:00,"""DDW36527""",1591002750193
sensor_wifi,44:1c:a8:b1:60:36,b57ed6e1-b480-4063-9d33-e29b2d89ef0d,203RN,02:00:00:00:00:00,"""DDW36527""",1591002782146
sensor_wifi,44:1c:a8:b1:60:36,b57ed6e1-b480-4063-9d33-e29b2d89ef0d,203RN,02:00:00:00:00:00,"""DDW36527""",1591002842146
sensor_wifi,44:1c:a8:b1:60:36,b57ed6e1-b480-4063-9d33-e29b2d89ef0d,203RN,02:00:00:00:00:00,"""DDW36527""",1591002902184
sensor_wifi,44:1c:a8:b1:60:36,b57ed6e1-b480-4063-9d33-e29b2d89ef0d,203RN,02:00:00:00:00:00,"""DDW36527""",1591002962151
sensor_wifi,44:1c:a8:b1:60:36,b57ed6e1-b480-4063-9d33-e29b2d89ef0d,203RN,02:00:00:00:00:00,"""DDW36527""",1591003022149
sensor_wifi,44:1c:a8:b1:60:36,b57ed6e1-b480-4063-9d33-e29b2d89ef0d,203RN,02:00:00:00:00:00,"""DDW36527""",1591003082189
sensor_wifi,44:1c:a8:b1:60:36,b57ed6e1-b480-4063-9d33-e29b2d89ef0d,203RN,02:00:00:00:00:00,"""DDW36527""",1591003133660
sensor_wifi,44:1c:a8:b1:60:36,b57ed6e1-b480-4063-9d33-e29b2d89ef0d,203RN,02:00:00:00:00:00,"""DDW36527""",1591003332164
sensor_wifi,44:1c:a8:b1:60:36,b57ed6e1-b480-4063-9d33-e29b2d89ef0d,203RN,02:00:00:00:00:00,"""DDW36527""",1591003382162
sensor_wifi,44:1c:a8:b1:60:36,b57ed6e1-b480-4063-9d33-e29b2d89ef0d,203RN,02:00:00:00:00:00,"""DDW36527""",1591003442179
sensor_wifi,44:1c:a8:b1:60:36,b57ed6e1-b480-4063-9d33-e29b2d89ef0d,203RN,02:00:00:00:00:00,"""DDW36527""",1591003502189
sensor_wifi,44:1c:a8:b1:60:36,b57ed6e1-b480-4063-9d33-e29b2d89ef0d,203RN,02:00:00:00:00:00,"""DDW36527""",1591003532168
sensor_wifi,44:1c:a8:b1:60:36,b57ed6e1-b480-4063-9d33-e29b2d89ef0d,203RN,02:00:00:00:00:00,"""DDW36527""",1591003649157
sensor_wifi,44:1c:a8:b1:60:36,b57ed6e1-b480-4063-9d33-e29b2d89ef0d,203RN,02:00:00:00:00:00,"""DDW36527""",1591003652919
sensor_wifi,44:1c:a8:b1:60:36,b57ed6e1-b480-4063-9d33-e29b2d89ef0d,203RN,02:00:00:00:00:00,"""DDW36527""",1591003712778
sensor_wifi,44:1c:a8:b1:60:36,b57ed6e1-b480-4063-9d33-e29b2d89ef0d,203RN,02:00:00:00:00:00,"""DDW36527""",1591003862188
sensor_wifi,44:1c:a8:b1:60:36,b57ed6e1-b480-4063-9d33-e29b2d89ef0d,203RN,02:00:00:00:00:00,"""DDW36527""",1591003894157
sensor_wifi,44:1c:a8:b1:60:36,b57ed6e1-b480-4063-9d33-e29b2d89ef0d,203RN,02:00:00:00:00:00,"""DDW36527""",1591003982160
sensor_wifi,44:1c:a8:b1:60:36,b57ed6e1-b480-4063-9d33-e29b2d89ef0d,203RN,02:00:00:00:00:00,"""DDW36527""",1591004035168
sensor_wifi,44:1c:a8:b1:60:36,b57ed6e1-b480-4063-9d33-e29b2d89ef0d,203RN,02:00:00:00:00:00,"""DDW36527""",1591004076167
sensor_wifi,44:1c:a8:b1:60:36,b57ed6e1-b480-4063-9d33-e29b2d89ef0d,203RN,02:00:00:00:00:00,"""DDW36527""",1591004118143
sensor_wifi,44:1c:a8:b1:60:36,b57ed6e1-b480-4063-9d33-e29b2d89ef0d,203RN,02:00:00:00:00:00,"""DDW36527""",1591004258193
sensor_wifi,44:1c:a8:b1:60:36,b57ed6e1-b480-4063-9d33-e29b2d89ef0d,203RN,02:00:00:00:00:00,"""DDW36527""",1591004326165
sensor_wifi,44:1c:a8:b1:60:36,b57ed6e1-b480-4063-9d33-e29b2d89ef0d,203RN,02:00:00:00:00:00,"""DDW36527""",1591004440177
sensor_wifi,44:1c:a8:b1:60:36,b57ed6e1-b480-4063-9d33-e29b2d89ef0d,203RN,02:00:00:00:00:00,"""DDW36527""",1591004553204
sensor_wifi,44:1c:a8:b1:60:36,b57ed6e1-b480-4063-9d33-e29b2d89ef0d,203RN,02:00:00:00:00:00,"""DDW36527""",1591004622185
sensor_wifi,44:1c:a8:b1:60:36,b57ed6e1-b480-4063-9d33-e29b2d89ef0d,203RN,02:00:00:00:00:00,"""DDW36527""",1591004804159
sensor_wifi,44:1c:a8:b1:60:36,b57ed6e1-b480-4063-9d33-e29b2d89ef0d,203RN,02:00:00:00:00:00,"""DDW36527""",1591004926170
sensor_wifi,44:1c:a8:b1:60:36,b57ed6e1-b480-4063-9d33-e29b2d89ef0d,203RN,02:00:00:00:00:00,"""DDW36527""",1591004968182
sensor_wifi,44:1c:a8:b1:60:36,b57ed6e1-b480-4063-9d33-e29b2d89ef0d,203RN,02:00:00:00:00:00,"""DDW36527""",1591005007166
sensor_wifi,44:1c:a8:b1:60:36,b57ed6e1-b480-4063-9d33-e29b2d89ef0d,203RN,02:00:00:00:00:00,"""DDW36527""",1591005190179
sensor_wifi,44:1c:a8:b1:60:36,b57ed6e1-b480-4063-9d33-e29b2d89ef0d,203RN,02:00:00:00:00:00,"""DDW36527""",1591005372161
sensor_wifi,44:1c:a8:b1:60:36,b57ed6e1-b480-4063-9d33-e29b2d89ef0d,203RN,02:00:00:00:00:00,"""DDW36527""",1591005454181
sensor_wifi,44:1c:a8:b1:60:36,b57ed6e1-b480-4063-9d33-e29b2d89ef0d,203RN,02:00:00:00:00:00,"""DDW36527""",1591005496181
sensor_wifi,44:1c:a8:b1:60:36,b57ed6e1-b480-4063-9d33-e29b2d89ef0d,203RN,02:00:00:00:00:00,"""DDW36527""",1591005554175
sensor_wifi,44:1c:a8:b1:60:36,b57ed6e1-b480-4063-9d33-e29b2d89ef0d,203RN,02:00:00:00:00:00,"""DDW36527""",1591005695210
sensor_wifi,44:1c:a8:b1:60:36,b57ed6e1-b480-4063-9d33-e29b2d89ef0d,203RN,02:00:00:00:00:00,"""DDW36527""",1591005736533
sensor_wifi,44:1c:a8:b1:60:36,b57ed6e1-b480-4063-9d33-e29b2d89ef0d,203RN,02:00:00:00:00:00,"""DDW36527""",1591005902187
sensor_wifi,44:1c:a8:b1:60:36,b57ed6e1-b480-4063-9d33-e29b2d89ef0d,203RN,02:00:00:00:00:00,"""DDW36527""",1591005919582
sensor_wifi,44:1c:a8:b1:60:36,b57ed6e1-b480-4063-9d33-e29b2d89ef0d,203RN,02:00:00:00:00:00,"""DDW36527""",1591006125434
sensor_wifi,44:1c:a8:b1:60:36,b57ed6e1-b480-4063-9d33-e29b2d89ef0d,203RN,02:00:00:00:00:00,"""DDW36527""",1591006171167
sensor_wifi,44:1c:a8:b1:60:36,b57ed6e1-b480-4063-9d33-e29b2d89ef0d,203RN,02:00:00:00:00:00,"""DDW36527""",1591006300175
sensor_wifi,44:1c:a8:b1:60:36,b57ed6e1-b480-4063-9d33-e29b2d89ef0d,203RN,02:00:00:00:00:00,"""DDW36527""",1591006483203
sensor_wifi,44:1c:a8:b1:60:36,b57ed6e1-b480-4063-9d33-e29b2d89ef0d,203RN,02:00:00:00:00:00,"""DDW36527""",1591006666179
sensor_wifi,44:1c:a8:b1:60:36,b57ed6e1-b480-4063-9d33-e29b2d89ef0d,203RN,02:00:00:00:00:00,"""DDW36527""",1591006726159
sensor_wifi,44:1c:a8:b1:60:36,b57ed6e1-b480-4063-9d33-e29b2d89ef0d,203RN,02:00:00:00:00:00,"""DDW36527""",1591006801164
sensor_wifi,44:1c:a8:b1:60:36,b57ed6e1-b480-4063-9d33-e29b2d89ef0d,203RN,02:00:00:00:00:00,"""DDW36527""",1591006857175
sensor_wifi,44:1c:a8:b1:60:36,b57ed6e1-b480-4063-9d33-e29b2d89ef0d,203RN,02:00:00:00:00:00,"""DDW36527""",1591007039201
sensor_wifi,44:1c:a8:b1:60:36,b57ed6e1-b480-4063-9d33-e29b2d89ef0d,203RN,02:00:00:00:00:00,"""DDW36527""",1591007102164
sensor_wifi,44:1c:a8:b1:60:36,b57ed6e1-b480-4063-9d33-e29b2d89ef0d,203RN,02:00:00:00:00:00,"""DDW36527""",1591007132824
sensor_wifi,44:1c:a8:b1:60:36,b57ed6e1-b480-4063-9d33-e29b2d89ef0d,203RN,02:00:00:00:00:00,"""DDW36527""",1591007134844
sensor_wifi,00:00:00:00:00:00,b57ed6e1-b480-4063-9d33-e29b2d89ef0d,203RN,02:00:00:00:00:00,<unknown ssid>,1591007148107
sensor_wifi,44:1c:a8:b1:60:36,b57ed6e1-b480-4063-9d33-e29b2d89ef0d,203RN,02:00:00:00:00:00,"""DDW36527""",1591007212371
sensor_wifi,44:1c:a8:b1:60:36,b57ed6e1-b480-4063-9d33-e29b2d89ef0d,203RN,02:00:00:00:00:00,"""DDW36527""",1591007347143
sensor_wifi,44:1c:a8:b1:60:36,b57ed6e1-b480-4063-9d33-e29b2d89ef0d,203RN,02:00:00:00:00:00,"""DDW36527""",1591007401466
sensor_wifi,44:1c:a8:b1:60:36,b57ed6e1-b480-4063-9d33-e29b2d89ef0d,203RN,02:00:00:00:00:00,"""DDW36527""",1591007419195
sensor_wifi,44:1c:a8:b1:60:36,b57ed6e1-b480-4063-9d33-e29b2d89ef0d,203RN,02:00:00:00:00:00,"""DDW36527""",1591007602199
sensor_wifi,44:1c:a8:b1:60:36,b57ed6e1-b480-4063-9d33-e29b2d89ef0d,203RN,02:00:00:00:00:00,"""DDW36527""",1591007647338
sensor_wifi,44:1c:a8:b1:60:36,b57ed6e1-b480-4063-9d33-e29b2d89ef0d,203RN,02:00:00:00:00:00,"""DDW36527""",1591007784170
sensor_wifi,44:1c:a8:b1:60:36,b57ed6e1-b480-4063-9d33-e29b2d89ef0d,203RN,02:00:00:00:00:00,"""DDW36527""",1591007967153
sensor_wifi,44:1c:a8:b1:60:36,b57ed6e1-b480-4063-9d33-e29b2d89ef0d,203RN,02:00:00:00:00:00,"""DDW36527""",1591008149168
sensor_wifi,44:1c:a8:b1:60:36,b57ed6e1-b480-4063-9d33-e29b2d89ef0d,203RN,02:00:00:00:00:00,"""DDW36527""",1591008242169
sensor_wifi,44:1c:a8:b1:60:36,b57ed6e1-b480-4063-9d33-e29b2d89ef0d,203RN,02:00:00:00:00:00,"""DDW36527""",1591008302172
sensor_wifi,44:1c:a8:b1:60:36,b57ed6e1-b480-4063-9d33-e29b2d89ef0d,203RN,02:00:00:00:00:00,"""DDW36527""",1591008331177
sensor_wifi,44:1c:a8:b1:60:36,b57ed6e1-b480-4063-9d33-e29b2d89ef0d,203RN,02:00:00:00:00:00,"""DDW36527""",1591008513149
sensor_wifi,44:1c:a8:b1:60:36,b57ed6e1-b480-4063-9d33-e29b2d89ef0d,203RN,02:00:00:00:00:00,"""DDW36527""",1591008601202
sensor_wifi,44:1c:a8:b1:60:36,b57ed6e1-b480-4063-9d33-e29b2d89ef0d,203RN,02:00:00:00:00:00,"""DDW36527""",1591008661176
sensor_wifi,44:1c:a8:b1:60:36,b57ed6e1-b480-4063-9d33-e29b2d89ef0d,203RN,02:00:00:00:00:00,"""DDW36527""",1591008696161
sensor_wifi,44:1c:a8:b1:60:36,b57ed6e1-b480-4063-9d33-e29b2d89ef0d,203RN,02:00:00:00:00:00,"""DDW36527""",1591008879177
sensor_wifi,44:1c:a8:b1:60:36,b57ed6e1-b480-4063-9d33-e29b2d89ef0d,203RN,02:00:00:00:00:00,"""DDW36527""",1591009023201
sensor_wifi,44:1c:a8:b1:60:36,b57ed6e1-b480-4063-9d33-e29b2d89ef0d,203RN,02:00:00:00:00:00,"""DDW36527""",1591009060173
sensor_wifi,44:1c:a8:b1:60:36,b57ed6e1-b480-4063-9d33-e29b2d89ef0d,203RN,02:00:00:00:00:00,"""DDW36527""",1591009088179
sensor_wifi,44:1c:a8:b1:60:36,b57ed6e1-b480-4063-9d33-e29b2d89ef0d,203RN,02:00:00:00:00:00,"""DDW36527""",1591009242265
sensor_wifi,44:1c:a8:b1:60:36,b57ed6e1-b480-4063-9d33-e29b2d89ef0d,203RN,02:00:00:00:00:00,"""DDW36527""",1591009424192
sensor_wifi,44:1c:a8:b1:60:36,b57ed6e1-b480-4063-9d33-e29b2d89ef0d,203RN,02:00:00:00:00:00,"""DDW36527""",1591009606178
sensor_wifi,44:1c:a8:b1:60:36,b57ed6e1-b480-4063-9d33-e29b2d89ef0d,203RN,02:00:00:00:00:00,"""DDW36527""",1591009726171
sensor_wifi,44:1c:a8:b1:60:36,b57ed6e1-b480-4063-9d33-e29b2d89ef0d,203RN,02:00:00:00:00:00,"""DDW36527""",1591010003269
sensor_wifi,44:1c:a8:b1:60:36,b57ed6e1-b480-4063-9d33-e29b2d89ef0d,203RN,02:00:00:00:00:00,"""DDW36527""",1591010104202
sensor_wifi,44:1c:a8:b1:60:36,b57ed6e1-b480-4063-9d33-e29b2d89ef0d,203RN,02:00:00:00:00:00,"""DDW36527""",1591010152174
sensor_wifi,44:1c:a8:b1:60:36,b57ed6e1-b480-4063-9d33-e29b2d89ef0d,203RN,02:00:00:00:00:00,"""DDW36527""",1591010329185
sensor_wifi,44:1c:a8:b1:60:36,b57ed6e1-b480-4063-9d33-e29b2d89ef0d,203RN,02:00:00:00:00:00,"""DDW36527""",1591010554154
sensor_wifi,44:1c:a8:b1:60:36,b57ed6e1-b480-4063-9d33-e29b2d89ef0d,203RN,02:00:00:00:00:00,"""DDW36527""",1591010642179
sensor_wifi,44:1c:a8:b1:60:36,b57ed6e1-b480-4063-9d33-e29b2d89ef0d,203RN,02:00:00:00:00:00,"""DDW36527""",1591010702180
sensor_wifi,44:1c:a8:b1:60:36,b57ed6e1-b480-4063-9d33-e29b2d89ef0d,203RN,02:00:00:00:00:00,"""DDW36527""",1591010707168
sensor_wifi,44:1c:a8:b1:60:36,b57ed6e1-b480-4063-9d33-e29b2d89ef0d,203RN,02:00:00:00:00:00,"""DDW36527""",1591010889185
sensor_wifi,44:1c:a8:b1:60:36,b57ed6e1-b480-4063-9d33-e29b2d89ef0d,203RN,02:00:00:00:00:00,"""DDW36527""",1591010948141
sensor_wifi,44:1c:a8:b1:60:36,b57ed6e1-b480-4063-9d33-e29b2d89ef0d,203RN,02:00:00:00:00:00,"""DDW36527""",1591011063151
sensor_wifi,44:1c:a8:b1:60:36,b57ed6e1-b480-4063-9d33-e29b2d89ef0d,203RN,02:00:00:00:00:00,"""DDW36527""",1591011070479
sensor_wifi,44:1c:a8:b1:60:36,b57ed6e1-b480-4063-9d33-e29b2d89ef0d,203RN,02:00:00:00:00:00,"""DDW36527""",1591011182147
sensor_wifi,44:1c:a8:b1:60:36,b57ed6e1-b480-4063-9d33-e29b2d89ef0d,203RN,02:00:00:00:00:00,"""DDW36527""",1591011242137
sensor_wifi,44:1c:a8:b1:60:36,b57ed6e1-b480-4063-9d33-e29b2d89ef0d,203RN,02:00:00:00:00:00,"""DDW36527""",1591011252208
sensor_wifi,44:1c:a8:b1:60:36,b57ed6e1-b480-4063-9d33-e29b2d89ef0d,203RN,02:00:00:00:00:00,"""DDW36527""",1591011422201
sensor_wifi,44:1c:a8:b1:60:36,b57ed6e1-b480-4063-9d33-e29b2d89ef0d,203RN,02:00:00:00:00:00,"""DDW36527""",1591011437187
sensor_wifi,44:1c:a8:b1:60:36,b57ed6e1-b480-4063-9d33-e29b2d89ef0d,203RN,02:00:00:00:00:00,"""DDW36527""",1591011619133
sensor_wifi,44:1c:a8:b1:60:36,b57ed6e1-b480-4063-9d33-e29b2d89ef0d,203RN,02:00:00:00:00:00,"""DDW36527""",1591011801181
sensor_wifi,44:1c:a8:b1:60:36,b57ed6e1-b480-4063-9d33-e29b2d89ef0d,203RN,02:00:00:00:00:00,"""DDW36527""",1591011904186
sensor_wifi,44:1c:a8:b1:60:36,b57ed6e1-b480-4063-9d33-e29b2d89ef0d,203RN,02:00:00:00:00:00,"""DDW36527""",1591011948156
sensor_wifi,44:1c:a8:b1:60:36,b57ed6e1-b480-4063-9d33-e29b2d89ef0d,203RN,02:00:00:00:00:00,"""DDW36527""",1591011991150
sensor_wifi,44:1c:a8:b1:60:36,b57ed6e1-b480-4063-9d33-e29b2d89ef0d,203RN,02:00:00:00:00:00,"""DDW36527""",1591011995652
sensor_wifi,44:1c:a8:b1:60:36,b57ed6e1-b480-4063-9d33-e29b2d89ef0d,203RN,02:00:00:00:00:00,"""DDW36527""",1591012030600
sensor_wifi,44:1c:a8:b1:60:36,b57ed6e1-b480-4063-9d33-e29b2d89ef0d,203RN,02:00:00:00:00:00,"""DDW36527""",1591012090473
sensor_wifi,44:1c:a8:b1:60:36,b57ed6e1-b480-4063-9d33-e29b2d89ef0d,203RN,02:00:00:00:00:00,"""DDW36527""",1591012150485
sensor_wifi,44:1c:a8:b1:60:36,b57ed6e1-b480-4063-9d33-e29b2d89ef0d,203RN,02:00:00:00:00:00,"""DDW36527""",1591012210484
sensor_wifi,44:1c:a8:b1:60:36,b57ed6e1-b480-4063-9d33-e29b2d89ef0d,203RN,02:00:00:00:00:00,"""DDW36527""",1591012270558
sensor_wifi,44:1c:a8:b1:60:36,b57ed6e1-b480-4063-9d33-e29b2d89ef0d,203RN,02:00:00:00:00:00,"""DDW36527""",1591012330471
sensor_wifi,44:1c:a8:b1:60:36,b57ed6e1-b480-4063-9d33-e29b2d89ef0d,203RN,02:00:00:00:00:00,"""DDW36527""",1591012398026
sensor_wifi,44:1c:a8:b1:60:36,b57ed6e1-b480-4063-9d33-e29b2d89ef0d,203RN,02:00:00:00:00:00,"""DDW36527""",1591012452194
sensor_wifi,44:1c:a8:b1:60:36,b57ed6e1-b480-4063-9d33-e29b2d89ef0d,203RN,02:00:00:00:00:00,"""DDW36527""",1591012511178
sensor_wifi,44:1c:a8:b1:60:36,b57ed6e1-b480-4063-9d33-e29b2d89ef0d,203RN,02:00:00:00:00:00,"""DDW36527""",1591012530210
sensor_wifi,44:1c:a8:b1:60:36,b57ed6e1-b480-4063-9d33-e29b2d89ef0d,203RN,02:00:00:00:00:00,"""DDW36527""",1591012570442
sensor_wifi,44:1c:a8:b1:60:36,b57ed6e1-b480-4063-9d33-e29b2d89ef0d,203RN,02:00:00:00:00:00,"""DDW36527""",1591012632146
sensor_wifi,44:1c:a8:b1:60:36,b57ed6e1-b480-4063-9d33-e29b2d89ef0d,203RN,02:00:00:00:00:00,"""DDW36527""",1591012694149
sensor_wifi,44:1c:a8:b1:60:36,b57ed6e1-b480-4063-9d33-e29b2d89ef0d,203RN,02:00:00:00:00:00,"""DDW36527""",1591012863171
sensor_wifi,44:1c:a8:b1:60:36,b57ed6e1-b480-4063-9d33-e29b2d89ef0d,203RN,02:00:00:00:00:00,"""DDW36527""",1591012923156
sensor_wifi,44:1c:a8:b1:60:36,b57ed6e1-b480-4063-9d33-e29b2d89ef0d,203RN,02:00:00:00:00:00,"""DDW36527""",1591012982755
sensor_wifi,44:1c:a8:b1:60:36,b57ed6e1-b480-4063-9d33-e29b2d89ef0d,203RN,02:00:00:00:00:00,"""DDW36527""",1591013042201
sensor_wifi,44:1c:a8:b1:60:36,b57ed6e1-b480-4063-9d33-e29b2d89ef0d,203RN,02:00:00:00:00:00,"""DDW36527""",1591013046212
sensor_wifi,44:1c:a8:b1:60:36,b57ed6e1-b480-4063-9d33-e29b2d89ef0d,203RN,02:00:00:00:00:00,"""DDW36527""",1591013124771
sensor_wifi,44:1c:a8:b1:60:36,b57ed6e1-b480-4063-9d33-e29b2d89ef0d,203RN,02:00:00:00:00:00,"""DDW36527""",1591013222218
sensor_wifi,44:1c:a8:b1:60:36,b57ed6e1-b480-4063-9d33-e29b2d89ef0d,203RN,02:00:00:00:00:00,"""DDW36527""",1591013346114
sensor_wifi,44:1c:a8:b1:60:36,b57ed6e1-b480-4063-9d33-e29b2d89ef0d,203RN,02:00:00:00:00:00,"""DDW36527""",1591013582165
sensor_wifi,44:1c:a8:b1:60:36,b57ed6e1-b480-4063-9d33-e29b2d89ef0d,203RN,02:00:00:00:00:00,"""DDW36527""",1591013681202
sensor_wifi,44:1c:a8:b1:60:36,b57ed6e1-b480-4063-9d33-e29b2d89ef0d,203RN,02:00:00:00:00:00,"""DDW36527""",1591013708002
sensor_wifi,44:1c:a8:b1:60:36,b57ed6e1-b480-4063-9d33-e29b2d89ef0d,203RN,02:00:00:00:00:00,"""DDW36527""",1591013878634
sensor_wifi,44:1c:a8:b1:60:36,b57ed6e1-b480-4063-9d33-e29b2d89ef0d,203RN,02:00:00:00:00:00,"""DDW36527""",1591013881078
sensor_wifi,44:1c:a8:b1:60:36,b57ed6e1-b480-4063-9d33-e29b2d89ef0d,203RN,02:00:00:00:00:00,"""DDW36527""",1591013884742
sensor_wifi,44:1c:a8:b1:60:36,b57ed6e1-b480-4063-9d33-e29b2d89ef0d,203RN,02:00:00:00:00:00,"""DDW36527""",1591013944624
sensor_wifi,44:1c:a8:b1:60:36,b57ed6e1-b480-4063-9d33-e29b2d89ef0d,203RN,02:00:00:00:00:00,"""DDW36527""",1591014004578
sensor_wifi,44:1c:a8:b1:60:36,b57ed6e1-b480-4063-9d33-e29b2d89ef0d,203RN,02:00:00:00:00:00,"""DDW36527""",1591014064534
sensor_wifi,44:1c:a8:b1:60:36,b57ed6e1-b480-4063-9d33-e29b2d89ef0d,203RN,02:00:00:00:00:00,"""DDW36527""",1591014154030
sensor_wifi,44:1c:a8:b1:60:36,b57ed6e1-b480-4063-9d33-e29b2d89ef0d,203RN,02:00:00:00:00:00,"""DDW36527""",1591014184525
sensor_wifi,44:1c:a8:b1:60:36,b57ed6e1-b480-4063-9d33-e29b2d89ef0d,203RN,02:00:00:00:00:00,"""DDW36527""",1591014244507
sensor_wifi,44:1c:a8:b1:60:36,b57ed6e1-b480-4063-9d33-e29b2d89ef0d,203RN,02:00:00:00:00:00,"""DDW36527""",1591014304565
sensor_wifi,44:1c:a8:b1:60:36,b57ed6e1-b480-4063-9d33-e29b2d89ef0d,203RN,02:00:00:00:00:00,"""DDW36527""",1591014364719
sensor_wifi,44:1c:a8:b1:60:36,b57ed6e1-b480-4063-9d33-e29b2d89ef0d,203RN,02:00:00:00:00:00,"""DDW36527""",1591014424523
sensor_wifi,44:1c:a8:b1:60:36,b57ed6e1-b480-4063-9d33-e29b2d89ef0d,203RN,02:00:00:00:00:00,"""DDW36527""",1591014484503
sensor_wifi,44:1c:a8:b1:60:36,b57ed6e1-b480-4063-9d33-e29b2d89ef0d,203RN,02:00:00:00:00:00,"""DDW36527""",1591014545082
sensor_wifi,44:1c:a8:b1:60:36,b57ed6e1-b480-4063-9d33-e29b2d89ef0d,203RN,02:00:00:00:00:00,"""DDW36527""",1591014607972
sensor_wifi,44:1c:a8:b1:60:36,b57ed6e1-b480-4063-9d33-e29b2d89ef0d,203RN,02:00:00:00:00:00,"""DDW36527""",1591014664208
sensor_wifi,44:1c:a8:b1:60:36,b57ed6e1-b480-4063-9d33-e29b2d89ef0d,203RN,02:00:00:00:00:00,"""DDW36527""",1591014723895
sensor_wifi,44:1c:a8:b1:60:36,b57ed6e1-b480-4063-9d33-e29b2d89ef0d,203RN,02:00:00:00:00:00,"""DDW36527""",1591014783921
sensor_wifi,44:1c:a8:b1:60:36,b57ed6e1-b480-4063-9d33-e29b2d89ef0d,203RN,02:00:00:00:00:00,"""DDW36527""",1591014844195
sensor_wifi,44:1c:a8:b1:60:36,b57ed6e1-b480-4063-9d33-e29b2d89ef0d,203RN,02:00:00:00:00:00,"""DDW36527""",1591015063177
sensor_wifi,44:1c:a8:b1:60:36,b57ed6e1-b480-4063-9d33-e29b2d89ef0d,203RN,02:00:00:00:00:00,"""DDW36527""",1591015123147
sensor_wifi,44:1c:a8:b1:60:36,b57ed6e1-b480-4063-9d33-e29b2d89ef0d,203RN,02:00:00:00:00:00,"""DDW36527""",1591015202202
sensor_wifi,44:1c:a8:b1:60:36,b57ed6e1-b480-4063-9d33-e29b2d89ef0d,203RN,02:00:00:00:00:00,"""DDW36527""",1591015294184
sensor_wifi,44:1c:a8:b1:60:36,b57ed6e1-b480-4063-9d33-e29b2d89ef0d,203RN,02:00:00:00:00:00,"""DDW36527""",1591015506104
sensor_wifi,44:1c:a8:b1:60:36,b57ed6e1-b480-4063-9d33-e29b2d89ef0d,203RN,02:00:00:00:00:00,"""DDW36527""",1591015754801
sensor_wifi,44:1c:a8:b1:60:36,b57ed6e1-b480-4063-9d33-e29b2d89ef0d,203RN,02:00:00:00:00:00,"""DDW36527""",1591015870145
sensor_wifi,44:1c:a8:b1:60:36,b57ed6e1-b480-4063-9d33-e29b2d89ef0d,203RN,02:00:00:00:00:00,"""DDW36527""",1591016052166
sensor_wifi,44:1c:a8:b1:60:36,b57ed6e1-b480-4063-9d33-e29b2d89ef0d,203RN,02:00:00:00:00:00,"""DDW36527""",1591016234175
sensor_wifi,44:1c:a8:b1:60:36,b57ed6e1-b480-4063-9d33-e29b2d89ef0d,203RN,02:00:00:00:00:00,"""DDW36527""",1591016462157
sensor_wifi,44:1c:a8:b1:60:36,b57ed6e1-b480-4063-9d33-e29b2d89ef0d,203RN,02:00:00:00:00:00,"""DDW36527""",1591016466368
sensor_wifi,44:1c:a8:b1:60:36,b57ed6e1-b480-4063-9d33-e29b2d89ef0d,203RN,02:00:00:00:00:00,"""DDW36527""",1591016648149
sensor_wifi,44:1c:a8:b1:60:36,b57ed6e1-b480-4063-9d33-e29b2d89ef0d,203RN,02:00:00:00:00:00,"""DDW36527""",1591016705517
sensor_wifi,44:1c:a8:b1:60:36,b57ed6e1-b480-4063-9d33-e29b2d89ef0d,203RN,02:00:00:00:00:00,"""DDW36527""",1591016830196
sensor_wifi,44:1c:a8:b1:60:36,b57ed6e1-b480-4063-9d33-e29b2d89ef0d,203RN,02:00:00:00:00:00,"""DDW36527""",1591016918195
sensor_wifi,44:1c:a8:b1:60:36,b57ed6e1-b480-4063-9d33-e29b2d89ef0d,203RN,02:00:00:00:00:00,"""DDW36527""",1591016973200
sensor_wifi,44:1c:a8:b1:60:36,b57ed6e1-b480-4063-9d33-e29b2d89ef0d,203RN,02:00:00:00:00:00,"""DDW36527""",1591017012148
sensor_wifi,44:1c:a8:b1:60:36,b57ed6e1-b480-4063-9d33-e29b2d89ef0d,203RN,02:00:00:00:00:00,"""DDW36527""",1591017122260
sensor_wifi,44:1c:a8:b1:60:36,b57ed6e1-b480-4063-9d33-e29b2d89ef0d,203RN,02:00:00:00:00:00,"""DDW36527""",1591017194192
sensor_wifi,44:1c:a8:b1:60:36,b57ed6e1-b480-4063-9d33-e29b2d89ef0d,203RN,02:00:00:00:00:00,"""DDW36527""",1591017531192
sensor_wifi,44:1c:a8:b1:60:36,b57ed6e1-b480-4063-9d33-e29b2d89ef0d,203RN,02:00:00:00:00:00,"""DDW36527""",1591017557112
sensor_wifi,44:1c:a8:b1:60:36,b57ed6e1-b480-4063-9d33-e29b2d89ef0d,203RN,02:00:00:00:00:00,"""DDW36527""",1591017626194
sensor_wifi,44:1c:a8:b1:60:36,b57ed6e1-b480-4063-9d33-e29b2d89ef0d,203RN,02:00:00:00:00:00,"""DDW36527""",1591017740128
sensor_wifi,44:1c:a8:b1:60:36,b57ed6e1-b480-4063-9d33-e29b2d89ef0d,203RN,02:00:00:00:00:00,"""DDW36527""",1591017902181
sensor_wifi,44:1c:a8:b1:60:36,b57ed6e1-b480-4063-9d33-e29b2d89ef0d,203RN,02:00:00:00:00:00,"""DDW36527""",1591017922190
sensor_wifi,44:1c:a8:b1:60:36,b57ed6e1-b480-4063-9d33-e29b2d89ef0d,203RN,02:00:00:00:00:00,"""DDW36527""",1591017965528
sensor_wifi,44:1c:a8:b1:60:36,b57ed6e1-b480-4063-9d33-e29b2d89ef0d,203RN,02:00:00:00:00:00,"""DDW36527""",1591018104143
sensor_wifi,44:1c:a8:b1:60:36,b57ed6e1-b480-4063-9d33-e29b2d89ef0d,203RN,02:00:00:00:00:00,"""DDW36527""",1591018286155
sensor_wifi,44:1c:a8:b1:60:36,b57ed6e1-b480-4063-9d33-e29b2d89ef0d,203RN,02:00:00:00:00:00,"""DDW36527""",1591018468166
sensor_wifi,44:1c:a8:b1:60:36,b57ed6e1-b480-4063-9d33-e29b2d89ef0d,203RN,02:00:00:00:00:00,"""DDW36527""",1591018595156
sensor_wifi,44:1c:a8:b1:60:36,b57ed6e1-b480-4063-9d33-e29b2d89ef0d,203RN,02:00:00:00:00:00,"""DDW36527""",1591018651157
sensor_wifi,44:1c:a8:b1:60:36,b57ed6e1-b480-4063-9d33-e29b2d89ef0d,203RN,02:00:00:00:00:00,"""DDW36527""",1591018726181
sensor_wifi,44:1c:a8:b1:60:36,b57ed6e1-b480-4063-9d33-e29b2d89ef0d,203RN,02:00:00:00:00:00,"""DDW36527""",1591018752147
sensor_wifi,44:1c:a8:b1:60:36,b57ed6e1-b480-4063-9d33-e29b2d89ef0d,203RN,02:00:00:00:00:00,"""DDW36527""",1591018834193
sensor_wifi,44:1c:a8:b1:60:36,b57ed6e1-b480-4063-9d33-e29b2d89ef0d,203RN,02:00:00:00:00:00,"""DDW36527""",1591018885173
sensor_wifi,44:1c:a8:b1:60:36,b57ed6e1-b480-4063-9d33-e29b2d89ef0d,203RN,02:00:00:00:00:00,"""DDW36527""",1591019007273
sensor_wifi,44:1c:a8:b1:60:36,b57ed6e1-b480-4063-9d33-e29b2d89ef0d,203RN,02:00:00:00:00:00,"""DDW36527""",1591019199175
sensor_wifi,44:1c:a8:b1:60:36,b57ed6e1-b480-4063-9d33-e29b2d89ef0d,203RN,02:00:00:00:00:00,"""DDW36527""",1591019325212
sensor_wifi,44:1c:a8:b1:60:36,b57ed6e1-b480-4063-9d33-e29b2d89ef0d,203RN,02:00:00:00:00:00,"""DDW36527""",1591019357811
sensor_wifi,44:1c:a8:b1:60:36,b57ed6e1-b480-4063-9d33-e29b2d89ef0d,203RN,02:00:00:00:00:00,"""DDW36527""",1591019440582
sensor_wifi,44:1c:a8:b1:60:36,b57ed6e1-b480-4063-9d33-e29b2d89ef0d,203RN,02:00:00:00:00:00,"""DDW36527""",1591019441725
sensor_wifi,44:1c:a8:b1:60:36,b57ed6e1-b480-4063-9d33-e29b2d89ef0d,203RN,02:00:00:00:00:00,"""DDW36527""",1591019469635
sensor_wifi,44:1c:a8:b1:60:36,b57ed6e1-b480-4063-9d33-e29b2d89ef0d,203RN,02:00:00:00:00:00,"""DDW36527""",1591019529477
sensor_wifi,44:1c:a8:b1:60:36,b57ed6e1-b480-4063-9d33-e29b2d89ef0d,203RN,02:00:00:00:00:00,"""DDW36527""",1591019589474
sensor_wifi,44:1c:a8:b1:60:36,b57ed6e1-b480-4063-9d33-e29b2d89ef0d,203RN,02:00:00:00:00:00,"""DDW36527""",1591019649495
sensor_wifi,44:1c:a8:b1:60:36,b57ed6e1-b480-4063-9d33-e29b2d89ef0d,203RN,02:00:00:00:00:00,"""DDW36527""",1591019709465
sensor_wifi,44:1c:a8:b1:60:36,b57ed6e1-b480-4063-9d33-e29b2d89ef0d,203RN,02:00:00:00:00:00,"""DDW36527""",1591019769449
sensor_wifi,44:1c:a8:b1:60:36,b57ed6e1-b480-4063-9d33-e29b2d89ef0d,203RN,02:00:00:00:00:00,"""DDW36527""",1591019829476
sensor_wifi,44:1c:a8:b1:60:36,b57ed6e1-b480-4063-9d33-e29b2d89ef0d,203RN,02:00:00:00:00:00,"""DDW36527""",1591019889483
sensor_wifi,44:1c:a8:b1:60:36,b57ed6e1-b480-4063-9d33-e29b2d89ef0d,203RN,02:00:00:00:00:00,"""DDW36527""",1591019949664
sensor_wifi,44:1c:a8:b1:60:36,b57ed6e1-b480-4063-9d33-e29b2d89ef0d,203RN,02:00:00:00:00:00,"""DDW36527""",1591020010136
sensor_wifi,44:1c:a8:b1:60:36,b57ed6e1-b480-4063-9d33-e29b2d89ef0d,203RN,02:00:00:00:00:00,"""DDW36527""",1591020065745
sensor_wifi,44:1c:a8:b1:60:36,b57ed6e1-b480-4063-9d33-e29b2d89ef0d,203RN,02:00:00:00:00:00,"""DDW36527""",1591020125653
sensor_wifi,44:1c:a8:b1:60:36,b57ed6e1-b480-4063-9d33-e29b2d89ef0d,203RN,02:00:00:00:00:00,"""DDW36527""",1591020185625
sensor_wifi,44:1c:a8:b1:60:36,b57ed6e1-b480-4063-9d33-e29b2d89ef0d,203RN,02:00:00:00:00:00,"""DDW36527""",1591020245628
sensor_wifi,44:1c:a8:b1:60:36,b57ed6e1-b480-4063-9d33-e29b2d89ef0d,203RN,02:00:00:00:00:00,"""DDW36527""",1591020305894
sensor_wifi,44:1c:a8:b1:60:36,b57ed6e1-b480-4063-9d33-e29b2d89ef0d,203RN,02:00:00:00:00:00,"""DDW36527""",1591020366239
sensor_wifi,44:1c:a8:b1:60:36,b57ed6e1-b480-4063-9d33-e29b2d89ef0d,203RN,02:00:00:00:00:00,"""DDW36527""",1591020425604
sensor_wifi,44:1c:a8:b1:60:36,b57ed6e1-b480-4063-9d33-e29b2d89ef0d,203RN,02:00:00:00:00:00,"""DDW36527""",1591020485606
sensor_wifi,44:1c:a8:b1:60:36,b57ed6e1-b480-4063-9d33-e29b2d89ef0d,203RN,02:00:00:00:00:00,"""DDW36527""",1591020545621
sensor_wifi,44:1c:a8:b1:60:36,b57ed6e1-b480-4063-9d33-e29b2d89ef0d,203RN,02:00:00:00:00:00,"""DDW36527""",1591020606217
sensor_wifi,44:1c:a8:b1:60:36,b57ed6e1-b480-4063-9d33-e29b2d89ef0d,203RN,02:00:00:00:00:00,"""DDW36527""",1591020665637
sensor_wifi,00:00:00:00:00:00,b57ed6e1-b480-4063-9d33-e29b2d89ef0d,203RN,02:00:00:00:00:00,<unknown ssid>,1591020719446
sensor_wifi,44:1c:a8:b1:60:36,b57ed6e1-b480-4063-9d33-e29b2d89ef0d,203RN,02:00:00:00:00:00,"""DDW36527""",1591020725590
sensor_wifi,44:1c:a8:b1:60:36,b57ed6e1-b480-4063-9d33-e29b2d89ef0d,203RN,02:00:00:00:00:00,"""DDW36527""",1591020785619
sensor_wifi,44:1c:a8:b1:60:36,b57ed6e1-b480-4063-9d33-e29b2d89ef0d,203RN,02:00:00:00:00:00,"""DDW36527""",1591020845609
sensor_wifi,44:1c:a8:b1:60:36,b57ed6e1-b480-4063-9d33-e29b2d89ef0d,203RN,02:00:00:00:00:00,"""DDW36527""",1591020905633
sensor_wifi,44:1c:a8:b1:60:36,b57ed6e1-b480-4063-9d33-e29b2d89ef0d,203RN,02:00:00:00:00:00,"""DDW36527""",1591020965702
sensor_wifi,44:1c:a8:b1:60:36,b57ed6e1-b480-4063-9d33-e29b2d89ef0d,203RN,02:00:00:00:00:00,"""DDW36527""",1591021025612
sensor_wifi,44:1c:a8:b1:60:36,b57ed6e1-b480-4063-9d33-e29b2d89ef0d,203RN,02:00:00:00:00:00,"""DDW36527""",1591021085572
sensor_wifi,44:1c:a8:b1:60:36,b57ed6e1-b480-4063-9d33-e29b2d89ef0d,203RN,02:00:00:00:00:00,"""DDW36527""",1591021152788
sensor_wifi,44:1c:a8:b1:60:36,b57ed6e1-b480-4063-9d33-e29b2d89ef0d,203RN,02:00:00:00:00:00,"""DDW36527""",1591021206096
sensor_wifi,44:1c:a8:b1:60:36,b57ed6e1-b480-4063-9d33-e29b2d89ef0d,203RN,02:00:00:00:00:00,"""DDW36527""",1591021265893
sensor_wifi,44:1c:a8:b1:60:36,b57ed6e1-b480-4063-9d33-e29b2d89ef0d,203RN,02:00:00:00:00:00,"""DDW36527""",1591021325666
sensor_wifi,44:1c:a8:b1:60:36,b57ed6e1-b480-4063-9d33-e29b2d89ef0d,203RN,02:00:00:00:00:00,"""DDW36527""",1591021386067
sensor_wifi,44:1c:a8:b1:60:36,b57ed6e1-b480-4063-9d33-e29b2d89ef0d,203RN,02:00:00:00:00:00,"""DDW36527""",1591021445787
sensor_wifi,44:1c:a8:b1:60:36,b57ed6e1-b480-4063-9d33-e29b2d89ef0d,203RN,02:00:00:00:00:00,"""DDW36527""",1591021505833
sensor_wifi,44:1c:a8:b1:60:36,b57ed6e1-b480-4063-9d33-e29b2d89ef0d,203RN,02:00:00:00:00:00,"""DDW36527""",1591021566004
sensor_wifi,44:1c:a8:b1:60:36,b57ed6e1-b480-4063-9d33-e29b2d89ef0d,203RN,02:00:00:00:00:00,"""DDW36527""",1591021625627
sensor_wifi,44:1c:a8:b1:60:36,b57ed6e1-b480-4063-9d33-e29b2d89ef0d,203RN,02:00:00:00:00:00,"""DDW36527""",1591021685817
sensor_wifi,44:1c:a8:b1:60:36,b57ed6e1-b480-4063-9d33-e29b2d89ef0d,203RN,02:00:00:00:00:00,"""DDW36527""",1591021745916
sensor_wifi,44:1c:a8:b1:60:36,b57ed6e1-b480-4063-9d33-e29b2d89ef0d,203RN,02:00:00:00:00:00,"""DDW36527""",1591021804435
sensor_wifi,44:1c:a8:b1:60:36,b57ed6e1-b480-4063-9d33-e29b2d89ef0d,203RN,02:00:00:00:00:00,"""DDW36527""",1591021864803
sensor_wifi,44:1c:a8:b1:60:36,b57ed6e1-b480-4063-9d33-e29b2d89ef0d,203RN,02:00:00:00:00:00,"""DDW36527""",1591021924684
sensor_wifi,44:1c:a8:b1:60:36,b57ed6e1-b480-4063-9d33-e29b2d89ef0d,203RN,02:00:00:00:00:00,"""DDW36527""",1591021985215
sensor_wifi,44:1c:a8:b1:60:36,b57ed6e1-b480-4063-9d33-e29b2d89ef0d,203RN,02:00:00:00:00:00,"""DDW36527""",1591022045256
sensor_wifi,44:1c:a8:b1:60:36,b57ed6e1-b480-4063-9d33-e29b2d89ef0d,203RN,02:00:00:00:00:00,"""DDW36527""",1591022104407
sensor_wifi,44:1c:a8:b1:60:36,b57ed6e1-b480-4063-9d33-e29b2d89ef0d,203RN,02:00:00:00:00:00,"""DDW36527""",1591022167155
sensor_wifi,44:1c:a8:b1:60:36,b57ed6e1-b480-4063-9d33-e29b2d89ef0d,203RN,02:00:00:00:00:00,"""DDW36527""",1591022224934
sensor_wifi,44:1c:a8:b1:60:36,b57ed6e1-b480-4063-9d33-e29b2d89ef0d,203RN,02:00:00:00:00:00,"""DDW36527""",1591022284601
sensor_wifi,44:1c:a8:b1:60:36,b57ed6e1-b480-4063-9d33-e29b2d89ef0d,203RN,02:00:00:00:00:00,"""DDW36527""",1591022344860
sensor_wifi,44:1c:a8:b1:60:36,b57ed6e1-b480-4063-9d33-e29b2d89ef0d,203RN,02:00:00:00:00:00,"""DDW36527""",1591022405621
sensor_wifi,44:1c:a8:b1:60:36,b57ed6e1-b480-4063-9d33-e29b2d89ef0d,203RN,02:00:00:00:00:00,"""DDW36527""",1591022471697
sensor_wifi,44:1c:a8:b1:60:36,b57ed6e1-b480-4063-9d33-e29b2d89ef0d,203RN,02:00:00:00:00:00,"""DDW36527""",1591022542142
sensor_wifi,44:1c:a8:b1:60:36,b57ed6e1-b480-4063-9d33-e29b2d89ef0d,203RN,02:00:00:00:00:00,"""DDW36527""",1591022641148
sensor_wifi,44:1c:a8:b1:60:36,b57ed6e1-b480-4063-9d33-e29b2d89ef0d,203RN,02:00:00:00:00:00,"""DDW36527""",1591022760166
sensor_wifi,44:1c:a8:b1:60:36,b57ed6e1-b480-4063-9d33-e29b2d89ef0d,203RN,02:00:00:00:00:00,"""DDW36527""",1591022821176
sensor_wifi,44:1c:a8:b1:60:36,b57ed6e1-b480-4063-9d33-e29b2d89ef0d,203RN,02:00:00:00:00:00,"""DDW36527""",1591022880172
sensor_wifi,44:1c:a8:b1:60:36,b57ed6e1-b480-4063-9d33-e29b2d89ef0d,203RN,02:00:00:00:00:00,"""DDW36527""",1591022928366
sensor_wifi,44:1c:a8:b1:60:36,b57ed6e1-b480-4063-9d33-e29b2d89ef0d,203RN,02:00:00:00:00:00,"""DDW36527""",1591023061158
sensor_wifi,44:1c:a8:b1:60:36,b57ed6e1-b480-4063-9d33-e29b2d89ef0d,203RN,02:00:00:00:00:00,"""DDW36527""",1591023067140
sensor_wifi,44:1c:a8:b1:60:36,b57ed6e1-b480-4063-9d33-e29b2d89ef0d,203RN,02:00:00:00:00:00,"""DDW36527""",1591023181194
sensor_wifi,44:1c:a8:b1:60:36,b57ed6e1-b480-4063-9d33-e29b2d89ef0d,203RN,02:00:00:00:00:00,"""DDW36527""",1591023242145
sensor_wifi,44:1c:a8:b1:60:36,b57ed6e1-b480-4063-9d33-e29b2d89ef0d,203RN,02:00:00:00:00:00,"""DDW36527""",1591023248189
sensor_wifi,44:1c:a8:b1:60:36,b57ed6e1-b480-4063-9d33-e29b2d89ef0d,203RN,02:00:00:00:00:00,"""DDW36527""",1591023386230
sensor_wifi,44:1c:a8:b1:60:36,b57ed6e1-b480-4063-9d33-e29b2d89ef0d,203RN,02:00:00:00:00:00,"""DDW36527""",1591023430210
sensor_wifi,44:1c:a8:b1:60:36,b57ed6e1-b480-4063-9d33-e29b2d89ef0d,203RN,02:00:00:00:00:00,"""DDW36527""",1591023528355
sensor_wifi,44:1c:a8:b1:60:36,b57ed6e1-b480-4063-9d33-e29b2d89ef0d,203RN,02:00:00:00:00:00,"""DDW36527""",1591023548157
sensor_wifi,44:1c:a8:b1:60:36,b57ed6e1-b480-4063-9d33-e29b2d89ef0d,203RN,02:00:00:00:00:00,"""DDW36527""",1591023613183
sensor_wifi,44:1c:a8:b1:60:36,b57ed6e1-b480-4063-9d33-e29b2d89ef0d,203RN,02:00:00:00:00:00,"""DDW36527""",1591023722153
sensor_wifi,44:1c:a8:b1:60:36,b57ed6e1-b480-4063-9d33-e29b2d89ef0d,203RN,02:00:00:00:00:00,"""DDW36527""",1591023782156
sensor_wifi,44:1c:a8:b1:60:36,b57ed6e1-b480-4063-9d33-e29b2d89ef0d,203RN,02:00:00:00:00:00,"""DDW36527""",1591023795193
sensor_wifi,44:1c:a8:b1:60:36,b57ed6e1-b480-4063-9d33-e29b2d89ef0d,203RN,02:00:00:00:00:00,"""DDW36527""",1591023978171
sensor_wifi,44:1c:a8:b1:60:36,b57ed6e1-b480-4063-9d33-e29b2d89ef0d,203RN,02:00:00:00:00:00,"""DDW36527""",1591024083197
sensor_wifi,44:1c:a8:b1:60:36,b57ed6e1-b480-4063-9d33-e29b2d89ef0d,203RN,02:00:00:00:00:00,"""DDW36527""",1591024142151
sensor_wifi,44:1c:a8:b1:60:36,b57ed6e1-b480-4063-9d33-e29b2d89ef0d,203RN,02:00:00:00:00:00,"""DDW36527""",1591024159150
sensor_wifi,44:1c:a8:b1:60:36,b57ed6e1-b480-4063-9d33-e29b2d89ef0d,203RN,02:00:00:00:00:00,"""DDW36527""",1591024234318
sensor_wifi,44:1c:a8:b1:60:36,b57ed6e1-b480-4063-9d33-e29b2d89ef0d,203RN,02:00:00:00:00:00,"""DDW36527""",1591024237794
sensor_wifi,44:1c:a8:b1:60:36,b57ed6e1-b480-4063-9d33-e29b2d89ef0d,203RN,02:00:00:00:00:00,"""DDW36527""",1591024264643
sensor_wifi,44:1c:a8:b1:60:36,b57ed6e1-b480-4063-9d33-e29b2d89ef0d,203RN,02:00:00:00:00:00,"""DDW36527""",1591024324495
sensor_wifi,44:1c:a8:b1:60:36,b57ed6e1-b480-4063-9d33-e29b2d89ef0d,203RN,02:00:00:00:00:00,"""DDW36527""",1591024384402
sensor_wifi,44:1c:a8:b1:60:36,b57ed6e1-b480-4063-9d33-e29b2d89ef0d,203RN,02:00:00:00:00:00,"""DDW36527""",1591024444428
sensor_wifi,44:1c:a8:b1:60:36,b57ed6e1-b480-4063-9d33-e29b2d89ef0d,203RN,02:00:00:00:00:00,"""DDW36527""",1591024529060
sensor_wifi,44:1c:a8:b1:60:36,b57ed6e1-b480-4063-9d33-e29b2d89ef0d,203RN,02:00:00:00:00:00,"""DDW36527""",1591024564394
sensor_wifi,44:1c:a8:b1:60:36,b57ed6e1-b480-4063-9d33-e29b2d89ef0d,203RN,02:00:00:00:00:00,"""DDW36527""",1591024624431
sensor_wifi,44:1c:a8:b1:60:36,b57ed6e1-b480-4063-9d33-e29b2d89ef0d,203RN,02:00:00:00:00:00,"""DDW36527""",1591024687685
sensor_wifi,44:1c:a8:b1:60:36,b57ed6e1-b480-4063-9d33-e29b2d89ef0d,203RN,02:00:00:00:00:00,"""DDW36527""",1591024744498
sensor_wifi,44:1c:a8:b1:60:36,b57ed6e1-b480-4063-9d33-e29b2d89ef0d,203RN,02:00:00:00:00:00,"""DDW36527""",1591024804380
sensor_wifi,44:1c:a8:b1:60:36,b57ed6e1-b480-4063-9d33-e29b2d89ef0d,203RN,02:00:00:00:00:00,"""DDW36527""",1591024864456
sensor_wifi,44:1c:a8:b1:60:36,b57ed6e1-b480-4063-9d33-e29b2d89ef0d,203RN,02:00:00:00:00:00,"""DDW36527""",1591024924411
sensor_wifi,44:1c:a8:b1:60:36,b57ed6e1-b480-4063-9d33-e29b2d89ef0d,203RN,02:00:00:00:00:00,"""DDW36527""",1591024984402
sensor_wifi,44:1c:a8:b1:60:36,b57ed6e1-b480-4063-9d33-e29b2d89ef0d,203RN,02:00:00:00:00:00,"""DDW36527""",1591025044450
sensor_wifi,44:1c:a8:b1:60:36,b57ed6e1-b480-4063-9d33-e29b2d89ef0d,203RN,02:00:00:00:00:00,"""DDW36527""",1591025104400
sensor_wifi,44:1c:a8:b1:60:36,b57ed6e1-b480-4063-9d33-e29b2d89ef0d,203RN,02:00:00:00:00:00,"""DDW36527""",1591025164445
sensor_wifi,44:1c:a8:b1:60:36,b57ed6e1-b480-4063-9d33-e29b2d89ef0d,203RN,02:00:00:00:00:00,"""DDW36527""",1591025224455
sensor_wifi,44:1c:a8:b1:60:36,b57ed6e1-b480-4063-9d33-e29b2d89ef0d,203RN,02:00:00:00:00:00,"""DDW36527""",1591025284397
sensor_wifi,44:1c:a8:b1:60:36,b57ed6e1-b480-4063-9d33-e29b2d89ef0d,203RN,02:00:00:00:00:00,"""DDW36527""",1591025344397
sensor_wifi,44:1c:a8:b1:60:36,b57ed6e1-b480-4063-9d33-e29b2d89ef0d,203RN,02:00:00:00:00:00,"""DDW36527""",1591025408230
sensor_wifi,44:1c:a8:b1:60:36,b57ed6e1-b480-4063-9d33-e29b2d89ef0d,203RN,02:00:00:00:00:00,"""DDW36527""",1591025455296
sensor_wifi,44:1c:a8:b1:60:36,b57ed6e1-b480-4063-9d33-e29b2d89ef0d,203RN,02:00:00:00:00:00,"""DDW36527""",1591025467671
sensor_wifi,44:1c:a8:b1:60:36,b57ed6e1-b480-4063-9d33-e29b2d89ef0d,203RN,02:00:00:00:00:00,"""DDW36527""",1591025524346
sensor_wifi,44:1c:a8:b1:60:36,b57ed6e1-b480-4063-9d33-e29b2d89ef0d,203RN,02:00:00:00:00:00,"""DDW36527""",1591025584225
sensor_wifi,44:1c:a8:b1:60:36,b57ed6e1-b480-4063-9d33-e29b2d89ef0d,203RN,02:00:00:00:00:00,"""DDW36527""",1591025644247
sensor_wifi,44:1c:a8:b1:60:36,b57ed6e1-b480-4063-9d33-e29b2d89ef0d,203RN,02:00:00:00:00:00,"""DDW36527""",1591025704196
sensor_wifi,44:1c:a8:b1:60:36,b57ed6e1-b480-4063-9d33-e29b2d89ef0d,203RN,02:00:00:00:00:00,"""DDW36527""",1591025764226
sensor_wifi,44:1c:a8:b1:60:36,b57ed6e1-b480-4063-9d33-e29b2d89ef0d,203RN,02:00:00:00:00:00,"""DDW36527""",1591025824213
sensor_wifi,44:1c:a8:b1:60:36,b57ed6e1-b480-4063-9d33-e29b2d89ef0d,203RN,02:00:00:00:00:00,"""DDW36527""",1591025887263
sensor_wifi,44:1c:a8:b1:60:36,b57ed6e1-b480-4063-9d33-e29b2d89ef0d,203RN,02:00:00:00:00:00,"""DDW36527""",1591025944237
sensor_wifi,44:1c:a8:b1:60:36,b57ed6e1-b480-4063-9d33-e29b2d89ef0d,203RN,02:00:00:00:00:00,"""DDW36527""",1591026004308
sensor_wifi,44:1c:a8:b1:60:36,b57ed6e1-b480-4063-9d33-e29b2d89ef0d,203RN,02:00:00:00:00:00,"""DDW36527""",1591026064211
sensor_wifi,44:1c:a8:b1:60:36,b57ed6e1-b480-4063-9d33-e29b2d89ef0d,203RN,02:00:00:00:00:00,"""DDW36527""",1591026124228
sensor_wifi,44:1c:a8:b1:60:36,b57ed6e1-b480-4063-9d33-e29b2d89ef0d,203RN,02:00:00:00:00:00,"""DDW36527""",1591026184304
sensor_wifi,44:1c:a8:b1:60:36,b57ed6e1-b480-4063-9d33-e29b2d89ef0d,203RN,02:00:00:00:00:00,"""DDW36527""",1591026244248
sensor_wifi,44:1c:a8:b1:60:36,b57ed6e1-b480-4063-9d33-e29b2d89ef0d,203RN,02:00:00:00:00:00,"""DDW36527""",1591026304257
sensor_wifi,44:1c:a8:b1:60:36,b57ed6e1-b480-4063-9d33-e29b2d89ef0d,203RN,02:00:00:00:00:00,"""DDW36527""",1591026347423
sensor_wifi,44:1c:a8:b1:60:36,b57ed6e1-b480-4063-9d33-e29b2d89ef0d,203RN,02:00:00:00:00:00,"""DDW36527""",1591026364372
sensor_wifi,44:1c:a8:b1:60:36,b57ed6e1-b480-4063-9d33-e29b2d89ef0d,203RN,02:00:00:00:00:00,"""DDW36527""",1591026377703
sensor_wifi,44:1c:a8:b1:60:36,b57ed6e1-b480-4063-9d33-e29b2d89ef0d,203RN,02:00:00:00:00:00,"""DDW36527""",1591026426823
sensor_wifi,44:1c:a8:b1:60:36,b57ed6e1-b480-4063-9d33-e29b2d89ef0d,203RN,02:00:00:00:00:00,"""DDW36527""",1591026484201
sensor_wifi,44:1c:a8:b1:60:36,b57ed6e1-b480-4063-9d33-e29b2d89ef0d,203RN,02:00:00:00:00:00,"""DDW36527""",1591026487230
sensor_wifi,44:1c:a8:b1:60:36,b57ed6e1-b480-4063-9d33-e29b2d89ef0d,203RN,02:00:00:00:00:00,"""DDW36527""",1591026544408
sensor_wifi,44:1c:a8:b1:60:36,b57ed6e1-b480-4063-9d33-e29b2d89ef0d,203RN,02:00:00:00:00:00,"""DDW36527""",1591026604184
sensor_wifi,44:1c:a8:b1:60:36,b57ed6e1-b480-4063-9d33-e29b2d89ef0d,203RN,02:00:00:00:00:00,"""DDW36527""",1591026664206
sensor_wifi,44:1c:a8:b1:60:36,b57ed6e1-b480-4063-9d33-e29b2d89ef0d,203RN,02:00:00:00:00:00,"""DDW36527""",1591026724206
sensor_wifi,44:1c:a8:b1:60:36,b57ed6e1-b480-4063-9d33-e29b2d89ef0d,203RN,02:00:00:00:00:00,"""DDW36527""",1591026800653
sensor_wifi,44:1c:a8:b1:60:36,b57ed6e1-b480-4063-9d33-e29b2d89ef0d,203RN,02:00:00:00:00:00,"""DDW36527""",1591026844219
sensor_wifi,44:1c:a8:b1:60:36,b57ed6e1-b480-4063-9d33-e29b2d89ef0d,203RN,02:00:00:00:00:00,"""DDW36527""",1591026904184
sensor_wifi,44:1c:a8:b1:60:36,b57ed6e1-b480-4063-9d33-e29b2d89ef0d,203RN,02:00:00:00:00:00,"""DDW36527""",1591026964200
sensor_wifi,44:1c:a8:b1:60:36,b57ed6e1-b480-4063-9d33-e29b2d89ef0d,203RN,02:00:00:00:00:00,"""DDW36527""",1591027010093
sensor_wifi,44:1c:a8:b1:60:36,b57ed6e1-b480-4063-9d33-e29b2d89ef0d,203RN,02:00:00:00:00:00,"""DDW36527""",1591027024449
sensor_wifi,44:1c:a8:b1:60:36,b57ed6e1-b480-4063-9d33-e29b2d89ef0d,203RN,02:00:00:00:00:00,"""DDW36527""",1591027084200
sensor_wifi,44:1c:a8:b1:60:36,b57ed6e1-b480-4063-9d33-e29b2d89ef0d,203RN,02:00:00:00:00:00,"""DDW36527""",1591027144242
sensor_wifi,44:1c:a8:b1:60:36,b57ed6e1-b480-4063-9d33-e29b2d89ef0d,203RN,02:00:00:00:00:00,"""DDW36527""",1591027207664
sensor_wifi,44:1c:a8:b1:60:36,b57ed6e1-b480-4063-9d33-e29b2d89ef0d,203RN,02:00:00:00:00:00,"""DDW36527""",1591027263631
sensor_wifi,44:1c:a8:b1:60:36,b57ed6e1-b480-4063-9d33-e29b2d89ef0d,203RN,02:00:00:00:00:00,"""DDW36527""",1591027323667
sensor_wifi,44:1c:a8:b1:60:36,b57ed6e1-b480-4063-9d33-e29b2d89ef0d,203RN,02:00:00:00:00:00,"""DDW36527""",1591027383633
sensor_wifi,44:1c:a8:b1:60:36,b57ed6e1-b480-4063-9d33-e29b2d89ef0d,203RN,02:00:00:00:00:00,"""DDW36527""",1591027443602
sensor_wifi,44:1c:a8:b1:60:36,b57ed6e1-b480-4063-9d33-e29b2d89ef0d,203RN,02:00:00:00:00:00,"""DDW36527""",1591027503812
sensor_wifi,44:1c:a8:b1:60:36,b57ed6e1-b480-4063-9d33-e29b2d89ef0d,203RN,02:00:00:00:00:00,"""DDW36527""",1591027563858
sensor_wifi,44:1c:a8:b1:60:36,b57ed6e1-b480-4063-9d33-e29b2d89ef0d,203RN,02:00:00:00:00:00,"""DDW36527""",1591027623860
sensor_wifi,44:1c:a8:b1:60:36,b57ed6e1-b480-4063-9d33-e29b2d89ef0d,203RN,02:00:00:00:00:00,"""DDW36527""",1591027683609
sensor_wifi,44:1c:a8:b1:60:36,b57ed6e1-b480-4063-9d33-e29b2d89ef0d,203RN,02:00:00:00:00:00,"""DDW36527""",1591027744076
sensor_wifi,44:1c:a8:b1:60:36,b57ed6e1-b480-4063-9d33-e29b2d89ef0d,203RN,02:00:00:00:00:00,"""DDW36527""",1591027804135
sensor_wifi,44:1c:a8:b1:60:36,b57ed6e1-b480-4063-9d33-e29b2d89ef0d,203RN,02:00:00:00:00:00,"""DDW36527""",1591027863650
sensor_wifi,44:1c:a8:b1:60:36,b57ed6e1-b480-4063-9d33-e29b2d89ef0d,203RN,02:00:00:00:00:00,"""DDW36527""",1591027923634
sensor_wifi,44:1c:a8:b1:60:36,b57ed6e1-b480-4063-9d33-e29b2d89ef0d,203RN,02:00:00:00:00:00,"""DDW36527""",1591027983610
sensor_wifi,44:1c:a8:b1:60:36,b57ed6e1-b480-4063-9d33-e29b2d89ef0d,203RN,02:00:00:00:00:00,"""DDW36527""",1591028043616
sensor_wifi,44:1c:a8:b1:60:36,b57ed6e1-b480-4063-9d33-e29b2d89ef0d,203RN,02:00:00:00:00:00,"""DDW36527""",1591028111612
sensor_wifi,44:1c:a8:b1:60:36,b57ed6e1-b480-4063-9d33-e29b2d89ef0d,203RN,02:00:00:00:00:00,"""DDW36527""",1591028159544
sensor_wifi,44:1c:a8:b1:60:36,b57ed6e1-b480-4063-9d33-e29b2d89ef0d,203RN,02:00:00:00:00:00,"""DDW36527""",1591028165215
sensor_wifi,44:1c:a8:b1:60:36,b57ed6e1-b480-4063-9d33-e29b2d89ef0d,203RN,02:00:00:00:00:00,"""DDW36527""",1591028223626
sensor_wifi,44:1c:a8:b1:60:36,b57ed6e1-b480-4063-9d33-e29b2d89ef0d,203RN,02:00:00:00:00:00,"""DDW36527""",1591028283602
sensor_wifi,44:1c:a8:b1:60:36,b57ed6e1-b480-4063-9d33-e29b2d89ef0d,203RN,02:00:00:00:00:00,"""DDW36527""",1591028343586
sensor_wifi,44:1c:a8:b1:60:36,b57ed6e1-b480-4063-9d33-e29b2d89ef0d,203RN,02:00:00:00:00:00,"""DDW36527""",1591028406727
sensor_wifi,44:1c:a8:b1:60:36,b57ed6e1-b480-4063-9d33-e29b2d89ef0d,203RN,02:00:00:00:00:00,"""DDW36527""",1591028463623
sensor_wifi,44:1c:a8:b1:60:36,b57ed6e1-b480-4063-9d33-e29b2d89ef0d,203RN,02:00:00:00:00:00,"""DDW36527""",1591028523605
sensor_wifi,44:1c:a8:b1:60:36,b57ed6e1-b480-4063-9d33-e29b2d89ef0d,203RN,02:00:00:00:00:00,"""DDW36527""",1591028599495
sensor_wifi,44:1c:a8:b1:60:36,b57ed6e1-b480-4063-9d33-e29b2d89ef0d,203RN,02:00:00:00:00:00,"""DDW36527""",1591028643612
sensor_wifi,44:1c:a8:b1:60:36,b57ed6e1-b480-4063-9d33-e29b2d89ef0d,203RN,02:00:00:00:00:00,"""DDW36527""",1591028703629
sensor_wifi,44:1c:a8:b1:60:36,b57ed6e1-b480-4063-9d33-e29b2d89ef0d,203RN,02:00:00:00:00:00,"""DDW36527""",1591028763633
sensor_wifi,44:1c:a8:b1:60:36,b57ed6e1-b480-4063-9d33-e29b2d89ef0d,203RN,02:00:00:00:00:00,"""DDW36527""",1591028823596
sensor_wifi,44:1c:a8:b1:60:36,b57ed6e1-b480-4063-9d33-e29b2d89ef0d,203RN,02:00:00:00:00:00,"""DDW36527""",1591028883639
sensor_wifi,44:1c:a8:b1:60:36,b57ed6e1-b480-4063-9d33-e29b2d89ef0d,203RN,02:00:00:00:00:00,"""DDW36527""",1591028943663
sensor_wifi,44:1c:a8:b1:60:36,b57ed6e1-b480-4063-9d33-e29b2d89ef0d,203RN,02:00:00:00:00:00,"""DDW36527""",1591029007480
sensor_wifi,44:1c:a8:b1:60:36,b57ed6e1-b480-4063-9d33-e29b2d89ef0d,203RN,02:00:00:00:00:00,"""DDW36527""",1591029063453
sensor_wifi,44:1c:a8:b1:60:36,b57ed6e1-b480-4063-9d33-e29b2d89ef0d,203RN,02:00:00:00:00:00,"""DDW36527""",1591029123573
sensor_wifi,44:1c:a8:b1:60:36,b57ed6e1-b480-4063-9d33-e29b2d89ef0d,203RN,02:00:00:00:00:00,"""DDW36527""",1591029183471
sensor_wifi,44:1c:a8:b1:60:36,b57ed6e1-b480-4063-9d33-e29b2d89ef0d,203RN,02:00:00:00:00:00,"""DDW36527""",1591029243478
sensor_wifi,44:1c:a8:b1:60:36,b57ed6e1-b480-4063-9d33-e29b2d89ef0d,203RN,02:00:00:00:00:00,"""DDW36527""",1591029303459
sensor_wifi,44:1c:a8:b1:60:36,b57ed6e1-b480-4063-9d33-e29b2d89ef0d,203RN,02:00:00:00:00:00,"""DDW36527""",1591029363480
sensor_wifi,44:1c:a8:b1:60:36,b57ed6e1-b480-4063-9d33-e29b2d89ef0d,203RN,02:00:00:00:00:00,"""DDW36527""",1591029423460
sensor_wifi,44:1c:a8:b1:60:36,b57ed6e1-b480-4063-9d33-e29b2d89ef0d,203RN,02:00:00:00:00:00,"""DDW36527""",1591029483491
sensor_wifi,44:1c:a8:b1:60:36,b57ed6e1-b480-4063-9d33-e29b2d89ef0d,203RN,02:00:00:00:00:00,"""DDW36527""",1591029543465
sensor_wifi,44:1c:a8:b1:60:36,b57ed6e1-b480-4063-9d33-e29b2d89ef0d,203RN,02:00:00:00:00:00,"""DDW36527""",1591029603477
sensor_wifi,44:1c:a8:b1:60:36,b57ed6e1-b480-4063-9d33-e29b2d89ef0d,203RN,02:00:00:00:00:00,"""DDW36527""",1591029666790
sensor_wifi,44:1c:a8:b1:60:36,b57ed6e1-b480-4063-9d33-e29b2d89ef0d,203RN,02:00:00:00:00:00,"""DDW36527""",1591029723483
sensor_wifi,44:1c:a8:b1:60:36,b57ed6e1-b480-4063-9d33-e29b2d89ef0d,203RN,02:00:00:00:00:00,"""DDW36527""",1591029783468
sensor_wifi,44:1c:a8:b1:60:36,b57ed6e1-b480-4063-9d33-e29b2d89ef0d,203RN,02:00:00:00:00:00,"""DDW36527""",1591029874911
sensor_wifi,44:1c:a8:b1:60:36,b57ed6e1-b480-4063-9d33-e29b2d89ef0d,203RN,02:00:00:00:00:00,"""DDW36527""",1591029903461
sensor_wifi,44:1c:a8:b1:60:36,b57ed6e1-b480-4063-9d33-e29b2d89ef0d,203RN,02:00:00:00:00:00,"""DDW36527""",1591029963489
sensor_wifi,44:1c:a8:b1:60:36,b57ed6e1-b480-4063-9d33-e29b2d89ef0d,203RN,02:00:00:00:00:00,"""DDW36527""",1591030023473
sensor_wifi,44:1c:a8:b1:60:36,b57ed6e1-b480-4063-9d33-e29b2d89ef0d,203RN,02:00:00:00:00:00,"""DDW36527""",1591030083452
sensor_wifi,44:1c:a8:b1:60:36,b57ed6e1-b480-4063-9d33-e29b2d89ef0d,203RN,02:00:00:00:00:00,"""DDW36527""",1591030143465
sensor_wifi,44:1c:a8:b1:60:36,b57ed6e1-b480-4063-9d33-e29b2d89ef0d,203RN,02:00:00:00:00:00,"""DDW36527""",1591030236743
sensor_wifi,44:1c:a8:b1:60:36,b57ed6e1-b480-4063-9d33-e29b2d89ef0d,203RN,02:00:00:00:00:00,"""DDW36527""",1591030263517
sensor_wifi,44:1c:a8:b1:60:36,b57ed6e1-b480-4063-9d33-e29b2d89ef0d,203RN,02:00:00:00:00:00,"""DDW36527""",1591030323473
sensor_wifi,44:1c:a8:b1:60:36,b57ed6e1-b480-4063-9d33-e29b2d89ef0d,203RN,02:00:00:00:00:00,"""DDW36527""",1591030383473
sensor_wifi,44:1c:a8:b1:60:36,b57ed6e1-b480-4063-9d33-e29b2d89ef0d,203RN,02:00:00:00:00:00,"""DDW36527""",1591030443483
sensor_wifi,44:1c:a8:b1:60:36,b57ed6e1-b480-4063-9d33-e29b2d89ef0d,203RN,02:00:00:00:00:00,"""DDW36527""",1591030503472
sensor_wifi,44:1c:a8:b1:60:36,b57ed6e1-b480-4063-9d33-e29b2d89ef0d,203RN,02:00:00:00:00:00,"""DDW36527""",1591030586291
sensor_wifi,44:1c:a8:b1:60:36,b57ed6e1-b480-4063-9d33-e29b2d89ef0d,203RN,02:00:00:00:00:00,"""DDW36527""",1591030623489
sensor_wifi,44:1c:a8:b1:60:36,b57ed6e1-b480-4063-9d33-e29b2d89ef0d,203RN,02:00:00:00:00:00,"""DDW36527""",1591030639427
sensor_wifi,44:1c:a8:b1:60:36,b57ed6e1-b480-4063-9d33-e29b2d89ef0d,203RN,02:00:00:00:00:00,"""DDW36527""",1591030683484
sensor_wifi,44:1c:a8:b1:60:36,b57ed6e1-b480-4063-9d33-e29b2d89ef0d,203RN,02:00:00:00:00:00,"""DDW36527""",1591030743447
sensor_wifi,44:1c:a8:b1:60:36,b57ed6e1-b480-4063-9d33-e29b2d89ef0d,203RN,02:00:00:00:00:00,"""DDW36527""",1591030807491
sensor_wifi,44:1c:a8:b1:60:36,b57ed6e1-b480-4063-9d33-e29b2d89ef0d,203RN,02:00:00:00:00:00,"""DDW36527""",1591030863508
sensor_wifi,44:1c:a8:b1:60:36,b57ed6e1-b480-4063-9d33-e29b2d89ef0d,203RN,02:00:00:00:00:00,"""DDW36527""",1591030960559
sensor_wifi,44:1c:a8:b1:60:36,b57ed6e1-b480-4063-9d33-e29b2d89ef0d,203RN,02:00:00:00:00:00,"""DDW36527""",1591030983491
sensor_wifi,44:1c:a8:b1:60:36,b57ed6e1-b480-4063-9d33-e29b2d89ef0d,203RN,02:00:00:00:00:00,"""DDW36527""",1591031043492
sensor_wifi,44:1c:a8:b1:60:36,b57ed6e1-b480-4063-9d33-e29b2d89ef0d,203RN,02:00:00:00:00:00,"""DDW36527""",1591031141557
sensor_wifi,44:1c:a8:b1:60:36,b57ed6e1-b480-4063-9d33-e29b2d89ef0d,203RN,02:00:00:00:00:00,"""DDW36527""",1591031163488
sensor_wifi,44:1c:a8:b1:60:36,b57ed6e1-b480-4063-9d33-e29b2d89ef0d,203RN,02:00:00:00:00:00,"""DDW36527""",1591031223487
sensor_wifi,44:1c:a8:b1:60:36,b57ed6e1-b480-4063-9d33-e29b2d89ef0d,203RN,02:00:00:00:00:00,"""DDW36527""",1591031283499
sensor_wifi,44:1c:a8:b1:60:36,b57ed6e1-b480-4063-9d33-e29b2d89ef0d,203RN,02:00:00:00:00:00,"""DDW36527""",1591031343492
sensor_wifi,44:1c:a8:b1:60:36,b57ed6e1-b480-4063-9d33-e29b2d89ef0d,203RN,02:00:00:00:00:00,"""DDW36527""",1591031403486
sensor_wifi,44:1c:a8:b1:60:36,b57ed6e1-b480-4063-9d33-e29b2d89ef0d,203RN,02:00:00:00:00:00,"""DDW36527""",1591031479656
sensor_wifi,44:1c:a8:b1:60:36,b57ed6e1-b480-4063-9d33-e29b2d89ef0d,203RN,02:00:00:00:00:00,"""DDW36527""",1591031523517
sensor_wifi,44:1c:a8:b1:60:36,b57ed6e1-b480-4063-9d33-e29b2d89ef0d,203RN,02:00:00:00:00:00,"""DDW36527""",1591031536410
sensor_wifi,44:1c:a8:b1:60:36,b57ed6e1-b480-4063-9d33-e29b2d89ef0d,203RN,02:00:00:00:00:00,"""DDW36527""",1591031583496
sensor_wifi,44:1c:a8:b1:60:36,b57ed6e1-b480-4063-9d33-e29b2d89ef0d,203RN,02:00:00:00:00:00,"""DDW36527""",1591031649291
sensor_wifi,44:1c:a8:b1:60:36,b57ed6e1-b480-4063-9d33-e29b2d89ef0d,203RN,02:00:00:00:00:00,"""DDW36527""",1591031703484
sensor_wifi,44:1c:a8:b1:60:36,b57ed6e1-b480-4063-9d33-e29b2d89ef0d,203RN,02:00:00:00:00:00,"""DDW36527""",1591031763580
sensor_wifi,44:1c:a8:b1:60:36,b57ed6e1-b480-4063-9d33-e29b2d89ef0d,203RN,02:00:00:00:00:00,"""DDW36527""",1591031823569
sensor_wifi,44:1c:a8:b1:60:36,b57ed6e1-b480-4063-9d33-e29b2d89ef0d,203RN,02:00:00:00:00:00,"""DDW36527""",1591031883518
sensor_wifi,44:1c:a8:b1:60:36,b57ed6e1-b480-4063-9d33-e29b2d89ef0d,203RN,02:00:00:00:00:00,"""DDW36527""",1591031943295
sensor_wifi,44:1c:a8:b1:60:36,b57ed6e1-b480-4063-9d33-e29b2d89ef0d,203RN,02:00:00:00:00:00,"""DDW36527""",1591032003776
sensor_wifi,44:1c:a8:b1:60:36,b57ed6e1-b480-4063-9d33-e29b2d89ef0d,203RN,02:00:00:00:00:00,"""DDW36527""",1591032063567
sensor_wifi,44:1c:a8:b1:60:36,b57ed6e1-b480-4063-9d33-e29b2d89ef0d,203RN,02:00:00:00:00:00,"""DDW36527""",1591032106962
sensor_wifi,44:1c:a8:b1:60:36,b57ed6e1-b480-4063-9d33-e29b2d89ef0d,203RN,02:00:00:00:00:00,"""DDW36527""",1591032128155
sensor_wifi,44:1c:a8:b1:60:36,b57ed6e1-b480-4063-9d33-e29b2d89ef0d,203RN,02:00:00:00:00:00,"""DDW36527""",1591032183588
sensor_wifi,44:1c:a8:b1:60:36,b57ed6e1-b480-4063-9d33-e29b2d89ef0d,203RN,02:00:00:00:00:00,"""DDW36527""",1591032243560
sensor_wifi,44:1c:a8:b1:60:36,b57ed6e1-b480-4063-9d33-e29b2d89ef0d,203RN,02:00:00:00:00:00,"""DDW36527""",1591032303508
sensor_wifi,44:1c:a8:b1:60:36,b57ed6e1-b480-4063-9d33-e29b2d89ef0d,203RN,02:00:00:00:00:00,"""DDW36527""",1591032363579
sensor_wifi,44:1c:a8:b1:60:36,b57ed6e1-b480-4063-9d33-e29b2d89ef0d,203RN,02:00:00:00:00:00,"""DDW36527""",1591032423588
sensor_wifi,44:1c:a8:b1:60:36,b57ed6e1-b480-4063-9d33-e29b2d89ef0d,203RN,02:00:00:00:00:00,"""DDW36527""",1591032483513
sensor_wifi,44:1c:a8:b1:60:36,b57ed6e1-b480-4063-9d33-e29b2d89ef0d,203RN,02:00:00:00:00:00,"""DDW36527""",1591032543504
sensor_wifi,44:1c:a8:b1:60:36,b57ed6e1-b480-4063-9d33-e29b2d89ef0d,203RN,02:00:00:00:00:00,"""DDW36527""",1591032605982
sensor_wifi,44:1c:a8:b1:60:36,b57ed6e1-b480-4063-9d33-e29b2d89ef0d,203RN,02:00:00:00:00:00,"""DDW36527""",1591032607065
sensor_wifi,44:1c:a8:b1:60:36,b57ed6e1-b480-4063-9d33-e29b2d89ef0d,203RN,02:00:00:00:00:00,"""DDW36527""",1591032666646
sensor_wifi,44:1c:a8:b1:60:36,b57ed6e1-b480-4063-9d33-e29b2d89ef0d,203RN,02:00:00:00:00:00,"""DDW36527""",1591032726656
sensor_wifi,44:1c:a8:b1:60:36,b57ed6e1-b480-4063-9d33-e29b2d89ef0d,203RN,02:00:00:00:00:00,"""DDW36527""",1591032786591
sensor_wifi,44:1c:a8:b1:60:36,b57ed6e1-b480-4063-9d33-e29b2d89ef0d,203RN,02:00:00:00:00:00,"""DDW36527""",1591032848623
sensor_wifi,44:1c:a8:b1:60:36,b57ed6e1-b480-4063-9d33-e29b2d89ef0d,203RN,02:00:00:00:00:00,"""DDW36527""",1591032906587
sensor_wifi,44:1c:a8:b1:60:36,b57ed6e1-b480-4063-9d33-e29b2d89ef0d,203RN,02:00:00:00:00:00,"""DDW36527""",1591032966591
sensor_wifi,44:1c:a8:b1:60:36,b57ed6e1-b480-4063-9d33-e29b2d89ef0d,203RN,02:00:00:00:00:00,"""DDW36527""",1591033026571
sensor_wifi,44:1c:a8:b1:60:36,b57ed6e1-b480-4063-9d33-e29b2d89ef0d,203RN,02:00:00:00:00:00,"""DDW36527""",1591033086597
sensor_wifi,44:1c:a8:b1:60:36,b57ed6e1-b480-4063-9d33-e29b2d89ef0d,203RN,02:00:00:00:00:00,"""DDW36527""",1591033146595
sensor_wifi,44:1c:a8:b1:60:36,b57ed6e1-b480-4063-9d33-e29b2d89ef0d,203RN,02:00:00:00:00:00,"""DDW36527""",1591033191697
sensor_wifi,44:1c:a8:b1:60:36,b57ed6e1-b480-4063-9d33-e29b2d89ef0d,203RN,02:00:00:00:00:00,"""DDW36527""",1591033206595
sensor_wifi,44:1c:a8:b1:60:36,b57ed6e1-b480-4063-9d33-e29b2d89ef0d,203RN,02:00:00:00:00:00,"""DDW36527""",1591033266596
sensor_wifi,44:1c:a8:b1:60:36,b57ed6e1-b480-4063-9d33-e29b2d89ef0d,203RN,02:00:00:00:00:00,"""DDW36527""",1591033326597
sensor_wifi,44:1c:a8:b1:60:36,b57ed6e1-b480-4063-9d33-e29b2d89ef0d,203RN,02:00:00:00:00:00,"""DDW36527""",1591033386599
sensor_wifi,44:1c:a8:b1:60:36,b57ed6e1-b480-4063-9d33-e29b2d89ef0d,203RN,02:00:00:00:00:00,"""DDW36527""",1591033446636
sensor_wifi,44:1c:a8:b1:60:36,b57ed6e1-b480-4063-9d33-e29b2d89ef0d,203RN,02:00:00:00:00:00,"""DDW36527""",1591033517587
sensor_wifi,44:1c:a8:b1:60:36,b57ed6e1-b480-4063-9d33-e29b2d89ef0d,203RN,02:00:00:00:00:00,"""DDW36527""",1591033566591
sensor_wifi,44:1c:a8:b1:60:36,b57ed6e1-b480-4063-9d33-e29b2d89ef0d,203RN,02:00:00:00:00:00,"""DDW36527""",1591033626588
sensor_wifi,44:1c:a8:b1:60:36,b57ed6e1-b480-4063-9d33-e29b2d89ef0d,203RN,02:00:00:00:00:00,"""DDW36527""",1591033686616
sensor_wifi,44:1c:a8:b1:60:36,b57ed6e1-b480-4063-9d33-e29b2d89ef0d,203RN,02:00:00:00:00:00,"""DDW36527""",1591033746615
sensor_wifi,44:1c:a8:b1:60:36,b57ed6e1-b480-4063-9d33-e29b2d89ef0d,203RN,02:00:00:00:00:00,"""DDW36527""",1591033806597
sensor_wifi,44:1c:a8:b1:60:36,b57ed6e1-b480-4063-9d33-e29b2d89ef0d,203RN,02:00:00:00:00:00,"""DDW36527""",1591033866583
sensor_wifi,44:1c:a8:b1:60:36,b57ed6e1-b480-4063-9d33-e29b2d89ef0d,203RN,02:00:00:00:00:00,"""DDW36527""",1591033926607
sensor_wifi,44:1c:a8:b1:60:36,b57ed6e1-b480-4063-9d33-e29b2d89ef0d,203RN,02:00:00:00:00:00,"""DDW36527""",1591033986592
sensor_wifi,44:1c:a8:b1:60:36,b57ed6e1-b480-4063-9d33-e29b2d89ef0d,203RN,02:00:00:00:00:00,"""DDW36527""",1591034046640
sensor_wifi,44:1c:a8:b1:60:36,b57ed6e1-b480-4063-9d33-e29b2d89ef0d,203RN,02:00:00:00:00:00,"""DDW36527""",1591034106581
sensor_wifi,44:1c:a8:b1:60:36,b57ed6e1-b480-4063-9d33-e29b2d89ef0d,203RN,02:00:00:00:00:00,"""DDW36527""",1591034166612
sensor_wifi,44:1c:a8:b1:60:36,b57ed6e1-b480-4063-9d33-e29b2d89ef0d,203RN,02:00:00:00:00:00,"""DDW36527""",1591034226605
sensor_wifi,44:1c:a8:b1:60:36,b57ed6e1-b480-4063-9d33-e29b2d89ef0d,203RN,02:00:00:00:00:00,"""DDW36527""",1591034286599
sensor_wifi,44:1c:a8:b1:60:36,b57ed6e1-b480-4063-9d33-e29b2d89ef0d,203RN,02:00:00:00:00:00,"""DDW36527""",1591034346594
sensor_wifi,44:1c:a8:b1:60:36,b57ed6e1-b480-4063-9d33-e29b2d89ef0d,203RN,02:00:00:00:00:00,"""DDW36527""",1591034407433
sensor_wifi,44:1c:a8:b1:60:36,b57ed6e1-b480-4063-9d33-e29b2d89ef0d,203RN,02:00:00:00:00:00,"""DDW36527""",1591034463438
sensor_wifi,44:1c:a8:b1:60:36,b57ed6e1-b480-4063-9d33-e29b2d89ef0d,203RN,02:00:00:00:00:00,"""DDW36527""",1591034523433
sensor_wifi,44:1c:a8:b1:60:36,b57ed6e1-b480-4063-9d33-e29b2d89ef0d,203RN,02:00:00:00:00:00,"""DDW36527""",1591034583437
sensor_wifi,44:1c:a8:b1:60:36,b57ed6e1-b480-4063-9d33-e29b2d89ef0d,203RN,02:00:00:00:00:00,"""DDW36527""",1591034604048
sensor_wifi,44:1c:a8:b1:60:36,b57ed6e1-b480-4063-9d33-e29b2d89ef0d,203RN,02:00:00:00:00:00,"""DDW36527""",1591034643466
sensor_wifi,44:1c:a8:b1:60:36,b57ed6e1-b480-4063-9d33-e29b2d89ef0d,203RN,02:00:00:00:00:00,"""DDW36527""",1591034703431
sensor_wifi,44:1c:a8:b1:60:36,b57ed6e1-b480-4063-9d33-e29b2d89ef0d,203RN,02:00:00:00:00:00,"""DDW36527""",1591034763450
sensor_wifi,44:1c:a8:b1:60:36,b57ed6e1-b480-4063-9d33-e29b2d89ef0d,203RN,02:00:00:00:00:00,"""DDW36527""",1591034779817
sensor_wifi,44:1c:a8:b1:60:36,b57ed6e1-b480-4063-9d33-e29b2d89ef0d,203RN,02:00:00:00:00:00,"""DDW36527""",1591034823504
sensor_wifi,44:1c:a8:b1:60:36,b57ed6e1-b480-4063-9d33-e29b2d89ef0d,203RN,02:00:00:00:00:00,"""DDW36527""",1591034861247
sensor_wifi,44:1c:a8:b1:60:36,b57ed6e1-b480-4063-9d33-e29b2d89ef0d,203RN,02:00:00:00:00:00,"""DDW36527""",1591034883449
sensor_wifi,44:1c:a8:b1:60:36,b57ed6e1-b480-4063-9d33-e29b2d89ef0d,203RN,02:00:00:00:00:00,"""DDW36527""",1591034943447
sensor_wifi,44:1c:a8:b1:60:36,b57ed6e1-b480-4063-9d33-e29b2d89ef0d,203RN,02:00:00:00:00:00,"""DDW36527""",1591035003439
sensor_wifi,44:1c:a8:b1:60:36,b57ed6e1-b480-4063-9d33-e29b2d89ef0d,203RN,02:00:00:00:00:00,"""DDW36527""",1591035029781
sensor_wifi,44:1c:a8:b1:60:36,b57ed6e1-b480-4063-9d33-e29b2d89ef0d,203RN,02:00:00:00:00:00,"""DDW36527""",1591035063437
sensor_wifi,44:1c:a8:b1:60:36,b57ed6e1-b480-4063-9d33-e29b2d89ef0d,203RN,02:00:00:00:00:00,"""DDW36527""",1591035123492
sensor_wifi,44:1c:a8:b1:60:36,b57ed6e1-b480-4063-9d33-e29b2d89ef0d,203RN,02:00:00:00:00:00,"""DDW36527""",1591035183427
sensor_wifi,44:1c:a8:b1:60:36,b57ed6e1-b480-4063-9d33-e29b2d89ef0d,203RN,02:00:00:00:00:00,"""DDW36527""",1591035244440
sensor_wifi,44:1c:a8:b1:60:36,b57ed6e1-b480-4063-9d33-e29b2d89ef0d,203RN,02:00:00:00:00:00,"""DDW36527""",1591035303450
sensor_wifi,44:1c:a8:b1:60:36,b57ed6e1-b480-4063-9d33-e29b2d89ef0d,203RN,02:00:00:00:00:00,"""DDW36527""",1591035311857
sensor_wifi,44:1c:a8:b1:60:36,b57ed6e1-b480-4063-9d33-e29b2d89ef0d,203RN,02:00:00:00:00:00,"""DDW36527""",1591035363406
sensor_wifi,44:1c:a8:b1:60:36,b57ed6e1-b480-4063-9d33-e29b2d89ef0d,203RN,02:00:00:00:00:00,"""DDW36527""",1591035423451
sensor_wifi,44:1c:a8:b1:60:36,b57ed6e1-b480-4063-9d33-e29b2d89ef0d,203RN,02:00:00:00:00:00,"""DDW36527""",1591035483460
sensor_wifi,44:1c:a8:b1:60:36,b57ed6e1-b480-4063-9d33-e29b2d89ef0d,203RN,02:00:00:00:00:00,"""DDW36527""",1591035543440
sensor_wifi,44:1c:a8:b1:60:36,b57ed6e1-b480-4063-9d33-e29b2d89ef0d,203RN,02:00:00:00:00:00,"""DDW36527""",1591035572036
sensor_wifi,44:1c:a8:b1:60:36,b57ed6e1-b480-4063-9d33-e29b2d89ef0d,203RN,02:00:00:00:00:00,"""DDW36527""",1591035580139
sensor_wifi,44:1c:a8:b1:60:36,b57ed6e1-b480-4063-9d33-e29b2d89ef0d,203RN,02:00:00:00:00:00,"""DDW36527""",1591035606198
sensor_wifi,44:1c:a8:b1:60:36,b57ed6e1-b480-4063-9d33-e29b2d89ef0d,203RN,02:00:00:00:00:00,"""DDW36527""",1591035663456
sensor_wifi,44:1c:a8:b1:60:36,b57ed6e1-b480-4063-9d33-e29b2d89ef0d,203RN,02:00:00:00:00:00,"""DDW36527""",1591035723430
sensor_wifi,44:1c:a8:b1:60:36,b57ed6e1-b480-4063-9d33-e29b2d89ef0d,203RN,02:00:00:00:00:00,"""DDW36527""",1591035783457
sensor_wifi,44:1c:a8:b1:60:36,b57ed6e1-b480-4063-9d33-e29b2d89ef0d,203RN,02:00:00:00:00:00,"""DDW36527""",1591035843450
sensor_wifi,44:1c:a8:b1:60:36,b57ed6e1-b480-4063-9d33-e29b2d89ef0d,203RN,02:00:00:00:00:00,"""DDW36527""",1591035903444
sensor_wifi,44:1c:a8:b1:60:36,b57ed6e1-b480-4063-9d33-e29b2d89ef0d,203RN,02:00:00:00:00:00,"""DDW36527""",1591035948168
sensor_wifi,44:1c:a8:b1:60:36,b57ed6e1-b480-4063-9d33-e29b2d89ef0d,203RN,02:00:00:00:00:00,"""DDW36527""",1591035963432
sensor_wifi,44:1c:a8:b1:60:36,b57ed6e1-b480-4063-9d33-e29b2d89ef0d,203RN,02:00:00:00:00:00,"""DDW36527""",1591036023434
sensor_wifi,44:1c:a8:b1:60:36,b57ed6e1-b480-4063-9d33-e29b2d89ef0d,203RN,02:00:00:00:00:00,"""DDW36527""",1591036083449
sensor_wifi,44:1c:a8:b1:60:36,b57ed6e1-b480-4063-9d33-e29b2d89ef0d,203RN,02:00:00:00:00:00,"""DDW36527""",1591036143443
sensor_wifi,44:1c:a8:b1:60:36,b57ed6e1-b480-4063-9d33-e29b2d89ef0d,203RN,02:00:00:00:00:00,"""DDW36527""",1591036206725
sensor_wifi,44:1c:a8:b1:60:36,b57ed6e1-b480-4063-9d33-e29b2d89ef0d,203RN,02:00:00:00:00:00,"""DDW36527""",1591036263419
sensor_wifi,44:1c:a8:b1:60:36,b57ed6e1-b480-4063-9d33-e29b2d89ef0d,203RN,02:00:00:00:00:00,"""DDW36527""",1591036354268
sensor_wifi,44:1c:a8:b1:60:36,b57ed6e1-b480-4063-9d33-e29b2d89ef0d,203RN,02:00:00:00:00:00,"""DDW36527""",1591036383446
sensor_wifi,44:1c:a8:b1:60:36,b57ed6e1-b480-4063-9d33-e29b2d89ef0d,203RN,02:00:00:00:00:00,"""DDW36527""",1591036443403
sensor_wifi,44:1c:a8:b1:60:36,b57ed6e1-b480-4063-9d33-e29b2d89ef0d,203RN,02:00:00:00:00:00,"""DDW36527""",1591036503427
sensor_wifi,44:1c:a8:b1:60:36,b57ed6e1-b480-4063-9d33-e29b2d89ef0d,203RN,02:00:00:00:00:00,"""DDW36527""",1591036563409
sensor_wifi,44:1c:a8:b1:60:36,b57ed6e1-b480-4063-9d33-e29b2d89ef0d,203RN,02:00:00:00:00:00,"""DDW36527""",1591036623415
sensor_wifi,44:1c:a8:b1:60:36,b57ed6e1-b480-4063-9d33-e29b2d89ef0d,203RN,02:00:00:00:00:00,"""DDW36527""",1591036624722
sensor_wifi,44:1c:a8:b1:60:36,b57ed6e1-b480-4063-9d33-e29b2d89ef0d,203RN,02:00:00:00:00:00,"""DDW36527""",1591036687266
sensor_wifi,44:1c:a8:b1:60:36,b57ed6e1-b480-4063-9d33-e29b2d89ef0d,203RN,02:00:00:00:00:00,"""DDW36527""",1591036743442
sensor_wifi,44:1c:a8:b1:60:36,b57ed6e1-b480-4063-9d33-e29b2d89ef0d,203RN,02:00:00:00:00:00,"""DDW36527""",1591036803481
sensor_wifi,44:1c:a8:b1:60:36,b57ed6e1-b480-4063-9d33-e29b2d89ef0d,203RN,02:00:00:00:00:00,"""DDW36527""",1591036863420
sensor_wifi,44:1c:a8:b1:60:36,b57ed6e1-b480-4063-9d33-e29b2d89ef0d,203RN,02:00:00:00:00:00,"""DDW36527""",1591036923418
sensor_wifi,44:1c:a8:b1:60:36,b57ed6e1-b480-4063-9d33-e29b2d89ef0d,203RN,02:00:00:00:00:00,"""DDW36527""",1591036964495
sensor_wifi,44:1c:a8:b1:60:36,b57ed6e1-b480-4063-9d33-e29b2d89ef0d,203RN,02:00:00:00:00:00,"""DDW36527""",1591036983421
sensor_wifi,44:1c:a8:b1:60:36,b57ed6e1-b480-4063-9d33-e29b2d89ef0d,203RN,02:00:00:00:00:00,"""DDW36527""",1591037074942
sensor_wifi,44:1c:a8:b1:60:36,b57ed6e1-b480-4063-9d33-e29b2d89ef0d,203RN,02:00:00:00:00:00,"""DDW36527""",1591037103432
sensor_wifi,44:1c:a8:b1:60:36,b57ed6e1-b480-4063-9d33-e29b2d89ef0d,203RN,02:00:00:00:00:00,"""DDW36527""",1591037163434
sensor_wifi,44:1c:a8:b1:60:36,b57ed6e1-b480-4063-9d33-e29b2d89ef0d,203RN,02:00:00:00:00:00,"""DDW36527""",1591037268139
sensor_wifi,44:1c:a8:b1:60:36,b57ed6e1-b480-4063-9d33-e29b2d89ef0d,203RN,02:00:00:00:00:00,"""DDW36527""",1591037283417
sensor_wifi,44:1c:a8:b1:60:36,b57ed6e1-b480-4063-9d33-e29b2d89ef0d,203RN,02:00:00:00:00:00,"""DDW36527""",1591037343423
sensor_wifi,44:1c:a8:b1:60:36,b57ed6e1-b480-4063-9d33-e29b2d89ef0d,203RN,02:00:00:00:00:00,"""DDW36527""",1591037403460
sensor_wifi,44:1c:a8:b1:60:36,b57ed6e1-b480-4063-9d33-e29b2d89ef0d,203RN,02:00:00:00:00:00,"""DDW36527""",1591037463420
sensor_wifi,44:1c:a8:b1:60:36,b57ed6e1-b480-4063-9d33-e29b2d89ef0d,203RN,02:00:00:00:00:00,"""DDW36527""",1591037523409
sensor_wifi,44:1c:a8:b1:60:36,b57ed6e1-b480-4063-9d33-e29b2d89ef0d,203RN,02:00:00:00:00:00,"""DDW36527""",1591037583388
sensor_wifi,44:1c:a8:b1:60:36,b57ed6e1-b480-4063-9d33-e29b2d89ef0d,203RN,02:00:00:00:00:00,"""DDW36527""",1591037643434
sensor_wifi,44:1c:a8:b1:60:36,b57ed6e1-b480-4063-9d33-e29b2d89ef0d,203RN,02:00:00:00:00:00,"""DDW36527""",1591037703428
sensor_wifi,44:1c:a8:b1:60:36,b57ed6e1-b480-4063-9d33-e29b2d89ef0d,203RN,02:00:00:00:00:00,"""DDW36527""",1591037763435
sensor_wifi,44:1c:a8:b1:60:36,b57ed6e1-b480-4063-9d33-e29b2d89ef0d,203RN,02:00:00:00:00:00,"""DDW36527""",1591037823391
sensor_wifi,44:1c:a8:b1:60:36,b57ed6e1-b480-4063-9d33-e29b2d89ef0d,203RN,02:00:00:00:00:00,"""DDW36527""",1591037883418
sensor_wifi,44:1c:a8:b1:60:36,b57ed6e1-b480-4063-9d33-e29b2d89ef0d,203RN,02:00:00:00:00:00,"""DDW36527""",1591037943403
sensor_wifi,44:1c:a8:b1:60:36,b57ed6e1-b480-4063-9d33-e29b2d89ef0d,203RN,02:00:00:00:00:00,"""DDW36527""",1591038007428
sensor_wifi,44:1c:a8:b1:60:36,b57ed6e1-b480-4063-9d33-e29b2d89ef0d,203RN,02:00:00:00:00:00,"""DDW36527""",1591038063432
sensor_wifi,44:1c:a8:b1:60:36,b57ed6e1-b480-4063-9d33-e29b2d89ef0d,203RN,02:00:00:00:00:00,"""DDW36527""",1591038123413
sensor_wifi,44:1c:a8:b1:60:36,b57ed6e1-b480-4063-9d33-e29b2d89ef0d,203RN,02:00:00:00:00:00,"""DDW36527""",1591038183445
sensor_wifi,44:1c:a8:b1:60:36,b57ed6e1-b480-4063-9d33-e29b2d89ef0d,203RN,02:00:00:00:00:00,"""DDW36527""",1591038243422
sensor_wifi,44:1c:a8:b1:60:36,b57ed6e1-b480-4063-9d33-e29b2d89ef0d,203RN,02:00:00:00:00:00,"""DDW36527""",1591038303431
sensor_wifi,44:1c:a8:b1:60:36,b57ed6e1-b480-4063-9d33-e29b2d89ef0d,203RN,02:00:00:00:00:00,"""DDW36527""",1591038363560
sensor_wifi,44:1c:a8:b1:60:36,b57ed6e1-b480-4063-9d33-e29b2d89ef0d,203RN,02:00:00:00:00:00,"""DDW36527""",1591038423426
sensor_wifi,44:1c:a8:b1:60:36,b57ed6e1-b480-4063-9d33-e29b2d89ef0d,203RN,02:00:00:00:00:00,"""DDW36527""",1591038483415
sensor_wifi,44:1c:a8:b1:60:36,b57ed6e1-b480-4063-9d33-e29b2d89ef0d,203RN,02:00:00:00:00:00,"""DDW36527""",1591038543525
sensor_wifi,44:1c:a8:b1:60:36,b57ed6e1-b480-4063-9d33-e29b2d89ef0d,203RN,02:00:00:00:00:00,"""DDW36527""",1591038603422
sensor_wifi,44:1c:a8:b1:60:36,b57ed6e1-b480-4063-9d33-e29b2d89ef0d,203RN,02:00:00:00:00:00,"""DDW36527""",1591038663416
sensor_wifi,44:1c:a8:b1:60:36,b57ed6e1-b480-4063-9d33-e29b2d89ef0d,203RN,02:00:00:00:00:00,"""DDW36527""",1591038723406
sensor_wifi,44:1c:a8:b1:60:36,b57ed6e1-b480-4063-9d33-e29b2d89ef0d,203RN,02:00:00:00:00:00,"""DDW36527""",1591038783419
sensor_wifi,44:1c:a8:b1:60:36,b57ed6e1-b480-4063-9d33-e29b2d89ef0d,203RN,02:00:00:00:00:00,"""DDW36527""",1591038843443
sensor_wifi,44:1c:a8:b1:60:36,b57ed6e1-b480-4063-9d33-e29b2d89ef0d,203RN,02:00:00:00:00:00,"""DDW36527""",1591038903448
sensor_wifi,44:1c:a8:b1:60:36,b57ed6e1-b480-4063-9d33-e29b2d89ef0d,203RN,02:00:00:00:00:00,"""DDW36527""",1591038963412
sensor_wifi,44:1c:a8:b1:60:36,b57ed6e1-b480-4063-9d33-e29b2d89ef0d,203RN,02:00:00:00:00:00,"""DDW36527""",1591039023502
sensor_wifi,44:1c:a8:b1:60:36,b57ed6e1-b480-4063-9d33-e29b2d89ef0d,203RN,02:00:00:00:00:00,"""DDW36527""",1591039083397
sensor_wifi,44:1c:a8:b1:60:36,b57ed6e1-b480-4063-9d33-e29b2d89ef0d,203RN,02:00:00:00:00:00,"""DDW36527""",1591039143413
sensor_wifi,44:1c:a8:b1:60:36,b57ed6e1-b480-4063-9d33-e29b2d89ef0d,203RN,02:00:00:00:00:00,"""DDW36527""",1591039203413
sensor_wifi,44:1c:a8:b1:60:36,b57ed6e1-b480-4063-9d33-e29b2d89ef0d,203RN,02:00:00:00:00:00,"""DDW36527""",1591039263416
sensor_wifi,44:1c:a8:b1:60:36,b57ed6e1-b480-4063-9d33-e29b2d89ef0d,203RN,02:00:00:00:00:00,"""DDW36527""",1591039323407
sensor_wifi,44:1c:a8:b1:60:36,b57ed6e1-b480-4063-9d33-e29b2d89ef0d,203RN,02:00:00:00:00:00,"""DDW36527""",1591039383467
sensor_wifi,44:1c:a8:b1:60:36,b57ed6e1-b480-4063-9d33-e29b2d89ef0d,203RN,02:00:00:00:00:00,"""DDW36527""",1591039443433
sensor_wifi,44:1c:a8:b1:60:36,b57ed6e1-b480-4063-9d33-e29b2d89ef0d,203RN,02:00:00:00:00:00,"""DDW36527""",1591039503470
sensor_wifi,44:1c:a8:b1:60:36,b57ed6e1-b480-4063-9d33-e29b2d89ef0d,203RN,02:00:00:00:00:00,"""DDW36527""",1591039563430
sensor_wifi,44:1c:a8:b1:60:36,b57ed6e1-b480-4063-9d33-e29b2d89ef0d,203RN,02:00:00:00:00:00,"""DDW36527""",1591039623451
sensor_wifi,44:1c:a8:b1:60:36,b57ed6e1-b480-4063-9d33-e29b2d89ef0d,203RN,02:00:00:00:00:00,"""DDW36527""",1591039683440
sensor_wifi,44:1c:a8:b1:60:36,b57ed6e1-b480-4063-9d33-e29b2d89ef0d,203RN,02:00:00:00:00:00,"""DDW36527""",1591039743428
sensor_wifi,44:1c:a8:b1:60:36,b57ed6e1-b480-4063-9d33-e29b2d89ef0d,203RN,02:00:00:00:00:00,"""DDW36527""",1591039807459
sensor_wifi,44:1c:a8:b1:60:36,b57ed6e1-b480-4063-9d33-e29b2d89ef0d,203RN,02:00:00:00:00:00,"""DDW36527""",1591039863471
sensor_wifi,44:1c:a8:b1:60:36,b57ed6e1-b480-4063-9d33-e29b2d89ef0d,203RN,02:00:00:00:00:00,"""DDW36527""",1591039923453
sensor_wifi,44:1c:a8:b1:60:36,b57ed6e1-b480-4063-9d33-e29b2d89ef0d,203RN,02:00:00:00:00:00,"""DDW36527""",1591039994983
sensor_wifi,44:1c:a8:b1:60:36,b57ed6e1-b480-4063-9d33-e29b2d89ef0d,203RN,02:00:00:00:00:00,"""DDW36527""",1591040043457
sensor_wifi,44:1c:a8:b1:60:36,b57ed6e1-b480-4063-9d33-e29b2d89ef0d,203RN,02:00:00:00:00:00,"""DDW36527""",1591040103425
sensor_wifi,44:1c:a8:b1:60:36,b57ed6e1-b480-4063-9d33-e29b2d89ef0d,203RN,02:00:00:00:00:00,"""DDW36527""",1591040175928
sensor_wifi,44:1c:a8:b1:60:36,b57ed6e1-b480-4063-9d33-e29b2d89ef0d,203RN,02:00:00:00:00:00,"""DDW36527""",1591040223458
sensor_wifi,44:1c:a8:b1:60:36,b57ed6e1-b480-4063-9d33-e29b2d89ef0d,203RN,02:00:00:00:00:00,"""DDW36527""",1591040285123
sensor_wifi,44:1c:a8:b1:60:36,b57ed6e1-b480-4063-9d33-e29b2d89ef0d,203RN,02:00:00:00:00:00,"""DDW36527""",1591040343418
sensor_wifi,44:1c:a8:b1:60:36,b57ed6e1-b480-4063-9d33-e29b2d89ef0d,203RN,02:00:00:00:00:00,"""DDW36527""",1591040403425
sensor_wifi,44:1c:a8:b1:60:36,b57ed6e1-b480-4063-9d33-e29b2d89ef0d,203RN,02:00:00:00:00:00,"""DDW36527""",1591040463439
sensor_wifi,44:1c:a8:b1:60:36,b57ed6e1-b480-4063-9d33-e29b2d89ef0d,203RN,02:00:00:00:00:00,"""DDW36527""",1591040523446
sensor_wifi,44:1c:a8:b1:60:36,b57ed6e1-b480-4063-9d33-e29b2d89ef0d,203RN,02:00:00:00:00:00,"""DDW36527""",1591040583438
sensor_wifi,44:1c:a8:b1:60:36,b57ed6e1-b480-4063-9d33-e29b2d89ef0d,203RN,02:00:00:00:00:00,"""DDW36527""",1591040643441
sensor_wifi,44:1c:a8:b1:60:36,b57ed6e1-b480-4063-9d33-e29b2d89ef0d,203RN,02:00:00:00:00:00,"""DDW36527""",1591040703458
sensor_wifi,44:1c:a8:b1:60:36,b57ed6e1-b480-4063-9d33-e29b2d89ef0d,203RN,02:00:00:00:00:00,"""DDW36527""",1591040763473
sensor_wifi,44:1c:a8:b1:60:36,b57ed6e1-b480-4063-9d33-e29b2d89ef0d,203RN,02:00:00:00:00:00,"""DDW36527""",1591040823658
sensor_wifi,44:1c:a8:b1:60:36,b57ed6e1-b480-4063-9d33-e29b2d89ef0d,203RN,02:00:00:00:00:00,"""DDW36527""",1591040883425
sensor_wifi,44:1c:a8:b1:60:36,b57ed6e1-b480-4063-9d33-e29b2d89ef0d,203RN,02:00:00:00:00:00,"""DDW36527""",1591040943445
sensor_wifi,44:1c:a8:b1:60:36,b57ed6e1-b480-4063-9d33-e29b2d89ef0d,203RN,02:00:00:00:00:00,"""DDW36527""",1591041003461
sensor_wifi,44:1c:a8:b1:60:36,b57ed6e1-b480-4063-9d33-e29b2d89ef0d,203RN,02:00:00:00:00:00,"""DDW36527""",1591041063420
sensor_wifi,44:1c:a8:b1:60:36,b57ed6e1-b480-4063-9d33-e29b2d89ef0d,203RN,02:00:00:00:00:00,"""DDW36527""",1591041123445
sensor_wifi,44:1c:a8:b1:60:36,b57ed6e1-b480-4063-9d33-e29b2d89ef0d,203RN,02:00:00:00:00:00,"""DDW36527""",1591041183424
sensor_wifi,44:1c:a8:b1:60:36,b57ed6e1-b480-4063-9d33-e29b2d89ef0d,203RN,02:00:00:00:00:00,"""DDW36527""",1591041243469
sensor_wifi,44:1c:a8:b1:60:36,b57ed6e1-b480-4063-9d33-e29b2d89ef0d,203RN,02:00:00:00:00:00,"""DDW36527""",1591041303451
sensor_wifi,44:1c:a8:b1:60:36,b57ed6e1-b480-4063-9d33-e29b2d89ef0d,203RN,02:00:00:00:00:00,"""DDW36527""",1591041363529
sensor_wifi,44:1c:a8:b1:60:36,b57ed6e1-b480-4063-9d33-e29b2d89ef0d,203RN,02:00:00:00:00:00,"""DDW36527""",1591041407414
sensor_wifi,44:1c:a8:b1:60:36,b57ed6e1-b480-4063-9d33-e29b2d89ef0d,203RN,02:00:00:00:00:00,"""DDW36527""",1591041423683
sensor_wifi,44:1c:a8:b1:60:36,b57ed6e1-b480-4063-9d33-e29b2d89ef0d,203RN,02:00:00:00:00:00,"""DDW36527""",1591041483614
sensor_wifi,44:1c:a8:b1:60:36,b57ed6e1-b480-4063-9d33-e29b2d89ef0d,203RN,02:00:00:00:00:00,"""DDW36527""",1591041543586
sensor_wifi,44:1c:a8:b1:60:36,b57ed6e1-b480-4063-9d33-e29b2d89ef0d,203RN,02:00:00:00:00:00,"""DDW36527""",1591041603595
sensor_wifi,44:1c:a8:b1:60:36,b57ed6e1-b480-4063-9d33-e29b2d89ef0d,203RN,02:00:00:00:00:00,"""DDW36527""",1591041608589
sensor_wifi,44:1c:a8:b1:60:36,b57ed6e1-b480-4063-9d33-e29b2d89ef0d,203RN,02:00:00:00:00:00,"""DDW36527""",1591041668547
sensor_wifi,44:1c:a8:b1:60:36,b57ed6e1-b480-4063-9d33-e29b2d89ef0d,203RN,02:00:00:00:00:00,"""DDW36527""",1591041721981
sensor_wifi,44:1c:a8:b1:60:36,b57ed6e1-b480-4063-9d33-e29b2d89ef0d,203RN,02:00:00:00:00:00,"""DDW36527""",1591041728504
sensor_wifi,44:1c:a8:b1:60:36,b57ed6e1-b480-4063-9d33-e29b2d89ef0d,203RN,02:00:00:00:00:00,"""DDW36527""",1591041784748
sensor_wifi,44:1c:a8:b1:60:36,b57ed6e1-b480-4063-9d33-e29b2d89ef0d,203RN,02:00:00:00:00:00,"""DDW36527""",1591041844556
sensor_wifi,44:1c:a8:b1:60:36,b57ed6e1-b480-4063-9d33-e29b2d89ef0d,203RN,02:00:00:00:00:00,"""DDW36527""",1591041904542
sensor_wifi,44:1c:a8:b1:60:36,b57ed6e1-b480-4063-9d33-e29b2d89ef0d,203RN,02:00:00:00:00:00,"""DDW36527""",1591041964573
sensor_wifi,44:1c:a8:b1:60:36,b57ed6e1-b480-4063-9d33-e29b2d89ef0d,203RN,02:00:00:00:00:00,"""DDW36527""",1591042024500
sensor_wifi,44:1c:a8:b1:60:36,b57ed6e1-b480-4063-9d33-e29b2d89ef0d,203RN,02:00:00:00:00:00,"""DDW36527""",1591042084489
sensor_wifi,44:1c:a8:b1:60:36,b57ed6e1-b480-4063-9d33-e29b2d89ef0d,203RN,02:00:00:00:00:00,"""DDW36527""",1591042144530
sensor_wifi,44:1c:a8:b1:60:36,b57ed6e1-b480-4063-9d33-e29b2d89ef0d,203RN,02:00:00:00:00:00,"""DDW36527""",1591042205021
sensor_wifi,44:1c:a8:b1:60:36,b57ed6e1-b480-4063-9d33-e29b2d89ef0d,203RN,02:00:00:00:00:00,"""DDW36527""",1591042264533
sensor_wifi,44:1c:a8:b1:60:36,b57ed6e1-b480-4063-9d33-e29b2d89ef0d,203RN,02:00:00:00:00:00,"""DDW36527""",1591042324540
sensor_wifi,44:1c:a8:b1:60:36,b57ed6e1-b480-4063-9d33-e29b2d89ef0d,203RN,02:00:00:00:00:00,"""DDW36527""",1591042384535
sensor_wifi,44:1c:a8:b1:60:36,b57ed6e1-b480-4063-9d33-e29b2d89ef0d,203RN,02:00:00:00:00:00,"""DDW36527""",1591042444513
sensor_wifi,44:1c:a8:b1:60:36,b57ed6e1-b480-4063-9d33-e29b2d89ef0d,203RN,02:00:00:00:00:00,"""DDW36527""",1591042504643
sensor_wifi,44:1c:a8:b1:60:36,b57ed6e1-b480-4063-9d33-e29b2d89ef0d,203RN,02:00:00:00:00:00,"""DDW36527""",1591042564597
sensor_wifi,44:1c:a8:b1:60:36,b57ed6e1-b480-4063-9d33-e29b2d89ef0d,203RN,02:00:00:00:00:00,"""DDW36527""",1591042624582
sensor_wifi,44:1c:a8:b1:60:36,b57ed6e1-b480-4063-9d33-e29b2d89ef0d,203RN,02:00:00:00:00:00,"""DDW36527""",1591042649251
sensor_wifi,44:1c:a8:b1:60:36,b57ed6e1-b480-4063-9d33-e29b2d89ef0d,203RN,02:00:00:00:00:00,"""DDW36527""",1591042684618
sensor_wifi,44:1c:a8:b1:60:36,b57ed6e1-b480-4063-9d33-e29b2d89ef0d,203RN,02:00:00:00:00:00,"""DDW36527""",1591042744579
sensor_wifi,44:1c:a8:b1:60:36,b57ed6e1-b480-4063-9d33-e29b2d89ef0d,203RN,02:00:00:00:00:00,"""DDW36527""",1591042812672
sensor_wifi,44:1c:a8:b1:60:36,b57ed6e1-b480-4063-9d33-e29b2d89ef0d,203RN,02:00:00:00:00:00,"""DDW36527""",1591042864752
sensor_wifi,44:1c:a8:b1:60:36,b57ed6e1-b480-4063-9d33-e29b2d89ef0d,203RN,02:00:00:00:00:00,"""DDW36527""",1591042924647
sensor_wifi,44:1c:a8:b1:60:36,b57ed6e1-b480-4063-9d33-e29b2d89ef0d,203RN,02:00:00:00:00:00,"""DDW36527""",1591042984899
sensor_wifi,44:1c:a8:b1:60:36,b57ed6e1-b480-4063-9d33-e29b2d89ef0d,203RN,02:00:00:00:00:00,"""DDW36527""",1591043045157
sensor_wifi,44:1c:a8:b1:60:36,b57ed6e1-b480-4063-9d33-e29b2d89ef0d,203RN,02:00:00:00:00:00,"""DDW36527""",1591043104607
sensor_wifi,44:1c:a8:b1:60:36,b57ed6e1-b480-4063-9d33-e29b2d89ef0d,203RN,02:00:00:00:00:00,"""DDW36527""",1591043164545
sensor_wifi,44:1c:a8:b1:60:36,b57ed6e1-b480-4063-9d33-e29b2d89ef0d,203RN,02:00:00:00:00:00,"""DDW36527""",1591043224614
sensor_wifi,44:1c:a8:b1:60:36,b57ed6e1-b480-4063-9d33-e29b2d89ef0d,203RN,02:00:00:00:00:00,"""DDW36527""",1591043284643
sensor_wifi,44:1c:a8:b1:60:36,b57ed6e1-b480-4063-9d33-e29b2d89ef0d,203RN,02:00:00:00:00:00,"""DDW36527""",1591043321470
sensor_wifi,44:1c:a8:b1:60:36,b57ed6e1-b480-4063-9d33-e29b2d89ef0d,203RN,02:00:00:00:00:00,"""DDW36527""",1591043336264
sensor_wifi,44:1c:a8:b1:60:36,b57ed6e1-b480-4063-9d33-e29b2d89ef0d,203RN,02:00:00:00:00:00,"""DDW36527""",1591043338100
sensor_wifi,44:1c:a8:b1:60:36,b57ed6e1-b480-4063-9d33-e29b2d89ef0d,203RN,02:00:00:00:00:00,"""DDW36527""",1591043344906
sensor_wifi,44:1c:a8:b1:60:36,b57ed6e1-b480-4063-9d33-e29b2d89ef0d,203RN,02:00:00:00:00:00,"""DDW36527""",1591043408417
sensor_wifi,44:1c:a8:b1:60:36,b57ed6e1-b480-4063-9d33-e29b2d89ef0d,203RN,02:00:00:00:00:00,"""DDW36527""",1591043468626
sensor_wifi,44:1c:a8:b1:60:36,b57ed6e1-b480-4063-9d33-e29b2d89ef0d,203RN,02:00:00:00:00:00,"""DDW36527""",1591043500575
sensor_wifi,44:1c:a8:b1:60:36,b57ed6e1-b480-4063-9d33-e29b2d89ef0d,203RN,02:00:00:00:00:00,"""DDW36527""",1591043525271
sensor_wifi,44:1c:a8:b1:60:36,b57ed6e1-b480-4063-9d33-e29b2d89ef0d,203RN,02:00:00:00:00:00,"""DDW36527""",1591043526836
sensor_wifi,44:1c:a8:b1:60:36,b57ed6e1-b480-4063-9d33-e29b2d89ef0d,203RN,02:00:00:00:00:00,"""DDW36527""",1591043532396
sensor_wifi,44:1c:a8:b1:60:36,b57ed6e1-b480-4063-9d33-e29b2d89ef0d,203RN,02:00:00:00:00:00,"""DDW36527""",1591043584317
sensor_wifi,44:1c:a8:b1:60:36,b57ed6e1-b480-4063-9d33-e29b2d89ef0d,203RN,02:00:00:00:00:00,"""DDW36527""",1591043644352
sensor_wifi,44:1c:a8:b1:60:36,b57ed6e1-b480-4063-9d33-e29b2d89ef0d,203RN,02:00:00:00:00:00,"""DDW36527""",1591043704304
sensor_wifi,44:1c:a8:b1:60:36,b57ed6e1-b480-4063-9d33-e29b2d89ef0d,203RN,02:00:00:00:00:00,"""DDW36527""",1591043764343
sensor_wifi,44:1c:a8:b1:60:36,b57ed6e1-b480-4063-9d33-e29b2d89ef0d,203RN,02:00:00:00:00:00,"""DDW36527""",1591043821508
sensor_wifi,44:1c:a8:b1:60:36,b57ed6e1-b480-4063-9d33-e29b2d89ef0d,203RN,02:00:00:00:00:00,"""DDW36527""",1591043824704
sensor_wifi,44:1c:a8:b1:60:36,b57ed6e1-b480-4063-9d33-e29b2d89ef0d,203RN,02:00:00:00:00:00,"""DDW36527""",1591043862283
sensor_wifi,44:1c:a8:b1:60:36,b57ed6e1-b480-4063-9d33-e29b2d89ef0d,203RN,02:00:00:00:00:00,"""DDW36527""",1591043884327
sensor_wifi,44:1c:a8:b1:60:36,b57ed6e1-b480-4063-9d33-e29b2d89ef0d,203RN,02:00:00:00:00:00,"""DDW36527""",1591043944382
sensor_wifi,44:1c:a8:b1:60:36,b57ed6e1-b480-4063-9d33-e29b2d89ef0d,203RN,02:00:00:00:00:00,"""DDW36527""",1591043974062
sensor_wifi,44:1c:a8:b1:60:36,b57ed6e1-b480-4063-9d33-e29b2d89ef0d,203RN,02:00:00:00:00:00,"""DDW36527""",1591044004365
sensor_wifi,44:1c:a8:b1:60:36,b57ed6e1-b480-4063-9d33-e29b2d89ef0d,203RN,02:00:00:00:00:00,"""DDW36527""",1591044056428
sensor_wifi,44:1c:a8:b1:60:36,b57ed6e1-b480-4063-9d33-e29b2d89ef0d,203RN,02:00:00:00:00:00,"""DDW36527""",1591044064292
sensor_wifi,44:1c:a8:b1:60:36,b57ed6e1-b480-4063-9d33-e29b2d89ef0d,203RN,02:00:00:00:00:00,"""DDW36527""",1591044124288
sensor_wifi,44:1c:a8:b1:60:36,b57ed6e1-b480-4063-9d33-e29b2d89ef0d,203RN,02:00:00:00:00:00,"""DDW36527""",1591044184854
sensor_wifi,44:1c:a8:b1:60:36,b57ed6e1-b480-4063-9d33-e29b2d89ef0d,203RN,02:00:00:00:00:00,"""DDW36527""",1591044244285
sensor_wifi,44:1c:a8:b1:60:36,b57ed6e1-b480-4063-9d33-e29b2d89ef0d,203RN,02:00:00:00:00:00,"""DDW36527""",1591044304321
sensor_wifi,44:1c:a8:b1:60:36,b57ed6e1-b480-4063-9d33-e29b2d89ef0d,203RN,02:00:00:00:00:00,"""DDW36527""",1591044364311
sensor_wifi,44:1c:a8:b1:60:36,b57ed6e1-b480-4063-9d33-e29b2d89ef0d,203RN,02:00:00:00:00:00,"""DDW36527""",1591044424317
sensor_wifi,44:1c:a8:b1:60:36,b57ed6e1-b480-4063-9d33-e29b2d89ef0d,203RN,02:00:00:00:00:00,"""DDW36527""",1591044484328
sensor_wifi,44:1c:a8:b1:60:36,b57ed6e1-b480-4063-9d33-e29b2d89ef0d,203RN,02:00:00:00:00:00,"""DDW36527""",1591044544361
sensor_wifi,44:1c:a8:b1:60:36,b57ed6e1-b480-4063-9d33-e29b2d89ef0d,203RN,02:00:00:00:00:00,"""DDW36527""",1591044604345
sensor_wifi,44:1c:a8:b1:60:36,b57ed6e1-b480-4063-9d33-e29b2d89ef0d,203RN,02:00:00:00:00:00,"""DDW36527""",1591044664332
sensor_wifi,44:1c:a8:b1:60:36,b57ed6e1-b480-4063-9d33-e29b2d89ef0d,203RN,02:00:00:00:00:00,"""DDW36527""",1591044724303
sensor_wifi,44:1c:a8:b1:60:36,b57ed6e1-b480-4063-9d33-e29b2d89ef0d,203RN,02:00:00:00:00:00,"""DDW36527""",1591044784389
sensor_wifi,44:1c:a8:b1:60:36,b57ed6e1-b480-4063-9d33-e29b2d89ef0d,203RN,02:00:00:00:00:00,"""DDW36527""",1591044844324
sensor_wifi,44:1c:a8:b1:60:36,b57ed6e1-b480-4063-9d33-e29b2d89ef0d,203RN,02:00:00:00:00:00,"""DDW36527""",1591044857335
sensor_wifi,44:1c:a8:b1:60:36,b57ed6e1-b480-4063-9d33-e29b2d89ef0d,203RN,02:00:00:00:00:00,"""DDW36527""",1591044904296
sensor_wifi,44:1c:a8:b1:60:36,b57ed6e1-b480-4063-9d33-e29b2d89ef0d,203RN,02:00:00:00:00:00,"""DDW36527""",1591044964343
sensor_wifi,44:1c:a8:b1:60:36,b57ed6e1-b480-4063-9d33-e29b2d89ef0d,203RN,02:00:00:00:00:00,"""DDW36527""",1591045024293
sensor_wifi,44:1c:a8:b1:60:36,b57ed6e1-b480-4063-9d33-e29b2d89ef0d,203RN,02:00:00:00:00:00,"""DDW36527""",1591045084315
sensor_wifi,44:1c:a8:b1:60:36,b57ed6e1-b480-4063-9d33-e29b2d89ef0d,203RN,02:00:00:00:00:00,"""DDW36527""",1591045697962
sensor_wifi,44:1c:a8:b1:60:36,b57ed6e1-b480-4063-9d33-e29b2d89ef0d,203RN,02:00:00:00:00:00,"""DDW36527""",1591046178459
sensor_wifi,44:1c:a8:b1:60:36,b57ed6e1-b480-4063-9d33-e29b2d89ef0d,203RN,02:00:00:00:00:00,"""DDW36527""",1591046184522
sensor_wifi,44:1c:a8:b1:60:36,b57ed6e1-b480-4063-9d33-e29b2d89ef0d,203RN,02:00:00:00:00:00,"""DDW36527""",1591046244533
sensor_wifi,44:1c:a8:b1:60:36,b57ed6e1-b480-4063-9d33-e29b2d89ef0d,203RN,02:00:00:00:00:00,"""DDW36527""",1591046304532
sensor_wifi,44:1c:a8:b1:60:36,b57ed6e1-b480-4063-9d33-e29b2d89ef0d,203RN,02:00:00:00:00:00,"""DDW36527""",1591046364510
sensor_wifi,44:1c:a8:b1:60:36,b57ed6e1-b480-4063-9d33-e29b2d89ef0d,203RN,02:00:00:00:00:00,"""DDW36527""",1591046424539
sensor_wifi,44:1c:a8:b1:60:36,b57ed6e1-b480-4063-9d33-e29b2d89ef0d,203RN,02:00:00:00:00:00,"""DDW36527""",1591046484535
sensor_wifi,44:1c:a8:b1:60:36,b57ed6e1-b480-4063-9d33-e29b2d89ef0d,203RN,02:00:00:00:00:00,"""DDW36527""",1591046544531
sensor_wifi,44:1c:a8:b1:60:36,b57ed6e1-b480-4063-9d33-e29b2d89ef0d,203RN,02:00:00:00:00:00,"""DDW36527""",1591046604499
sensor_wifi,44:1c:a8:b1:60:36,b57ed6e1-b480-4063-9d33-e29b2d89ef0d,203RN,02:00:00:00:00:00,"""DDW36527""",1591046664522
sensor_wifi,44:1c:a8:b1:60:36,b57ed6e1-b480-4063-9d33-e29b2d89ef0d,203RN,02:00:00:00:00:00,"""DDW36527""",1591046724507
sensor_wifi,44:1c:a8:b1:60:36,b57ed6e1-b480-4063-9d33-e29b2d89ef0d,203RN,02:00:00:00:00:00,"""DDW36527""",1591046784497
sensor_wifi,44:1c:a8:b1:60:36,b57ed6e1-b480-4063-9d33-e29b2d89ef0d,203RN,02:00:00:00:00:00,"""DDW36527""",1591046844502
sensor_wifi,44:1c:a8:b1:60:36,b57ed6e1-b480-4063-9d33-e29b2d89ef0d,203RN,02:00:00:00:00:00,"""DDW36527""",1591046904494
sensor_wifi,44:1c:a8:b1:60:36,b57ed6e1-b480-4063-9d33-e29b2d89ef0d,203RN,02:00:00:00:00:00,"""DDW36527""",1591046960621
sensor_wifi,44:1c:a8:b1:60:36,b57ed6e1-b480-4063-9d33-e29b2d89ef0d,203RN,02:00:00:00:00:00,"""DDW36527""",1591047020585
sensor_wifi,44:1c:a8:b1:60:36,b57ed6e1-b480-4063-9d33-e29b2d89ef0d,203RN,02:00:00:00:00:00,"""DDW36527""",1591047080517
sensor_wifi,44:1c:a8:b1:60:36,b57ed6e1-b480-4063-9d33-e29b2d89ef0d,203RN,02:00:00:00:00:00,"""DDW36527""",1591047140566
sensor_wifi,44:1c:a8:b1:60:36,b57ed6e1-b480-4063-9d33-e29b2d89ef0d,203RN,02:00:00:00:00:00,"""DDW36527""",1591047200505
sensor_wifi,44:1c:a8:b1:60:36,b57ed6e1-b480-4063-9d33-e29b2d89ef0d,203RN,02:00:00:00:00:00,"""DDW36527""",1591047260575
sensor_wifi,44:1c:a8:b1:60:36,b57ed6e1-b480-4063-9d33-e29b2d89ef0d,203RN,02:00:00:00:00:00,"""DDW36527""",1591047320529
sensor_wifi,44:1c:a8:b1:60:36,b57ed6e1-b480-4063-9d33-e29b2d89ef0d,203RN,02:00:00:00:00:00,"""DDW36527""",1591047380539
sensor_wifi,44:1c:a8:b1:60:36,b57ed6e1-b480-4063-9d33-e29b2d89ef0d,203RN,02:00:00:00:00:00,"""DDW36527""",1591047440514
sensor_wifi,44:1c:a8:b1:60:36,b57ed6e1-b480-4063-9d33-e29b2d89ef0d,203RN,02:00:00:00:00:00,"""DDW36527""",1591047500517
sensor_wifi,44:1c:a8:b1:60:36,b57ed6e1-b480-4063-9d33-e29b2d89ef0d,203RN,02:00:00:00:00:00,"""DDW36527""",1591047560758
sensor_wifi,44:1c:a8:b1:60:36,b57ed6e1-b480-4063-9d33-e29b2d89ef0d,203RN,02:00:00:00:00:00,"""DDW36527""",1591047620519
sensor_wifi,44:1c:a8:b1:60:36,b57ed6e1-b480-4063-9d33-e29b2d89ef0d,203RN,02:00:00:00:00:00,"""DDW36527""",1591047680533
sensor_wifi,44:1c:a8:b1:60:36,b57ed6e1-b480-4063-9d33-e29b2d89ef0d,203RN,02:00:00:00:00:00,"""DDW36527""",1591047740569
sensor_wifi,44:1c:a8:b1:60:36,b57ed6e1-b480-4063-9d33-e29b2d89ef0d,203RN,02:00:00:00:00:00,"""DDW36527""",1591047800521
sensor_wifi,44:1c:a8:b1:60:36,b57ed6e1-b480-4063-9d33-e29b2d89ef0d,203RN,02:00:00:00:00:00,"""DDW36527""",1591047860521
sensor_wifi,44:1c:a8:b1:60:36,b57ed6e1-b480-4063-9d33-e29b2d89ef0d,203RN,02:00:00:00:00:00,"""DDW36527""",1591047920506
sensor_wifi,44:1c:a8:b1:60:36,b57ed6e1-b480-4063-9d33-e29b2d89ef0d,203RN,02:00:00:00:00:00,"""DDW36527""",1591047967885
sensor_wifi,44:1c:a8:b1:60:36,b57ed6e1-b480-4063-9d33-e29b2d89ef0d,203RN,02:00:00:00:00:00,"""DDW36527""",1591048027909
sensor_wifi,44:1c:a8:b1:60:36,b57ed6e1-b480-4063-9d33-e29b2d89ef0d,203RN,02:00:00:00:00:00,"""DDW36527""",1591048087891
sensor_wifi,44:1c:a8:b1:60:36,b57ed6e1-b480-4063-9d33-e29b2d89ef0d,203RN,02:00:00:00:00:00,"""DDW36527""",1591048147891
sensor_wifi,44:1c:a8:b1:60:36,b57ed6e1-b480-4063-9d33-e29b2d89ef0d,203RN,02:00:00:00:00:00,"""DDW36527""",1591048207902
sensor_wifi,44:1c:a8:b1:60:36,b57ed6e1-b480-4063-9d33-e29b2d89ef0d,203RN,02:00:00:00:00:00,"""DDW36527""",1591048267901
sensor_wifi,44:1c:a8:b1:60:36,b57ed6e1-b480-4063-9d33-e29b2d89ef0d,203RN,02:00:00:00:00:00,"""DDW36527""",1591048327893
sensor_wifi,44:1c:a8:b1:60:36,b57ed6e1-b480-4063-9d33-e29b2d89ef0d,203RN,02:00:00:00:00:00,"""DDW36527""",1591048387898
sensor_wifi,44:1c:a8:b1:60:36,b57ed6e1-b480-4063-9d33-e29b2d89ef0d,203RN,02:00:00:00:00:00,"""DDW36527""",1591048447858
sensor_wifi,44:1c:a8:b1:60:36,b57ed6e1-b480-4063-9d33-e29b2d89ef0d,203RN,02:00:00:00:00:00,"""DDW36527""",1591048507896
sensor_wifi,44:1c:a8:b1:60:36,b57ed6e1-b480-4063-9d33-e29b2d89ef0d,203RN,02:00:00:00:00:00,"""DDW36527""",1591048567869
sensor_wifi,44:1c:a8:b1:60:36,b57ed6e1-b480-4063-9d33-e29b2d89ef0d,203RN,02:00:00:00:00:00,"""DDW36527""",1591048623108
sensor_wifi,44:1c:a8:b1:60:36,b57ed6e1-b480-4063-9d33-e29b2d89ef0d,203RN,02:00:00:00:00:00,"""DDW36527""",1591048627944
sensor_wifi,44:1c:a8:b1:60:36,b57ed6e1-b480-4063-9d33-e29b2d89ef0d,203RN,02:00:00:00:00:00,"""DDW36527""",1591048688123
sensor_wifi,44:1c:a8:b1:60:36,b57ed6e1-b480-4063-9d33-e29b2d89ef0d,203RN,02:00:00:00:00:00,"""DDW36527""",1591048747996
sensor_wifi,44:1c:a8:b1:60:36,b57ed6e1-b480-4063-9d33-e29b2d89ef0d,203RN,02:00:00:00:00:00,"""DDW36527""",1591049781039
sensor_wifi,44:1c:a8:b1:60:36,b57ed6e1-b480-4063-9d33-e29b2d89ef0d,203RN,02:00:00:00:00:00,"""DDW36527""",1591049787869
sensor_wifi,44:1c:a8:b1:60:36,b57ed6e1-b480-4063-9d33-e29b2d89ef0d,203RN,02:00:00:00:00:00,"""DDW36527""",1591049847870
sensor_wifi,44:1c:a8:b1:60:36,b57ed6e1-b480-4063-9d33-e29b2d89ef0d,203RN,02:00:00:00:00:00,"""DDW36527""",1591049907906
sensor_wifi,44:1c:a8:b1:60:36,b57ed6e1-b480-4063-9d33-e29b2d89ef0d,203RN,02:00:00:00:00:00,"""DDW36527""",1591049967876
sensor_wifi,44:1c:a8:b1:60:36,b57ed6e1-b480-4063-9d33-e29b2d89ef0d,203RN,02:00:00:00:00:00,"""DDW36527""",1591050027883
sensor_wifi,44:1c:a8:b1:60:36,b57ed6e1-b480-4063-9d33-e29b2d89ef0d,203RN,02:00:00:00:00:00,"""DDW36527""",1591050087881
sensor_wifi,44:1c:a8:b1:60:36,b57ed6e1-b480-4063-9d33-e29b2d89ef0d,203RN,02:00:00:00:00:00,"""DDW36527""",1591050091615
sensor_wifi,44:1c:a8:b1:60:36,b57ed6e1-b480-4063-9d33-e29b2d89ef0d,203RN,02:00:00:00:00:00,"""DDW36527""",1591050141570
sensor_wifi,44:1c:a8:b1:60:36,b57ed6e1-b480-4063-9d33-e29b2d89ef0d,203RN,02:00:00:00:00:00,"""DDW36527""",1591050147828
sensor_wifi,44:1c:a8:b1:60:36,b57ed6e1-b480-4063-9d33-e29b2d89ef0d,203RN,02:00:00:00:00:00,"""DDW36527""",1591050207950
sensor_wifi,44:1c:a8:b1:60:36,b57ed6e1-b480-4063-9d33-e29b2d89ef0d,203RN,02:00:00:00:00:00,"""DDW36527""",1591050267943
sensor_wifi,44:1c:a8:b1:60:36,b57ed6e1-b480-4063-9d33-e29b2d89ef0d,203RN,02:00:00:00:00:00,"""DDW36527""",1591050327914
sensor_wifi,44:1c:a8:b1:60:36,b57ed6e1-b480-4063-9d33-e29b2d89ef0d,203RN,02:00:00:00:00:00,"""DDW36527""",1591050387915
sensor_wifi,44:1c:a8:b1:60:36,b57ed6e1-b480-4063-9d33-e29b2d89ef0d,203RN,02:00:00:00:00:00,"""DDW36527""",1591050447839
sensor_wifi,44:1c:a8:b1:60:36,b57ed6e1-b480-4063-9d33-e29b2d89ef0d,203RN,02:00:00:00:00:00,"""DDW36527""",1591050464907
sensor_wifi,44:1c:a8:b1:60:36,b57ed6e1-b480-4063-9d33-e29b2d89ef0d,203RN,02:00:00:00:00:00,"""DDW36527""",1591050507869
sensor_wifi,44:1c:a8:b1:60:36,b57ed6e1-b480-4063-9d33-e29b2d89ef0d,203RN,02:00:00:00:00:00,"""DDW36527""",1591050567927
sensor_wifi,44:1c:a8:b1:60:36,b57ed6e1-b480-4063-9d33-e29b2d89ef0d,203RN,02:00:00:00:00:00,"""DDW36527""",1591050627915
sensor_wifi,44:1c:a8:b1:60:36,b57ed6e1-b480-4063-9d33-e29b2d89ef0d,203RN,02:00:00:00:00:00,"""DDW36527""",1591050688006
sensor_wifi,44:1c:a8:b1:60:36,b57ed6e1-b480-4063-9d33-e29b2d89ef0d,203RN,02:00:00:00:00:00,"""DDW36527""",1591050748553
sensor_wifi,44:1c:a8:b1:60:36,b57ed6e1-b480-4063-9d33-e29b2d89ef0d,203RN,02:00:00:00:00:00,"""DDW36527""",1591050807897
sensor_wifi,44:1c:a8:b1:60:36,b57ed6e1-b480-4063-9d33-e29b2d89ef0d,203RN,02:00:00:00:00:00,"""DDW36527""",1591050867872
sensor_wifi,44:1c:a8:b1:60:36,b57ed6e1-b480-4063-9d33-e29b2d89ef0d,203RN,02:00:00:00:00:00,"""DDW36527""",1591050927838
sensor_wifi,44:1c:a8:b1:60:36,b57ed6e1-b480-4063-9d33-e29b2d89ef0d,203RN,02:00:00:00:00:00,"""DDW36527""",1591050988259
sensor_wifi,44:1c:a8:b1:60:36,b57ed6e1-b480-4063-9d33-e29b2d89ef0d,203RN,02:00:00:00:00:00,"""DDW36527""",1591051047957
sensor_wifi,44:1c:a8:b1:60:36,b57ed6e1-b480-4063-9d33-e29b2d89ef0d,203RN,02:00:00:00:00:00,"""DDW36527""",1591051108258
sensor_wifi,44:1c:a8:b1:60:36,b57ed6e1-b480-4063-9d33-e29b2d89ef0d,203RN,02:00:00:00:00:00,"""DDW36527""",1591051167883
sensor_wifi,44:1c:a8:b1:60:36,b57ed6e1-b480-4063-9d33-e29b2d89ef0d,203RN,02:00:00:00:00:00,"""DDW36527""",1591051227853
sensor_wifi,44:1c:a8:b1:60:36,b57ed6e1-b480-4063-9d33-e29b2d89ef0d,203RN,02:00:00:00:00:00,"""DDW36527""",1591051287916
sensor_wifi,44:1c:a8:b1:60:36,b57ed6e1-b480-4063-9d33-e29b2d89ef0d,203RN,02:00:00:00:00:00,"""DDW36527""",1591051347849
sensor_wifi,44:1c:a8:b1:60:36,b57ed6e1-b480-4063-9d33-e29b2d89ef0d,203RN,02:00:00:00:00:00,"""DDW36527""",1591051407882
sensor_wifi,44:1c:a8:b1:60:36,b57ed6e1-b480-4063-9d33-e29b2d89ef0d,203RN,02:00:00:00:00:00,"""DDW36527""",1591051467921
sensor_wifi,44:1c:a8:b1:60:36,b57ed6e1-b480-4063-9d33-e29b2d89ef0d,203RN,02:00:00:00:00:00,"""DDW36527""",1591051527869
sensor_wifi,44:1c:a8:b1:60:36,b57ed6e1-b480-4063-9d33-e29b2d89ef0d,203RN,02:00:00:00:00:00,"""DDW36527""",1591051568233
sensor_wifi,44:1c:a8:b1:60:36,b57ed6e1-b480-4063-9d33-e29b2d89ef0d,203RN,02:00:00:00:00:00,"""DDW36527""",1591051628239
sensor_wifi,44:1c:a8:b1:60:36,b57ed6e1-b480-4063-9d33-e29b2d89ef0d,203RN,02:00:00:00:00:00,"""DDW36527""",1591051688271
sensor_wifi,44:1c:a8:b1:60:36,b57ed6e1-b480-4063-9d33-e29b2d89ef0d,203RN,02:00:00:00:00:00,"""DDW36527""",1591051748272
sensor_wifi,44:1c:a8:b1:60:36,b57ed6e1-b480-4063-9d33-e29b2d89ef0d,203RN,02:00:00:00:00:00,"""DDW36527""",1591051808227
sensor_wifi,44:1c:a8:b1:60:36,b57ed6e1-b480-4063-9d33-e29b2d89ef0d,203RN,02:00:00:00:00:00,"""DDW36527""",1591051868300
sensor_wifi,44:1c:a8:b1:60:36,b57ed6e1-b480-4063-9d33-e29b2d89ef0d,203RN,02:00:00:00:00:00,"""DDW36527""",1591051928260
sensor_wifi,44:1c:a8:b1:60:36,b57ed6e1-b480-4063-9d33-e29b2d89ef0d,203RN,02:00:00:00:00:00,"""DDW36527""",1591051988253
sensor_wifi,44:1c:a8:b1:60:36,b57ed6e1-b480-4063-9d33-e29b2d89ef0d,203RN,02:00:00:00:00:00,"""DDW36527""",1591052048240
sensor_wifi,44:1c:a8:b1:60:36,b57ed6e1-b480-4063-9d33-e29b2d89ef0d,203RN,02:00:00:00:00:00,"""DDW36527""",1591052108232
sensor_wifi,44:1c:a8:b1:60:36,b57ed6e1-b480-4063-9d33-e29b2d89ef0d,203RN,02:00:00:00:00:00,"""DDW36527""",1591052168178
sensor_wifi,44:1c:a8:b1:60:36,b57ed6e1-b480-4063-9d33-e29b2d89ef0d,203RN,02:00:00:00:00:00,"""DDW36527""",1591052228233
sensor_wifi,44:1c:a8:b1:60:36,b57ed6e1-b480-4063-9d33-e29b2d89ef0d,203RN,02:00:00:00:00:00,"""DDW36527""",1591052288259
sensor_wifi,44:1c:a8:b1:60:36,b57ed6e1-b480-4063-9d33-e29b2d89ef0d,203RN,02:00:00:00:00:00,"""DDW36527""",1591053478807
sensor_wifi,44:1c:a8:b1:60:36,b57ed6e1-b480-4063-9d33-e29b2d89ef0d,203RN,02:00:00:00:00:00,"""DDW36527""",1591053486780
sensor_wifi,44:1c:a8:b1:60:36,b57ed6e1-b480-4063-9d33-e29b2d89ef0d,203RN,02:00:00:00:00:00,"""DDW36527""",1591053547066
sensor_wifi,44:1c:a8:b1:60:36,b57ed6e1-b480-4063-9d33-e29b2d89ef0d,203RN,02:00:00:00:00:00,"""DDW36527""",1591053606481
sensor_wifi,44:1c:a8:b1:60:36,b57ed6e1-b480-4063-9d33-e29b2d89ef0d,203RN,02:00:00:00:00:00,"""DDW36527""",1591053666542
sensor_wifi,44:1c:a8:b1:60:36,b57ed6e1-b480-4063-9d33-e29b2d89ef0d,203RN,02:00:00:00:00:00,"""DDW36527""",1591053726481
sensor_wifi,44:1c:a8:b1:60:36,b57ed6e1-b480-4063-9d33-e29b2d89ef0d,203RN,02:00:00:00:00:00,"""DDW36527""",1591053786441
sensor_wifi,44:1c:a8:b1:60:36,b57ed6e1-b480-4063-9d33-e29b2d89ef0d,203RN,02:00:00:00:00:00,"""DDW36527""",1591053846571
sensor_wifi,44:1c:a8:b1:60:36,b57ed6e1-b480-4063-9d33-e29b2d89ef0d,203RN,02:00:00:00:00:00,"""DDW36527""",1591053906522
sensor_wifi,44:1c:a8:b1:60:36,b57ed6e1-b480-4063-9d33-e29b2d89ef0d,203RN,02:00:00:00:00:00,"""DDW36527""",1591053966495
sensor_wifi,44:1c:a8:b1:60:36,b57ed6e1-b480-4063-9d33-e29b2d89ef0d,203RN,02:00:00:00:00:00,"""DDW36527""",1591054026469
sensor_wifi,44:1c:a8:b1:60:36,b57ed6e1-b480-4063-9d33-e29b2d89ef0d,203RN,02:00:00:00:00:00,"""DDW36527""",1591054086497
sensor_wifi,44:1c:a8:b1:60:36,b57ed6e1-b480-4063-9d33-e29b2d89ef0d,203RN,02:00:00:00:00:00,"""DDW36527""",1591054146496
sensor_wifi,44:1c:a8:b1:60:36,b57ed6e1-b480-4063-9d33-e29b2d89ef0d,203RN,02:00:00:00:00:00,"""DDW36527""",1591054206691
sensor_wifi,44:1c:a8:b1:60:36,b57ed6e1-b480-4063-9d33-e29b2d89ef0d,203RN,02:00:00:00:00:00,"""DDW36527""",1591054266463
sensor_wifi,44:1c:a8:b1:60:36,b57ed6e1-b480-4063-9d33-e29b2d89ef0d,203RN,02:00:00:00:00:00,"""DDW36527""",1591054326310
sensor_wifi,44:1c:a8:b1:60:36,b57ed6e1-b480-4063-9d33-e29b2d89ef0d,203RN,02:00:00:00:00:00,"""DDW36527""",1591054386354
sensor_wifi,44:1c:a8:b1:60:36,b57ed6e1-b480-4063-9d33-e29b2d89ef0d,203RN,02:00:00:00:00:00,"""DDW36527""",1591054446344
sensor_wifi,44:1c:a8:b1:60:36,b57ed6e1-b480-4063-9d33-e29b2d89ef0d,203RN,02:00:00:00:00:00,"""DDW36527""",1591054506405
sensor_wifi,44:1c:a8:b1:60:36,b57ed6e1-b480-4063-9d33-e29b2d89ef0d,203RN,02:00:00:00:00:00,"""DDW36527""",1591054566304
sensor_wifi,44:1c:a8:b1:60:36,b57ed6e1-b480-4063-9d33-e29b2d89ef0d,203RN,02:00:00:00:00:00,"""DDW36527""",1591054626322
sensor_wifi,44:1c:a8:b1:60:36,b57ed6e1-b480-4063-9d33-e29b2d89ef0d,203RN,02:00:00:00:00:00,"""DDW36527""",1591054636942
sensor_wifi,44:1c:a8:b1:60:36,b57ed6e1-b480-4063-9d33-e29b2d89ef0d,203RN,02:00:00:00:00:00,"""DDW36527""",1591054686346
sensor_wifi,44:1c:a8:b1:60:36,b57ed6e1-b480-4063-9d33-e29b2d89ef0d,203RN,02:00:00:00:00:00,"""DDW36527""",1591054746369
sensor_wifi,44:1c:a8:b1:60:36,b57ed6e1-b480-4063-9d33-e29b2d89ef0d,203RN,02:00:00:00:00:00,"""DDW36527""",1591054806319
sensor_wifi,44:1c:a8:b1:60:36,b57ed6e1-b480-4063-9d33-e29b2d89ef0d,203RN,02:00:00:00:00:00,"""DDW36527""",1591054866318
sensor_wifi,44:1c:a8:b1:60:36,b57ed6e1-b480-4063-9d33-e29b2d89ef0d,203RN,02:00:00:00:00:00,"""DDW36527""",1591054926307
sensor_wifi,44:1c:a8:b1:60:36,b57ed6e1-b480-4063-9d33-e29b2d89ef0d,203RN,02:00:00:00:00:00,"""DDW36527""",1591054986304
sensor_wifi,44:1c:a8:b1:60:36,b57ed6e1-b480-4063-9d33-e29b2d89ef0d,203RN,02:00:00:00:00:00,"""DDW36527""",1591055046312
sensor_wifi,44:1c:a8:b1:60:36,b57ed6e1-b480-4063-9d33-e29b2d89ef0d,203RN,02:00:00:00:00:00,"""DDW36527""",1591055106309
sensor_wifi,44:1c:a8:b1:60:36,b57ed6e1-b480-4063-9d33-e29b2d89ef0d,203RN,02:00:00:00:00:00,"""DDW36527""",1591055166318
sensor_wifi,44:1c:a8:b1:60:36,b57ed6e1-b480-4063-9d33-e29b2d89ef0d,203RN,02:00:00:00:00:00,"""DDW36527""",1591055226302
sensor_wifi,44:1c:a8:b1:60:36,b57ed6e1-b480-4063-9d33-e29b2d89ef0d,203RN,02:00:00:00:00:00,"""DDW36527""",1591055288278
sensor_wifi,44:1c:a8:b1:60:36,b57ed6e1-b480-4063-9d33-e29b2d89ef0d,203RN,02:00:00:00:00:00,"""DDW36527""",1591055348369
sensor_wifi,44:1c:a8:b1:60:36,b57ed6e1-b480-4063-9d33-e29b2d89ef0d,203RN,02:00:00:00:00:00,"""DDW36527""",1591055408297
sensor_wifi,44:1c:a8:b1:60:36,b57ed6e1-b480-4063-9d33-e29b2d89ef0d,203RN,02:00:00:00:00:00,"""DDW36527""",1591055468331
sensor_wifi,44:1c:a8:b1:60:36,b57ed6e1-b480-4063-9d33-e29b2d89ef0d,203RN,02:00:00:00:00:00,"""DDW36527""",1591055528317
sensor_wifi,44:1c:a8:b1:60:36,b57ed6e1-b480-4063-9d33-e29b2d89ef0d,203RN,02:00:00:00:00:00,"""DDW36527""",1591055588273
sensor_wifi,44:1c:a8:b1:60:36,b57ed6e1-b480-4063-9d33-e29b2d89ef0d,203RN,02:00:00:00:00:00,"""DDW36527""",1591055648361
sensor_wifi,44:1c:a8:b1:60:36,b57ed6e1-b480-4063-9d33-e29b2d89ef0d,203RN,02:00:00:00:00:00,"""DDW36527""",1591055708371
sensor_wifi,44:1c:a8:b1:60:36,b57ed6e1-b480-4063-9d33-e29b2d89ef0d,203RN,02:00:00:00:00:00,"""DDW36527""",1591055768314
sensor_wifi,44:1c:a8:b1:60:36,b57ed6e1-b480-4063-9d33-e29b2d89ef0d,203RN,02:00:00:00:00:00,"""DDW36527""",1591055828300
